0
0.3108156
0.2538041
0.1726377
0.1479918
0
0.1267754
0.1316395
0.1193687
    
0.2356907
0.2381948
0.2318365
0.2345703
0.1801042
0
0.1552292
0.138289
0.141814
    
0.3358305
0.2579372
0.1952341
0.1526369
0.1388343
0
0.139762
0.1131816
0.1062439
    
0.2581762
0.2545612
0.2161015
0.2081064
0.1808623
0
0.1484987
0.1118473
0.08419095
    
0.2507624
0
0.2404159
0.2023639
0.2168565
0.1955811
0
0.1736691
0.1622329
    
0.2497262
0.2396469
0
0.2016451
0.1928453
0.1791378
0.1622061
0
0.1585741
    
0
0.1708948
0.1655536
0.1783487
0.1889733
0
0.1546627
0.14282
0.1341602
    
0.244934
0.2232136
0.2122355
0
0.2150455
0.1830437
0.1700052
0.1530698
0
    
0.2079919
0.222142
0.2218349
0.185211
0
0.1462899
0.1309427
0.148597
0.1597393
    
0.2572918
0.2432307
0.1963145
0
0.1932491
0.1720826
0.1629159
0.1447068
0
    
0.3145221
0.2518296
0.2268144
0
0.186472
0.1870686
0.1713235
0.1744438
0
    
0.3170509
0.2771115
0.2376279
0
0.2019837
0.1869357
0.1674256
0.1822975
0
    
0.2270902
0.2120534
0
0.2099294
0.2064476
0.1623996
0.1469406
0.1504383
0
    
0.2820201
0
0.2633226
0.2449524
0.2043312
0.1865872
0
0.1591038
0.1467566
    
0.3152271
0.25501
0
0.2826963
0.2251674
0.219752
0.1659762
0
0.1427242
    
0.2131672
0.2096035
0.2110322
0.1931297
0
0.1922564
0.1664563
0.1505181
0.1402105
    
0.2072861
0.2017106
0.1823047
0.1631637
0
0.1565152
0.1453805
0.1394087
0.1394052
    
0.3172762
0.2608067
0.2265168
0.2265888
0
0.2248003
0.1821563
0.1746677
0.1621103
    
0.2330042
0
0.2016589
0.1818074
0.1770522
0.1855882
0
0.1727674
0.1739383
    
0.2553843
0.1962125
0.1868918
0.1858118
0
0.1855538
0.1690025
0.1448854
0.1495675
    
0.2448855
0.1796794
0
0.1687898
0.1767073
0.1670815
0.1518992
0
0.1432241
    
0.3366625
0.2370474
0.2098243
0.178863
0.1703721
0
0.1948379
0.1748668
0.1655314
    
0.3022708
0.3145021
0.2481417
0
0.2099073
0.2268031
0.2009251
0.220451
0
    
0.1992616
0.2150525
0
0.2055036
0.1987117
0.2001101
0.1860955
0
0.17514
    
0
0.3018914
0.2551425
0.2296633
0.2091644
0
0.1866511
0.1488755
0.1449853
    
0
0.2867267
0.2117967
0.2089326
0
0.1675975
0.158564
0.1411812
0.1361582
    
0.2698701
0.2227135
0
0.2336697
0.2364552
0.2003805
0.1730253
0
0.1529053
    
0.2875611
0
0.2692638
0.2400596
0.2309397
0.2338494
0
0.2181672
0.2090592
    
0.3475509
0
0.2495649
0.2461929
0.1958782
0.1819457
0.1985691
0
0.1736741
    
0.2958311
0.2497733
0.2067888
0.1902463
0
0.1897601
0.1676613
0.1670915
0.1634877
    
0.2548254
0
0.2534297
0.2455315
0.1940495
0.1807462
0
0.1765176
0.1724834
    
0.2752588
0.2575411
0.2226759
0
0.2183432
0.2147145
0.208657
0.1960699
0
    
0.3002523
0
0.2970095
0.266173
0.2517052
0.2579834
0
0.226451
0.2034729
    
0.3255818
0.2913161
0.2515576
0.2272359
0
0.2327581
0.2342741
0.2255517
0.2057149
    
0
0.2715617
0.2389936
0.2080731
0.1839731
0
0.1790043
0.1530292
0.1559457
    
0.2617704
0.1463601
0.1051832
0
0.1505898
0.2034943
0.1870157
0.1901805
0
    
0.2631379
0.2586974
0.2166169
0
0.1599243
0.1334779
0.1660209
0.1638572
0
    
0.2206374
0.2108815
0.194336
0.1955761
0
0.2013823
0.212981
0.1770794
0.1684946
    
0.2811248
0.2687398
0
0.2865809
0.4277624
0.4371018
0.319739
0.1789026
0
    
0.3072993
0.329983
0
0.2758133
0.2988813
0.2550914
0.2147969
0
0.1988563
    
0.3288275
0.2593728
0
0.2372357
0.1970985
0.2019308
0.2098369
0
0.2120286
    
0.3293301
0.3378387
0.3092471
0.2555838
0
0.2148023
0.2243389
0.2018923
0
    
0
0.2771389
0.2150497
0.2053469
0.205875
0
0.2061253
0.1842209
0.1560524
    
0.2465311
0.2010448
0.1995464
0.1835483
0
0.1994264
0.1571569
0.1539755
0.1468805
    
0.2507491
0.217699
0
0.1960088
0.1897273
0.168753
0.1651819
0
0.1746757
    
0.3483195
0.2251028
0
0.2159557
0.2317797
0.1889506
0.1761526
0
0.1648709
    
0.3202752
0.2556488
0
0.282573
0.2549084
0.2344396
0.2038483
0
0.2096168
    
0.3266097
0.2479327
0.2637139
0.2350672
0
0.2249326
0.1693119
0.1750646
0.1613788
    
0.2562599
0.2468378
0.209714
0
0.1976694
0.1434066
0.1330767
0
0.153311
    
0.2438888
0.2147658
0.2439303
0
0.2144382
0.2053515
0.65759
0.1664746
0
    
0.3319668
0
0.2907736
0.3022891
0.2231346
0.2356491
0
0.2264712
0.1823459
    
0.3546215
0.3809485
0.3036824
0.2572049
0
0.2077993
0.2016162
0.1767882
0.1738835
    
0
0.2680727
0.2548406
0.2447443
0
0.2257976
0.2142198
0.166355
0.1404555
    
0.2686583
0
0.2574814
0.2526668
0.2399258
0.1964573
0
0.1941285
0.1816843
    
0.3028422
0
0.3189474
0.2356679
0.2345023
0.2209142
0
0.1916106
0.1840073
    
0.3138519
0.2719783
0
0.2313297
0.2119049
0.2035083
0.2124005
0
0.1735679
    
0
0.2906761
0.248268
0.2253488
0.1967564
0
0.1690734
0.1738493
0.2018194
    
0.232148
0.204187
0.2199655
0.2516835
0
0.2575766
0.2036066
0.1719842
0.1623667
    
0.3010097
0.2476801
0
0.2106344
0.1898061
0.2034378
0.205827
0.1855955
0
    
0.2997078
0
0.2551782
0.2091924
0.2259098
0.2255331
0
0.2165109
0.1859372
    
0.3338891
0
0.3308327
0.2897601
0.2823558
0.1955327
0
0.1984904
0.1941037
    
0.3188528
0
0.2813264
0.2368313
0.1946727
0.1835174
0
0.1585863
0.1550666
    
0.2931701
0.2836409
0.2392418
0.2466446
0
0.2525762
0.2329265
0.2218872
0.183277
    
0
0.2742393
0.2290748
0.2145243
0.1792456
0
0.1710871
0.1813521
0.189205
    
0.2712927
0.2827453
0
0.305585
0.2707893
0.2353505
0
0.2224113
0.1994244
    
0.3013442
0.297263
0.2761614
0
0.25677
0.2727616
0.2609578
0.2500502
0
    
0.3013471
0.2726643
0.2442313
0.2208934
0
0.2136675
0.2120969
0.2021184
0.1776696
    
0.4447462
0.3406822
0.3100248
0.2871392
0
0.2307689
0.2259081
0.2225982
0.1879394
    
0.3283647
0.3076309
0.2811722
0.2618547
0
0.2306059
0.2503207
0.2214729
0.2162281
    
0.3175759
0
0.3137134
0.3121343
0.2668456
0.2432039
0
0.1898896
0.1762655
    
0.4259725
0.4456058
0
0.3647357
0.3690533
0.3122313
0.3018474
0
0.2820516
    
0.4760986
0.4630745
0.3999639
0.3215865
0
0.280235
0.256466
0.2537605
0.2016818
    
0.3911912
0.3529102
0.307947
0
0.2810811
0.2503171
0.2151134
0.2100777
0
    
0.3569502
0.3654062
0.3278124
0.3384099
0
0.2700093
0.2510124
0.2189074
0.1938287
    
0.3441063
0.3119895
0.2894598
0
0.2845942
0.2959286
0.2479087
0.2647199
0
    
0.3010936
0.3188632
0
0.3072549
0.2719028
0.2531289
0.2132309
0
0.2251621
    
0.389118
0.3566841
0
0.3335504
0.2926709
0.2609999
0.2391732
0.2407377
0
    
0.3233924
0
0.2812827
0.2639601
0.2599422
0
0.2691284
0.2327467
0.2252697
    
0.3007357
0
0.3323385
0.3159676
0.2780326
0.2636637
0
0.2167395
0.2141888
    
0
0.3180831
0.2734631
0.2792424
0.2684956
0
0.2299329
0.2190135
0.1934348
    
0.2821187
0.2644136
0
0.2629438
0.267355
0.2771164
0.2315234
0
0.2161965
    
0.3770032
0
0.3258171
0.3208374
0.2900423
0.2465573
0
0.2290964
0.2238937
    
0
0.3083298
0.2374014
0.2254998
0.2384447
0
0.2474298
0.2341437
0.2003109
    
0.3887768
0.322827
0.2834608
0.2636409
0
0.2205147
0.2266919
0.2080271
0.2194588
    
0.2987424
0.3168449
0.3015998
0
0.2743985
0.2544801
0.2529965
0.2073568
0
    
0.3616672
2.621379
0
0.0252064
0.02220539
0.03390547
0.03153983
0
0.01804451
    
0.7480496
0.369252
0.3922058
0.3027097
0
0.2785604
0.2745382
0.2339666
0
    
0.3643264
0.3232237
0.3057323
0
0.3256139
0.2983522
0.2909076
0.2643166
0
    
0.3307893
0.2907235
0
0.2622409
0.2909208
0.2606963
0.25226
0
0.2241435
    
0
0.3939964
0.3729542
0.3211763
0.2690167
0
0.234652
0.2184311
0.2152855
    
0.3918409
0.3578419
0
0.3246419
0.3088631
0.272332
0.247784
0
0.2304285
    
0.3187309
0
0.3639159
0.3178037
0.2763839
0.2380406
0
0.2013735
0.1876141
    
0.3373792
0.3255774
0
0.3215097
0.3014675
0.2998394
0.24286
0
0.2475835
    
0.3431194
0.2994
0.3186603
0
0.2886543
0.2891881
0.2208879
0.1986084
0.1760978
    
0.4119197
0
0.3814596
0.3188021
0.3122573
0.2649706
0
0.2750299
0.2287304
    
0.4059913
0.3825454
0.3605217
0.3168676
0
0.3203908
0.2857948
0.2591918
0.2226886
    
0.2069802
0.3253879
0.3082719
0
0.2842374
0.2907467
0.2362904
0.2284164
0
    
0.396686
0.3466509
0.3054584
0.3089994
0
0.2989294
0.2670929
0.2306319
0.2109049
    
/n
0
0.2808892
0.3005889
0.2373399
0.2501451
0
0.2311222
0.1929683
0.1887476
    
0.3374592
0.2994712
0
0.299165
0.2564463
0.2526953
0
0.2448383
0.2360334
    
0.3234338
0.2603321
0.2455043
0.2553228
0
0.3006107
0.2561514
0.2460232
0.2362814
    
0.2137547
0.1800397
0.2333828
0.2227476
0
0.2249418
0.2071964
0.1752262
0.1752814
    
0.3161085
0
0.2954681
0.2937369
0.2795124
0.2331198
0
0.1760127
0.1526047
    
0.4015263
0
0.2835875
0.2454187
0.2556597
0.2337088
0
0.2471456
0.2260586
    
0.2696398
0
0.2517236
0.264691
0.2469249
0.2013736
0
0.1908415
0.1803632
    
0.3204148
0.3051521
0.3025889
0.2809038
0
0.2706019
0.254399
0.2404983
0.2192551
    
0.3405882
0.395115
0.3968321
0.2827905
0
0.2467307
0.2294692
0.2253428
0.2182342
    
0.2928892
0.2707865
0.2774814
0
0.2352424
0.2304669
0.2062049
0.2118076
0
    
0.2956659
0.2792182
0
0.2695185
0.2332217
0.2368299
0.2153224
0
0.2120637
    
0.3304835
0.3191669
0
0.2898339
0.2589909
0.2292756
0.2160891
0
0.2119871
    
0.3501063
0.3075613
0.2790064
0
0.2717866
0.2547608
0.2286264
0.2137214
0
    
0
0.3331617
0.3157995
0.3060693
0.2447979
0
0.2310951
0.2398852
0.1993183
    
0.3123787
0.2843547
0.2562748
0.2490234
0
0.2515933
0.1908767
0.1835407
0.1773579
    
0.282332
0.2694739
0.2186408
0.2045945
0
0.2103977
0.2519604
0.2344149
0.2127012
    
0.2918051
0.2688888
0.256817
0.2467842
0
0.235998
0.2263399
0.2183711
0.2009866
    
0.339604
0.3639654
0.3465056
0
0.3007258
0.2396105
0.2241146
0
0.2258803
    
0.2921602
0
0.2885372
0.3023626
0.2537076
0.2363469
0
0.2115653
0.1978747
    
0.3198311
0.2823039
0
0.2658874
0.242358
0.239715
0.2213941
0
0.2204076
    
0.3165027
0
0.2734735
0.2684191
0.2311374
0
0.1891879
0.1703865
0.1726338
    
0.3778856
0
0.3061427
0.3052236
0.2957961
0.2630197
0
0.2240854
0.2101097
    
0.3579029
0.3591112
0
0.3083301
0.2933593
0.2725218
0.2503507
0
0.227611
    
0
0.28964
0.3184022
0.2799037
0.2634398
0
0.2401994
0.227017
0.2159778
    
0.3022804
0.2766534
0
0.268932
0.2515593
0.2499942
0.2210433
0
0.2113804
    
0.3252378
0
0.2861423
0.2750011
0.2684536
0.2489022
0
0.230235
0.2292759
    
0.2931356
0.2502694
0.2165695
0.2113582
0
0.2517448
0.2505716
0.2604456
0.2536024
    
0.2778548
0.2772727
0.2982543
0
0.2579762
0.2482604
0.2126531
0.203272
0
    
0.2767217
0.231683
0.2267454
0
0.2664873
0.261949
0.2588111
0.236783
0
    
0.3025824
0
0.2942185
0.291753
0.2974698
0.2692318
0
0.2746248
0.2680218
    
0.3696118
0.3386859
0.321771
0.3055673
0
0.3004431
0.2802235
0.2899603
0.2535783
    
0.3732712
0.3466226
0.290001
0
0.2835342
0.2881007
0.2833221
0.2770359
0
    
0.289539
0
0.3278112
0.286033
0.3170122
0.2546593
0
0.2216341
0.2026802
    
0.3291297
0
0.3120663
0.3000361
0.2984641
0.2880621
0
0.2638552
0.2264605
    
0.2944382
0
0.2692748
0.2808547
0.2607224
0.2742937
0.2475855
0
0.2422273
    
0.3888686
0.3467811
0.3056203
0.2853034
0
0.2865718
0.263324
0.2586204
0.2263354
    
0.2822491
0
0.2690657
0.2814382
0.2339366
0.2221506
0
0.2143726
0.2084056
    
0.2980451
0.3038171
0.3027522
0.2928425
0
0.2672416
0.2694328
0.2388846
0
    
0.2837688
0.2810655
0.260468
0.2124364
0
0.2276894
0.2033253
0.2040293
0.1980393
    
0.3091056
0.2952787
0
0.2765284
0.2966571
0.25482
0.2510206
0
0.1958684
    
0.2561998
0.241575
0.2077702
0.204315
0
0.2081995
0.2268988
0.2018703
0.1926788
    
0.2965272
0.2988005
0
0.2987716
0.245372
0.238071
0.2225863
0
0.2216027
    
0.2913941
0.3185585
0
0.2925488
0.297206
0.2600614
0.2383101
0
0.2600937
    
0.3198168
0.2953334
0.3013236
0
0.2746004
0.265602
0.231689
0.2360788
0
    
0.3291901
0.3368605
0
0.2969784
0.2200891
0.2098064
0
0.2016824
0.1715567
    
0.3121365
0.2990284
0
0.2995959
0.2502693
0.2187994
0.2174631
0
0.2013405
    
0.2719865
0.2661539
0
0.2773136
0.2697441
0.269401
0.2638687
0
0.2527727
    
0.2971847
0
0.278679
0.2687058
0.2499716
0
0.2320011
0.2169458
0.1997762
    
0.333723
0.3219161
0.2693704
0
0.2502682
0.2572402
0.245226
0.2127676
0
    
0.2597854
0.267241
0
0.2574862
0.2788021
0.2783924
0.2694961
0
0.2708815
    
0.3031801
0.2938288
0.2896682
0.281256
0
0.2634062
0.2285826
0.2224626
0.1915635
    
0.3189391
0
0.3075986
0.2843087
0.2471597
0.216188
0
0.2042438
0.1910178
    
0
0.3323458
0.3131783
0.2926359
0.2485863
0
0.2416157
0.2280029
0.2204327
    
0.3655059
0.3929704
0.3509154
0
0.3054385
0.253327
0.249883
0.2218848
0
    
0.3046646
0.2794466
0
0.2757713
0.2496151
0.2300305
0.2259629
0
0.2217546
    
0.3199198
0.2978227
0.3019969
0.3029154
0
0.2727457
0.2704569
0.2417135
0.2370354
    
0.2298518
0.241527
0.232781
0.2288402
0
0.2161073
0.2145247
0.211349
0
    
0.319664
0.291062
0
0.2795178
0.2392075
0.2244116
0.2130353
0
0.2208183
    
0.2746515
0.2943447
0
0.3208002
0.2812924
0.2642842
0.2176305
0
0.2036349
    
0.2799155
0
0.2709049
0.2800468
0.268659
0.2863474
0
0.260092
0.2588778
    
0.3510441
0
0.3415087
0.3251909
0.3008856
0.27507
0
0.2539402
0.2283192
    
0.3338882
0.3494389
0.2930414
0
0.2459711
0.236753
0.2149043
0.2082766
0
    
0.3919463
0
0.3618996
0.3241735
0.3221528
0.2762159
0
0.2473456
0.2182886
    
0.1916772
0.3018917
0
0.2870812
0.2837362
0.2378126
0.2189984
0
0.197076
    
0.3023196
0.285577
0.2959023
0.3266247
0
0.3021025
0.2818442
0.2661088
0.2122736
    
0.3120425
0.3102392
0
0.2933187
0.2740788
0.2627573
0.228055
0
0.2160615
    
0.3812693
0.2844156
0
0.2758588
0.2606819
0.262711
0.2236568
0
0.2118385
    
0.3598149
0.4093238
0.3558166
0.2999623
0
0.2561671
0.2389041
0.2254481
0.2120769
    
0.3226537
0.2922834
0
0.298092
0.2431024
0.2361552
0.2250913
0
0.2018293
    
0.32883
0
0.326273
0.2800609
0.2720308
0.2554265
0
0.2335312
0.2158276
    
0.3111645
0.3053796
0.2796598
0
0.2168758
0.1810977
0.2241756
0.2194368
0
    
0.3442706
0.3532439
0.3331863
0
0.2948008
0.2709632
0.24275
0
0.2526572
    
0.2650457
0
0.2688595
0.2361096
0.2245584
0.2030933
0
0.1886855
0.1838585
    
0.3387442
0.2930229
0.2677812
0.2570405
0
0.2195154
0.2111977
0.2035166
0.2043049
    
0
0.3337344
0.2595401
0.2464979
0.2515742
0
0.2158322
0.2105857
0.1970434
    
0.3404447
0.3001394
0
0.2740346
0.2383321
0.2568171
0
0.2514644
0.2573803
    
0.3242155
0.2904287
0.2702516
0.2254561
0
0.1911922
0.1902722
0.1951306
0.1896306
    
0.2827567
0
0.240167
0.2127804
0.204121
0.1833012
0
0.1858176
0.1897393
    
0.3017361
0.2998458
0
0.2650783
0.2334876
0.2234946
0.2130011
0
0.1982783
    
0
0.1954482
0.2066352
0.2539089
0.2750831
0
0.2655356
0.241814
0.2040738
    
0.2971658
0.3177884
0.2948087
0.2585573
0
0.2232123
0.1949203
0.1961986
0.2013907
    
0.2600552
0.2395032
0.2580507
0
0.268627
0.2194904
0.2262039
0.2023022
0
    
0.238713
0
0.2448648
0.2587298
0.2572502
0.2740803
0
0.2411533
0.2066962
    
0.3211271
0.2990977
0
0.2888787
0.276866
0.2303855
0.1922201
0
0.1904426
    
0.3125126
0.2804425
0.2385297
0
0.2158551
0.2174406
0.1977914
0
0.192315
    
0.2886226
0.296581
0.2757822
0.2767377
0
0.2596883
0.2067785
0.197719
0.1923057
    
0.2411622
0.2498782
0.2399275
0.2295898
0
0.2371264
0.2137758
0.2085922
0.1948405
    
0.3601186
0
0.3117379
0.2789192
0.2543061
0.2442142
0
0.2461653
0.2468929
    
0.3251001
0.2726511
0.2238339
0.2197325
0
0.2080908
0.1910095
0.1858338
0.1750733
    
0.256407
0.2980393
0
0.2873318
0.2961117
0.2069756
0.1936619
0
0.1994764
    
0.3359127
0.4363937
0
0.3064287
0.2435649
0.2148679
0.2300095
0
0.217748
    
0.3479748
0.3388723
0.3681684
0.2610883
0
0.2481917
0.2212157
0.2113082
0.1935937
    
0.3391516
0.4106417
0
0.3184407
0.2561083
0.2333176
0.2326229
0
0.2169496
    
0.3679482
0.3345222
0.3290668
0
0.2943795
0.2739612
0.2486643
0.2547386
0
    
/n
