    
    
    
    
    
    
    
    
    
    
(9.5, 194.0, 100.3)
(9.5, 194.0, 100.3)
(9.0, 199.3, 100.8)
(3.1, 202.7, 96.8)
(355.1, 206.6, 94.9)
(348.9, 213.7, 98.2)
(348.9, 213.7, 98.2)
(351.5, 222.8, 103.4)
(355.7, 230.1, 107.2)
(358.9, 234.8, 108.9)
    
(13.2, 166.4, 91.1)
(17.6, 174.9, 98.9)
(20.0, 186.3, 106.5)
(20.8, 196.3, 111.3)
(20.8, 196.3, 111.3)
(19.9, 203.1, 112.4)
(18.8, 207.4, 110.4)
(17.3, 211.2, 109.8)
(15.7, 215.2, 110.9)
(15.7, 215.2, 110.9)
    
(20.1, 197.4, 101.4)
(20.1, 197.4, 101.4)
(16.6, 200.9, 101.9)
(10.4, 203.2, 102.1)
(6.0, 206.5, 103.9)
(2.6, 209.4, 106.6)
(2.6, 209.4, 106.6)
(0.9, 213.7, 108.8)
(1.4, 219.4, 110.1)
(2.1, 225.8, 111.1)
    
(15.4, 193.9, 91.2)
(15.2, 197.0, 93.4)
(13.0, 198.0, 92.3)
(9.7, 201.3, 91.1)
(4.5, 208.1, 92.9)
(4.5, 208.1, 92.9)
(3.6, 216.9, 96.8)
(6.6, 225.8, 100.4)
(9.6, 231.4, 102.0)
(10.6, 234.2, 102.2)
    
(7.6, 177.8, 65.5)
(5.8, 185.5, 69.4)
(4.1, 192.3, 74.4)
(0.9, 197.4, 80.2)
(2.7, 203.2, 85.7)
(2.7, 203.2, 85.7)
(6.0, 210.7, 89.5)
(6.3, 217.2, 90.6)
(4.0, 222.6, 90.2)
(2.3, 227.3, 89.8)
    
(345.3, 171.1, 72.0)
(356.8, 181.6, 84.1)
(2.3, 192.7, 92.8)
(2.3, 192.7, 92.8)
(4.1, 202.1, 98.2)
(4.8, 209.6, 101.3)
(4.3, 215.3, 103.2)
(4.8, 220.9, 104.2)
(4.8, 220.9, 104.2)
(4.8, 226.1, 103.5)
    
(17.9, 186.7, 98.8)
(17.9, 186.7, 98.8)
(20.0, 190.3, 102.6)
(15.9, 190.9, 102.6)
(11.6, 194.6, 102.1)
(7.5, 199.5, 102.5)
(7.5, 199.5, 102.5)
(9.2, 207.0, 104.7)
(12.7, 214.6, 107.5)
(15.4, 221.3, 110.2)
    
(14.8, 182.1, 82.1)
(11.6, 188.3, 84.7)
(9.7, 195.3, 89.2)
(9.5, 202.9, 95.1)
(10.5, 208.9, 100.9)
(10.5, 208.9, 100.9)
(10.4, 211.8, 103.2)
(9.5, 214.3, 102.1)
(6.5, 217.1, 98.5)
(4.9, 220.6, 96.5)
    
(10.2, 187.3, 90.6)
(8.4, 192.9, 91.7)
(6.4, 198.6, 92.9)
(6.4, 198.6, 92.9)
(4.1, 203.6, 92.9)
(1.5, 208.3, 92.3)
(359.4, 213.0, 93.0)
(358.7, 218.4, 95.3)
(358.7, 218.4, 95.3)
(359.2, 222.8, 96.7)
    
(1.9, 183.0, 79.7)
(0.3, 188.5, 83.2)
(0.3, 188.5, 83.2)
(359.8, 193.5, 86.5)
(0.4, 198.5, 90.0)
(0.4, 203.9, 91.8)
(359.4, 208.9, 92.5)
(359.4, 208.9, 92.5)
(357.2, 214.0, 92.7)
(356.1, 219.1, 93.2)
    
(354.9, 176.8, 76.7)
(4.2, 186.3, 86.1)
(8.0, 192.0, 90.5)
(8.0, 192.0, 90.5)
(6.7, 196.5, 90.6)
(4.6, 201.4, 90.8)
(3.5, 207.6, 93.2)
(3.5, 212.5, 94.9)
(3.5, 212.5, 94.9)
(4.0, 215.9, 96.2)
    
(10.2, 175.6, 87.5)
(11.0, 182.8, 89.4)
(11.1, 188.7, 90.6)
(10.1, 192.4, 90.5)
(7.6, 195.2, 89.4)
(7.6, 195.2, 89.4)
(5.4, 198.3, 88.7)
(3.6, 202.4, 89.2)
(1.9, 206.3, 90.0)
(0.2, 209.0, 90.0)
    
(355.6, 182.2, 87.8)
(358.6, 194.5, 97.2)
(358.6, 194.5, 97.2)
(0.1, 202.8, 101.3)
(359.0, 208.1, 101.3)
(355.9, 211.8, 99.7)
(354.3, 216.8, 99.1)
(354.3, 216.8, 99.1)
(354.8, 222.4, 99.2)
(354.2, 227.2, 98.5)
    
(16.3, 171.8, 81.2)
(10.5, 182.8, 85.3)
(10.5, 182.8, 85.3)
(5.0, 195.2, 91.3)
(5.0, 195.2, 91.3)
(5.0, 195.2, 91.3)
(5.1, 206.7, 97.1)
(5.1, 206.7, 97.1)
(2.3, 216.1, 98.4)
(2.3, 216.1, 98.4)
    
(6.0, 167.8, 80.4)
(8.3, 184.4, 90.6)
(8.3, 184.4, 90.6)
(8.3, 184.4, 90.6)
(4.7, 195.5, 94.6)
(4.7, 195.5, 94.6)
(1.7, 205.4, 93.1)
(1.7, 205.4, 93.1)
(1.7, 205.4, 93.1)
(1.1, 216.4, 96.9)
    
(14.4, 180.0, 85.3)
(14.4, 180.0, 85.3)
(10.6, 188.1, 87.3)
(10.6, 188.1, 87.3)
(7.3, 202.5, 91.7)
(7.3, 202.5, 91.7)
(7.3, 202.5, 91.7)
(7.0, 214.4, 94.1)
(7.0, 214.4, 94.1)
(4.7, 222.0, 94.1)
    
(351.1, 173.0, 78.2)
(6.7, 194.1, 94.8)
(6.7, 194.1, 94.8)
(6.7, 194.1, 94.8)
(5.4, 204.1, 92.7)
(5.4, 204.1, 92.7)
(5.0, 218.2, 99.7)
(5.0, 218.2, 99.7)
(5.0, 218.2, 99.7)
(7.3, 227.8, 102.1)
    
(7.5, 178.0, 89.4)
(11.4, 183.7, 95.6)
(11.4, 183.7, 95.6)
(8.6, 194.6, 97.7)
(8.6, 194.6, 97.7)
(8.6, 194.6, 97.7)
(8.0, 206.4, 100.5)
(8.0, 206.4, 100.5)
(5.3, 214.4, 102.4)
(5.3, 214.4, 102.4)
    
(351.1, 174.3, 71.9)
(3.0, 195.5, 91.1)
(3.0, 195.5, 91.1)
(5.9, 208.5, 98.7)
(5.9, 208.5, 98.7)
(5.9, 208.5, 98.7)
(0.8, 216.0, 97.6)
(0.8, 216.0, 97.6)
(0.8, 216.0, 97.6)
(355.2, 224.4, 97.1)
    
(17.0, 184.0, 93.1)
(17.0, 184.0, 93.1)
(11.9, 193.0, 92.2)
(11.9, 193.0, 92.2)
(10.1, 206.1, 96.0)
(10.1, 206.1, 96.0)
(10.1, 206.1, 96.0)
(6.5, 215.9, 97.2)
(6.5, 215.9, 97.2)
(359.2, 219.2, 93.1)
    
(3.7, 174.4, 85.9)
(3.4, 182.3, 89.5)
(3.4, 182.3, 89.5)
(3.4, 182.3, 89.5)
(0.1, 193.5, 88.7)
(0.1, 193.5, 88.7)
(3.6, 205.5, 93.7)
(3.6, 205.5, 93.7)
(3.6, 205.5, 93.7)
(4.9, 214.2, 97.0)
    
(358.0, 175.4, 82.5)
(1.4, 195.4, 92.3)
(1.4, 195.4, 92.3)
(358.6, 202.0, 94.7)
(358.6, 202.0, 94.7)
(358.6, 202.0, 94.7)
(359.7, 215.5, 94.9)
(359.7, 215.5, 94.9)
(2.1, 230.1, 97.1)
(2.1, 230.1, 97.1)
    
(4.0, 174.1, 80.4)
(1.0, 192.6, 85.8)
(1.0, 192.6, 85.8)
(1.0, 192.6, 85.8)
(1.8, 209.7, 92.6)
(1.8, 209.7, 92.6)
(1.8, 220.1, 96.0)
(1.8, 220.1, 96.0)
(1.8, 220.1, 96.0)
(0.2, 229.9, 96.5)
    
(356.9, 176.9, 85.0)
(355.5, 188.6, 91.6)
(355.5, 188.6, 91.6)
(355.7, 205.0, 96.0)
(355.7, 205.0, 96.0)
(355.7, 205.0, 96.0)
(358.9, 216.5, 100.2)
(358.9, 216.5, 100.2)
(359.8, 224.9, 102.2)
(359.8, 224.9, 102.2)
    
(8.7, 179.5, 90.7)
(356.4, 193.3, 94.0)
(356.4, 193.3, 94.0)
(356.4, 193.3, 94.0)
(357.5, 212.1, 101.9)
(357.5, 212.1, 101.9)
(359.9, 222.7, 105.3)
(359.9, 222.7, 105.3)
(359.9, 222.7, 105.3)
(358.0, 234.4, 105.5)
    
(353.2, 185.4, 77.8)
(353.2, 185.4, 77.8)
(353.2, 185.4, 77.8)
(347.8, 198.4, 81.0)
(347.8, 198.4, 81.0)
(347.8, 198.4, 81.0)
(355.2, 220.8, 95.1)
(355.2, 220.8, 95.1)
(359.7, 236.1, 100.8)
(359.7, 236.1, 100.8)
    
(13.5, 176.1, 81.2)
(8.3, 187.1, 85.4)
(8.3, 187.1, 85.4)
(2.3, 198.2, 92.3)
(2.3, 198.2, 92.3)
(2.3, 198.2, 92.3)
(4.2, 207.5, 98.2)
(4.2, 207.5, 98.2)
(5.6, 219.6, 99.2)
(5.6, 219.6, 99.2)
    
(359.4, 173.4, 86.2)
(4.1, 192.2, 93.2)
(4.1, 192.2, 93.2)
(4.1, 192.2, 93.2)
(0.4, 205.1, 94.8)
(0.4, 205.1, 94.8)
(357.9, 215.8, 96.2)
(357.9, 215.8, 96.2)
(357.9, 215.8, 96.2)
(0.5, 220.8, 97.5)
    
(356.6, 190.9, 89.3)
(356.6, 190.9, 89.3)
(356.6, 190.9, 89.3)
(358.6, 208.1, 100.0)
(358.6, 208.1, 100.0)
(358.6, 208.1, 100.0)
(0.0, 215.5, 103.6)
(0.0, 215.5, 103.6)
(356.8, 220.1, 102.0)
(356.8, 220.1, 102.0)
    
(1.3, 184.7, 82.1)
(1.3, 184.7, 82.1)
(0.0, 198.2, 87.3)
(0.0, 198.2, 87.3)
(0.0, 198.2, 87.3)
(359.5, 206.2, 92.4)
(359.5, 206.2, 92.4)
(357.3, 214.6, 92.9)
(357.3, 214.6, 92.9)
(357.3, 214.6, 92.9)
    
(14.1, 177.9, 88.6)
(11.1, 185.5, 84.1)
(11.1, 185.5, 84.1)
(11.1, 185.5, 84.1)
(6.1, 192.0, 84.6)
(6.1, 192.0, 84.6)
(1.3, 195.3, 84.3)
(1.3, 195.3, 84.3)
(1.3, 195.3, 84.3)
(357.4, 207.2, 83.2)
    
(358.6, 184.3, 84.2)
(358.6, 184.3, 84.2)
(358.6, 184.3, 84.2)
(354.7, 194.6, 86.9)
(354.7, 194.6, 86.9)
(353.3, 204.5, 91.2)
(353.3, 204.5, 91.2)
(353.3, 204.5, 91.2)
(356.6, 216.2, 93.3)
(356.6, 216.2, 93.3)
    
(0.8, 175.2, 90.1)
(4.5, 182.5, 99.3)
(4.5, 182.5, 99.3)
(4.5, 182.5, 99.3)
(2.2, 191.8, 100.1)
(2.2, 191.8, 100.1)
(358.5, 203.6, 102.3)
(358.5, 203.6, 102.3)
(359.4, 215.4, 107.3)
(359.4, 215.4, 107.3)
    
(8.8, 180.2, 92.1)
(7.9, 195.2, 99.5)
(7.9, 195.2, 99.5)
(3.9, 206.3, 100.4)
(3.9, 206.3, 100.4)
(3.9, 206.3, 100.4)
(1.1, 216.7, 100.6)
(1.1, 216.7, 100.6)
(4.6, 222.2, 103.1)
(4.6, 222.2, 103.1)
    
(10.4, 171.4, 85.6)
(8.2, 178.7, 90.6)
(8.2, 178.7, 90.6)
(4.6, 184.5, 90.9)
(4.6, 184.5, 90.9)
(4.6, 184.5, 90.9)
(3.9, 193.6, 93.4)
(3.9, 193.6, 93.4)
(5.3, 204.4, 98.5)
(5.3, 204.4, 98.5)
    
(2.7, 177.9, 85.4)
(359.8, 189.0, 90.7)
(359.8, 189.0, 90.7)
(359.8, 189.0, 90.7)
(358.3, 193.2, 91.9)
(358.3, 193.2, 91.9)
(358.4, 200.8, 94.4)
(358.4, 200.8, 94.4)
(358.4, 200.8, 94.4)
(358.7, 206.2, 96.2)
    
(0.0, 174.8, 82.3)
(1.0, 188.3, 88.2)
(1.0, 188.3, 88.2)
(1.0, 188.3, 88.2)
(1.1, 191.5, 89.4)
(1.1, 191.5, 89.4)
(1.5, 200.1, 87.8)
(1.5, 200.1, 87.8)
(1.5, 200.1, 87.8)
(1.4, 206.8, 88.5)
    
(358.9, 181.0, 87.5)
(358.9, 181.0, 87.5)
(358.9, 181.0, 87.5)
(358.4, 193.7, 90.7)
(358.4, 193.7, 90.7)
(358.8, 200.7, 93.6)
(358.8, 200.7, 93.6)
(358.8, 200.7, 93.6)
(359.1, 205.1, 94.6)
(359.1, 205.1, 94.6)
    
(2.3, 179.0, 83.1)
(2.3, 179.0, 83.1)
(2.6, 187.2, 87.8)
(2.6, 187.2, 87.8)
(2.0, 195.7, 90.0)
(2.0, 195.7, 90.0)
(2.0, 195.7, 90.0)
(0.0, 205.9, 92.8)
(0.0, 205.9, 92.8)
(359.4, 213.4, 93.7)
    
(9.1, 174.1, 80.5)
(6.5, 182.8, 87.3)
(6.5, 182.8, 87.3)
(6.5, 182.8, 87.3)
(3.7, 189.5, 88.7)
(3.7, 189.5, 88.7)
(3.7, 204.4, 97.1)
(3.7, 204.4, 97.1)
(3.7, 204.4, 97.1)
(1.8, 212.7, 99.5)
    
(357.9, 189.8, 88.9)
(357.5, 201.4, 95.3)
(357.5, 201.4, 95.3)
(357.5, 201.4, 95.3)
(358.5, 202.9, 97.1)
(358.5, 202.9, 97.1)
(356.3, 211.3, 93.4)
(356.3, 211.3, 93.4)
(356.3, 211.3, 93.4)
(354.7, 221.1, 92.2)
    
(2.0, 180.9, 89.4)
(2.0, 180.9, 89.4)
(359.8, 186.8, 92.1)
(359.8, 186.8, 92.1)
(1.9, 194.7, 92.7)
(1.9, 194.7, 92.7)
(1.9, 194.7, 92.7)
(0.2, 201.8, 91.6)
(0.2, 201.8, 91.6)
(357.8, 208.5, 93.0)
    
(6.0, 176.8, 91.6)
(6.0, 176.8, 91.6)
(3.3, 188.6, 91.3)
(3.3, 188.6, 91.3)
(3.3, 188.6, 91.3)
(359.6, 198.3, 90.9)
(359.6, 198.3, 90.9)
(359.6, 198.3, 90.9)
(0.8, 204.7, 92.2)
(0.8, 204.7, 92.2)
    
(0.6, 175.7, 80.4)
(1.9, 187.4, 85.6)
(1.9, 187.4, 85.6)
(1.9, 187.4, 85.6)
(2.2, 195.0, 87.6)
(2.2, 195.0, 87.6)
(357.1, 201.9, 85.9)
(357.1, 201.9, 85.9)
(357.1, 201.9, 85.9)
(357.6, 213.4, 86.1)
    
(3.3, 184.4, 84.4)
(3.3, 184.4, 84.4)
(3.3, 184.4, 84.4)
(5.6, 194.8, 88.8)
(5.6, 194.8, 88.8)
(3.8, 199.3, 88.3)
(3.8, 199.3, 88.3)
(3.8, 199.3, 88.3)
(3.7, 205.4, 87.1)
(3.7, 205.4, 87.1)
    
(5.9, 176.3, 86.4)
(5.9, 176.3, 86.4)
(4.4, 185.1, 88.6)
(4.4, 185.1, 88.6)
(4.4, 185.1, 88.6)
(8.3, 195.2, 94.3)
(8.3, 195.2, 94.3)
(7.5, 201.4, 93.2)
(7.5, 201.4, 93.2)
(7.5, 201.4, 93.2)
    
(1.7, 172.0, 79.1)
(0.6, 178.6, 84.5)
(0.6, 178.6, 84.5)
(0.6, 178.6, 84.5)
(359.5, 192.3, 89.6)
(359.5, 192.3, 89.6)
(0.7, 202.6, 90.7)
(0.7, 202.6, 90.7)
(0.7, 202.6, 90.7)
(1.3, 208.7, 89.0)
    
(8.2, 182.2, 89.9)
(8.2, 182.2, 89.9)
(8.2, 182.2, 89.9)
(10.2, 192.7, 91.5)
(10.2, 192.7, 91.5)
(7.2, 199.3, 89.4)
(7.2, 199.3, 89.4)
(7.2, 199.3, 89.4)
(5.3, 205.8, 88.0)
(5.3, 205.8, 88.0)
    
(3.8, 175.0, 81.3)
(2.6, 181.6, 83.7)
(2.6, 181.6, 83.7)
(2.6, 181.6, 83.7)
(1.3, 192.2, 82.8)
(1.3, 192.2, 82.8)
(5.1, 204.1, 85.9)
(5.1, 204.1, 85.9)
(5.1, 204.1, 85.9)
(5.9, 210.0, 86.5)
    
(8.5, 175.4, 82.3)
(5.2, 185.3, 87.0)
(5.2, 185.3, 87.0)
(5.2, 185.3, 87.0)
(7.0, 198.1, 91.0)
(7.0, 198.1, 91.0)
(7.0, 198.1, 91.0)
(6.1, 205.7, 90.1)
(6.1, 205.7, 90.1)
(5.8, 213.1, 89.2)
    
(3.0, 183.3, 79.7)
(3.0, 183.3, 79.7)
(3.0, 183.3, 79.7)
(357.8, 188.2, 82.6)
(357.8, 188.2, 82.6)
(359.3, 198.9, 86.1)
(359.3, 198.9, 86.1)
(359.3, 198.9, 86.1)
(3.9, 210.7, 88.2)
(3.9, 210.7, 88.2)
    
(5.4, 169.1, 74.4)
(6.2, 182.2, 78.8)
(6.2, 182.2, 78.8)
(6.2, 182.2, 78.8)
(11.3, 189.7, 84.8)
(11.3, 189.7, 84.8)
(10.4, 192.7, 80.3)
(10.4, 192.7, 80.3)
(10.4, 192.7, 80.3)
(5.8, 199.2, 76.5)
    
(356.6, 173.9, 77.0)
(2.6, 186.9, 83.3)
(2.6, 186.9, 83.3)
(2.2, 195.3, 81.5)
(2.2, 195.3, 81.5)
(2.2, 195.3, 81.5)
(359.9, 200.8, 80.0)
(359.9, 200.8, 80.0)
(1.7, 208.7, 79.1)
(1.7, 208.7, 79.1)
    
(3.2, 180.6, 82.8)
(3.2, 180.6, 82.8)
(3.2, 180.6, 82.8)
(1.9, 188.0, 82.1)
(1.9, 188.0, 82.1)
(0.3, 192.8, 81.5)
(0.3, 192.8, 81.5)
(0.3, 192.8, 81.5)
(358.3, 200.9, 81.2)
(358.3, 200.9, 81.2)
    
(9.7, 180.8, 93.1)
(9.7, 180.8, 93.1)
(7.6, 189.5, 94.8)
(7.6, 189.5, 94.8)
(7.6, 189.5, 94.8)
(3.2, 195.9, 94.3)
(3.2, 195.9, 94.3)
(0.7, 201.3, 95.4)
(0.7, 201.3, 95.4)
(0.7, 201.3, 95.4)
    
(7.9, 179.7, 87.7)
(7.9, 179.7, 87.7)
(5.3, 187.4, 87.7)
(5.3, 187.4, 87.7)
(5.3, 187.4, 87.7)
(5.1, 193.1, 89.7)
(5.1, 193.1, 89.7)
(5.2, 197.4, 90.3)
(5.2, 197.4, 90.3)
(5.2, 197.4, 90.3)
    
(9.0, 177.9, 83.7)
(9.0, 177.9, 83.7)
(10.9, 184.2, 86.0)
(10.9, 184.2, 86.0)
(9.9, 187.9, 85.9)
(9.9, 187.9, 85.9)
(9.9, 187.9, 85.9)
(7.5, 192.8, 83.4)
(7.5, 192.8, 83.4)
(6.8, 198.3, 84.7)
    
(12.3, 176.3, 77.5)
(8.9, 181.5, 78.5)
(8.9, 181.5, 78.5)
(8.5, 189.6, 81.8)
(8.5, 189.6, 81.8)
(8.5, 189.6, 81.8)
(7.5, 193.6, 81.7)
(7.5, 193.6, 81.7)
(4.4, 199.1, 80.3)
(4.4, 199.1, 80.3)
    
(9.1, 178.6, 85.9)
(9.1, 178.6, 85.9)
(9.3, 185.5, 88.1)
(9.3, 185.5, 88.1)
(9.3, 185.5, 88.1)
(8.6, 188.1, 86.0)
(8.6, 188.1, 86.0)
(6.3, 192.3, 84.7)
(6.3, 192.3, 84.7)
(6.3, 192.3, 84.7)
    
(12.9, 181.4, 84.9)
(12.9, 181.4, 84.9)
(12.9, 181.4, 84.9)
(13.7, 183.0, 85.2)
(13.7, 183.0, 85.2)
(10.2, 186.1, 81.4)
(10.2, 186.1, 81.4)
(10.2, 186.1, 81.4)
(10.1, 193.0, 81.4)
(10.1, 193.0, 81.4)
    
(11.7, 172.1, 86.8)
(13.2, 177.7, 87.9)
(13.2, 177.7, 87.9)
(13.2, 177.7, 87.9)
(12.8, 184.4, 88.1)
(12.8, 184.4, 88.1)
(12.2, 187.2, 88.9)
(12.2, 187.2, 88.9)
(12.2, 187.2, 88.9)
(12.3, 191.5, 88.6)
    
(9.0, 177.7, 87.0)
(9.3, 186.6, 86.5)
(9.3, 186.6, 86.5)
(6.1, 196.7, 86.6)
(6.1, 196.7, 86.6)
(6.1, 196.7, 86.6)
(6.2, 201.6, 85.8)
(6.2, 201.6, 85.8)
(2.5, 205.6, 82.8)
(2.5, 205.6, 82.8)
    
(6.8, 178.0, 87.8)
(6.8, 178.0, 87.8)
(7.5, 181.4, 85.4)
(7.5, 181.4, 85.4)
(2.9, 192.1, 83.5)
(2.9, 192.1, 83.5)
(2.9, 192.1, 83.5)
(359.6, 198.5, 84.4)
(359.6, 198.5, 84.4)
(0.4, 201.2, 83.8)
    
(3.0, 179.4, 82.9)
(0.1, 186.0, 81.8)
(0.1, 186.0, 81.8)
(359.0, 190.0, 81.6)
(359.0, 190.0, 81.6)
(359.0, 190.0, 81.6)
(0.7, 198.1, 83.4)
(0.7, 198.1, 83.4)
(358.5, 204.1, 79.7)
(358.5, 204.1, 79.7)
    
(9.0, 179.3, 87.5)
(7.6, 182.6, 85.7)
(2.9, 186.7, 82.9)
(0.2, 190.5, 81.5)
(0.2, 190.5, 81.5)
(0.1, 193.6, 82.3)
(0.6, 196.2, 84.2)
(1.2, 196.8, 84.7)
(1.5, 196.1, 84.0)
(1.5, 196.1, 84.0)
    
(8.4, 178.4, 83.2)
(7.7, 179.9, 83.4)
(7.7, 179.9, 83.4)
(8.1, 181.2, 83.7)
(8.5, 183.4, 84.2)
(9.3, 185.3, 84.5)
(9.7, 186.9, 82.9)
(7.2, 188.4, 81.0)
(7.2, 188.4, 81.0)
(4.3, 189.7, 79.5)
    
(11.5, 171.4, 80.3)
(8.8, 176.4, 79.3)
(9.4, 182.6, 80.9)
(12.4, 188.2, 83.8)
(12.4, 188.2, 83.8)
(14.6, 191.5, 85.9)
(13.2, 195.8, 84.8)
(11.6, 200.2, 83.6)
(10.7, 204.6, 82.9)
(10.7, 204.6, 82.9)
    
(16.7, 175.9, 92.1)
(18.0, 181.1, 92.3)
(19.1, 184.7, 92.3)
(19.1, 184.7, 92.3)
(16.3, 185.6, 91.1)
(13.0, 188.1, 89.1)
(10.9, 192.9, 87.4)
(10.1, 199.4, 88.1)
(10.1, 199.4, 88.1)
(10.7, 205.3, 90.8)
    
(9.8, 177.3, 97.9)
(8.2, 181.7, 98.7)
(8.2, 181.7, 98.7)
(6.5, 186.3, 99.3)
(6.0, 191.2, 100.9)
(5.7, 196.0, 102.9)
(5.4, 199.8, 104.2)
(5.4, 199.8, 104.2)
(5.3, 202.7, 104.7)
(6.3, 205.8, 105.2)
    
(10.2, 168.3, 90.8)
(8.4, 174.0, 91.2)
(7.5, 179.8, 93.7)
(7.5, 179.8, 93.7)
(9.2, 185.2, 98.8)
(11.2, 188.0, 102.0)
(12.5, 189.2, 103.0)
(11.4, 189.6, 100.7)
(11.4, 189.6, 100.7)
(8.1, 190.7, 96.7)
    
(321.1, 348.3, 255.6)
(318.4, 3.2, 247.9)
(318.4, 3.2, 247.9)
(315.9, 15.3, 243.0)
(315.0, 23.0, 242.2)
(315.6, 28.3, 243.8)
(318.2, 31.8, 247.0)
(318.2, 31.8, 247.0)
(322.7, 36.0, 249.8)
(327.4, 40.1, 251.6)
    
(357.1, 178.8, 102.7)
(356.4, 186.2, 105.2)
(356.4, 186.2, 105.2)
(354.1, 192.5, 107.0)
(352.7, 197.0, 108.0)
(354.0, 199.8, 108.8)
(356.7, 204.8, 107.0)
(356.7, 204.8, 107.0)
(357.4, 209.9, 106.2)
(356.9, 215.3, 106.4)
    
(7.7, 175.2, 91.9)
(9.9, 179.6, 95.4)
(9.5, 187.7, 98.4)
(8.3, 193.4, 99.5)
(8.3, 193.4, 99.5)
(6.5, 197.6, 99.1)
(3.0, 200.0, 97.5)
(1.3, 201.3, 96.4)
(0.0, 204.1, 95.7)
(0.0, 204.1, 95.7)
    
(15.6, 174.6, 104.8)
(17.8, 181.4, 104.7)
(17.8, 181.4, 104.7)
(17.7, 187.1, 103.1)
(13.8, 191.7, 99.8)
(9.6, 197.4, 97.2)
(6.9, 204.1, 97.0)
(6.9, 204.1, 97.0)
(6.0, 210.7, 98.1)
(4.4, 216.2, 99.7)
    
(12.8, 174.4, 99.8)
(12.8, 174.4, 99.8)
(11.0, 187.8, 106.1)
(9.4, 196.9, 110.7)
(10.0, 198.4, 109.4)
(9.9, 199.5, 105.1)
(9.9, 199.5, 105.1)
(5.9, 202.6, 100.7)
(2.9, 207.8, 100.2)
(3.5, 213.5, 102.5)
    
(4.8, 178.3, 92.9)
(3.2, 182.8, 92.6)
(1.9, 187.0, 94.3)
(3.9, 187.4, 97.4)
(3.9, 187.4, 97.4)
(8.4, 187.5, 98.3)
(9.2, 192.0, 97.1)
(8.1, 197.2, 96.2)
(7.1, 201.7, 95.7)
(7.1, 201.7, 95.7)
    
(8.8, 175.9, 92.9)
(5.2, 181.4, 90.2)
(1.6, 188.1, 88.3)
(1.6, 188.1, 88.3)
(1.5, 194.3, 89.2)
(3.1, 198.9, 91.0)
(4.8, 200.0, 92.3)
(4.9, 201.4, 90.8)
(4.9, 201.4, 90.8)
(3.7, 206.2, 87.9)
    
(9.5, 167.5, 101.2)
(6.4, 174.6, 101.7)
(6.4, 174.6, 101.7)
(3.1, 184.1, 102.9)
(4.6, 193.8, 105.0)
(8.8, 199.5, 106.5)
(14.4, 201.7, 105.8)
(14.4, 201.7, 105.8)
(16.8, 203.6, 103.8)
(15.6, 206.9, 101.4)
    
(21.8, 175.2, 107.0)
(21.1, 180.3, 105.6)
(20.8, 184.7, 103.9)
(20.2, 188.6, 101.5)
(18.3, 193.4, 99.2)
(18.3, 193.4, 99.2)
(15.7, 199.3, 97.8)
(13.7, 206.2, 97.9)
(12.5, 213.6, 99.8)
(11.0, 220.8, 103.4)
    
(10.0, 163.0, 95.3)
(13.9, 180.9, 97.9)
(12.7, 193.9, 98.3)
(10.0, 204.0, 97.4)
(10.0, 204.0, 97.4)
(8.9, 212.4, 96.4)
(10.4, 219.5, 97.1)
(10.2, 225.2, 96.7)
(9.0, 229.3, 95.5)
(9.0, 229.3, 95.5)
    
(12.8, 182.6, 92.0)
(9.7, 188.1, 91.8)
(9.7, 190.2, 91.6)
(9.7, 190.2, 91.6)
(9.7, 191.0, 90.3)
(8.4, 193.9, 87.9)
(5.1, 199.2, 85.3)
(2.2, 204.7, 83.7)
(2.2, 204.7, 83.7)
(0.4, 209.7, 83.2)
    
(14.5, 174.1, 102.9)
(12.5, 182.5, 102.8)
(10.2, 188.2, 101.9)
(7.9, 193.6, 100.6)
(5.8, 200.3, 98.9)
(5.8, 200.3, 98.9)
(5.4, 207.2, 98.3)
(6.6, 213.7, 98.2)
(9.6, 218.6, 98.5)
(9.6, 218.6, 98.5)
    
(17.2, 171.3, 100.2)
(14.6, 179.1, 100.8)
(13.4, 186.1, 99.7)
(13.4, 186.1, 99.7)
(12.6, 191.8, 98.0)
(10.9, 198.4, 97.0)
(9.3, 205.9, 97.8)
(8.1, 212.1, 98.8)
(8.1, 212.1, 98.8)
(7.7, 218.2, 100.0)
    
(15.3, 176.6, 92.8)
(16.5, 190.9, 97.4)
(16.0, 200.6, 100.0)
(16.0, 200.6, 100.0)
(13.7, 204.7, 99.0)
(12.2, 205.9, 95.3)
(11.5, 209.2, 91.2)
(9.7, 215.5, 89.6)
(9.7, 215.5, 89.6)
(9.1, 219.3, 88.7)
    
(9.5, 170.5, 92.3)
(10.4, 172.0, 89.3)
(4.9, 178.0, 84.5)
(358.9, 184.8, 80.8)
(0.5, 191.6, 80.8)
(0.5, 191.6, 80.8)
(6.4, 197.4, 83.0)
(11.6, 200.3, 84.0)
(12.7, 199.8, 83.4)
(11.8, 200.3, 79.6)
    
(11.2, 179.9, 103.0)
(10.2, 188.1, 106.8)
(10.2, 188.1, 106.8)
(8.5, 196.0, 110.5)
(7.1, 201.5, 113.3)
(5.6, 203.6, 114.6)
(3.8, 204.7, 114.0)
(3.8, 204.7, 114.0)
(1.5, 209.5, 112.3)
(0.6, 216.2, 112.0)
    
(15.6, 177.1, 104.4)
(7.8, 183.9, 106.2)
(7.8, 183.9, 106.2)
(1.6, 190.1, 108.8)
(357.6, 197.8, 113.5)
(359.6, 205.8, 117.7)
(2.1, 213.0, 121.4)
(2.1, 213.0, 121.4)
(4.4, 217.8, 122.9)
(4.7, 220.7, 122.1)
    
(12.8, 187.3, 105.0)
(12.8, 187.3, 105.0)
(11.3, 193.6, 107.8)
(8.2, 198.3, 108.8)
(3.6, 201.3, 109.5)
(1.6, 202.8, 111.5)
(1.6, 202.8, 111.5)
(4.0, 205.5, 114.9)
(5.3, 211.2, 115.5)
(6.2, 218.6, 115.9)
    
(15.5, 177.9, 100.9)
(15.8, 185.0, 101.3)
(13.7, 190.3, 99.7)
(10.1, 195.0, 98.5)
(10.1, 195.0, 98.5)
(6.6, 199.8, 98.1)
(4.7, 204.7, 99.0)
(4.7, 208.7, 100.6)
(4.7, 208.7, 100.6)
(4.4, 211.7, 101.5)
    
(20.7, 179.8, 99.2)
(19.4, 188.8, 99.9)
(15.5, 197.5, 99.2)
(15.5, 197.5, 99.2)
(12.3, 204.1, 98.3)
(8.5, 209.5, 97.8)
(7.2, 212.3, 96.8)
(6.5, 215.5, 94.7)
(6.5, 215.5, 94.7)
(6.0, 218.8, 92.4)
    
(17.8, 179.2, 99.8)
(17.8, 179.2, 99.8)
(15.8, 184.1, 98.7)
(12.7, 188.5, 96.5)
(7.8, 192.9, 94.5)
(6.1, 198.3, 94.4)
(6.1, 198.3, 94.4)
(6.9, 204.6, 96.5)
(8.0, 209.6, 99.3)
(10.3, 211.0, 98.7)
    
(15.4, 173.6, 96.7)
(13.3, 180.8, 96.8)
(11.1, 189.6, 97.9)
(9.7, 198.2, 99.0)
(11.2, 206.8, 100.7)
(11.2, 206.8, 100.7)
(13.3, 210.6, 102.1)
(16.0, 211.8, 101.9)
(15.6, 214.4, 99.8)
(15.6, 214.4, 99.8)
    
(10.8, 172.6, 99.0)
(8.8, 180.5, 98.6)
(7.6, 189.2, 98.5)
(7.6, 189.2, 98.5)
(7.5, 199.3, 99.0)
(7.8, 206.9, 99.7)
(9.6, 212.1, 100.5)
(9.9, 213.7, 100.5)
(9.9, 213.7, 100.5)
(9.9, 215.4, 100.0)
    
(11.1, 183.5, 98.6)
(11.1, 183.5, 98.6)
(12.3, 187.1, 98.7)
(14.1, 188.7, 97.5)
(13.4, 191.9, 96.4)
(10.9, 198.0, 95.7)
(10.9, 198.0, 95.7)
(10.3, 205.9, 97.0)
(12.1, 214.4, 99.8)
(14.1, 220.4, 101.3)
    
(18.4, 173.5, 100.8)
(16.2, 181.7, 101.1)
(16.5, 190.1, 102.3)
(18.6, 196.1, 102.8)
(18.6, 196.1, 102.8)
(20.5, 199.7, 101.8)
(19.5, 202.1, 99.5)
(15.9, 205.3, 96.5)
(13.8, 210.6, 95.2)
(13.8, 210.6, 95.2)
    
(19.5, 183.8, 98.1)
(13.6, 194.1, 95.2)
(11.4, 204.4, 94.0)
(11.4, 204.4, 94.0)
(10.9, 214.3, 94.5)
(11.0, 220.1, 96.7)
(12.2, 220.4, 97.8)
(13.7, 222.1, 96.8)
(13.7, 222.1, 96.8)
(14.4, 226.7, 94.1)
    
(9.3, 174.6, 96.5)
(5.1, 182.3, 99.2)
(2.6, 189.2, 101.9)
(4.4, 196.7, 105.2)
(5.4, 203.3, 107.9)
(5.4, 203.3, 107.9)
(5.0, 207.7, 108.2)
(3.9, 211.0, 107.0)
(2.8, 215.0, 104.2)
(1.5, 219.1, 101.8)
    
(14.5, 172.1, 100.7)
(13.0, 180.8, 101.3)
(10.0, 187.4, 100.0)
(8.2, 191.6, 99.8)
(7.9, 195.1, 100.3)
(7.9, 195.1, 100.3)
(8.2, 199.1, 100.5)
(8.2, 204.0, 99.6)
(7.1, 209.8, 99.0)
(5.3, 214.8, 98.7)
    
(4.8, 171.9, 92.5)
(4.4, 178.8, 96.8)
(6.3, 188.2, 95.6)
(6.3, 188.2, 95.6)
(5.8, 197.7, 93.4)
(3.6, 205.7, 91.7)
(4.4, 214.3, 90.7)
(6.0, 221.2, 90.1)
(6.9, 226.9, 89.4)
(6.9, 226.9, 89.4)
    
/n
(7.8, 176.5, 105.6)
(8.5, 182.6, 108.1)
(7.1, 186.4, 108.6)
(4.2, 188.9, 108.6)
(4.2, 188.9, 108.6)
(1.1, 191.1, 109.0)
(359.5, 194.4, 109.8)
(358.5, 198.2, 110.5)
(358.5, 198.2, 110.5)
(356.4, 202.3, 110.1)
    
(31.6, 172.1, 117.7)
(27.7, 180.9, 120.7)
(23.9, 183.8, 120.3)
(21.0, 186.8, 120.0)
(19.5, 191.8, 120.6)
(19.5, 191.8, 120.6)
(18.1, 197.2, 121.1)
(15.4, 202.3, 120.7)
(12.2, 206.9, 119.7)
(9.0, 211.9, 118.8)
    
(5.0, 169.2, 95.4)
(4.2, 175.9, 99.9)
(3.1, 182.7, 103.7)
(3.1, 182.7, 103.7)
(1.4, 189.6, 107.1)
(359.7, 194.8, 108.3)
(358.2, 199.0, 108.3)
(355.2, 202.3, 107.7)
(351.5, 205.8, 107.4)
(351.5, 205.8, 107.4)
    
(20.3, 175.4, 111.0)
(20.8, 183.7, 117.9)
(20.2, 188.7, 121.2)
(16.5, 191.9, 121.9)
(11.8, 193.8, 121.8)
(11.8, 193.8, 121.8)
(8.0, 197.5, 122.0)
(5.0, 202.8, 122.6)
(3.7, 209.8, 124.4)
(2.8, 216.3, 126.2)
    
(15.9, 173.3, 106.1)
(13.6, 178.0, 108.3)
(9.0, 181.3, 110.3)
(9.0, 181.3, 110.3)
(4.9, 185.4, 112.9)
(2.8, 190.9, 116.0)
(1.9, 196.8, 118.9)
(359.8, 202.2, 121.1)
(359.8, 202.2, 121.1)
(357.4, 207.7, 122.7)
    
(14.6, 180.2, 108.5)
(10.2, 184.3, 109.0)
(7.3, 189.2, 110.7)
(7.3, 189.2, 110.7)
(5.7, 195.4, 114.0)
(5.2, 200.4, 117.1)
(4.9, 204.3, 118.5)
(3.1, 208.1, 118.3)
(3.1, 208.1, 118.3)
(0.6, 211.9, 117.6)
    
(26.4, 170.8, 113.2)
(22.4, 173.0, 114.7)
(18.7, 176.0, 115.0)
(15.4, 181.5, 116.1)
(15.4, 181.5, 116.1)
(12.7, 188.0, 118.3)
(11.5, 194.2, 121.3)
(10.1, 199.5, 123.2)
(8.0, 202.8, 123.8)
(8.0, 202.8, 123.8)
    
(9.9, 176.3, 105.9)
(7.1, 183.8, 108.3)
(5.9, 192.5, 111.7)
(7.1, 201.2, 115.5)
(9.4, 209.5, 119.2)
(9.4, 209.5, 119.2)
(9.6, 216.1, 120.7)
(8.2, 221.0, 120.6)
(5.2, 224.1, 119.0)
(1.9, 227.3, 117.0)
    
(6.9, 174.0, 100.1)
(6.3, 180.1, 104.8)
(7.6, 185.4, 108.4)
(7.3, 192.1, 110.2)
(5.2, 199.5, 110.1)
(5.2, 199.5, 110.1)
(3.3, 207.2, 109.7)
(1.8, 214.5, 110.0)
(0.3, 221.0, 110.5)
(0.3, 226.7, 111.7)
    
(11.1, 178.8, 106.9)
(15.5, 189.5, 112.8)
(15.5, 189.5, 112.8)
(14.8, 196.9, 115.1)
(11.7, 202.6, 115.1)
(8.3, 208.0, 113.5)
(5.0, 213.9, 112.3)
(5.0, 213.9, 112.3)
(3.4, 219.2, 112.6)
(3.1, 223.4, 113.7)
    
(12.8, 182.9, 106.1)
(11.8, 189.2, 109.6)
(11.8, 189.2, 109.6)
(9.7, 195.3, 112.0)
(7.3, 200.2, 113.4)
(5.8, 204.4, 114.1)
(4.2, 208.9, 114.5)
(4.2, 208.9, 114.5)
(2.6, 214.6, 115.4)
(1.7, 220.9, 116.8)
    
(18.0, 179.3, 106.4)
(13.8, 183.9, 107.1)
(10.6, 188.4, 108.4)
(9.6, 193.8, 110.6)
(10.6, 199.9, 112.7)
(10.6, 199.9, 112.7)
(10.4, 206.3, 114.1)
(8.5, 210.8, 114.1)
(5.0, 214.4, 113.7)
(1.8, 218.2, 113.2)
    
(10.1, 177.7, 100.2)
(10.8, 184.1, 103.8)
(11.0, 189.1, 106.3)
(9.1, 192.9, 107.6)
(9.1, 192.9, 107.6)
(6.8, 197.5, 108.1)
(5.1, 202.8, 108.3)
(3.2, 208.0, 108.4)
(2.1, 212.0, 109.0)
(2.1, 212.0, 109.0)
    
(6.7, 173.8, 91.1)
(5.6, 179.2, 95.3)
(5.2, 183.9, 97.9)
(5.2, 183.9, 97.9)
(4.6, 189.5, 100.6)
(3.8, 196.7, 103.5)
(2.6, 204.9, 105.5)
(0.2, 212.6, 106.8)
(0.2, 212.6, 106.8)
(357.2, 218.4, 107.4)
    
(12.4, 173.9, 93.6)
(11.3, 181.2, 97.3)
(11.3, 181.2, 97.3)
(10.4, 188.9, 100.7)
(10.5, 196.7, 104.2)
(10.3, 203.9, 107.7)
(8.5, 210.7, 110.4)
(8.5, 210.7, 110.4)
(6.0, 216.6, 111.8)
(4.0, 221.5, 112.8)
    
(24.0, 176.5, 105.0)
(22.0, 184.5, 109.3)
(22.0, 184.5, 109.3)
(20.4, 191.3, 113.0)
(19.3, 196.1, 115.4)
(17.4, 200.0, 116.4)
(15.0, 203.7, 116.8)
(15.0, 203.7, 116.8)
(12.6, 207.4, 116.9)
(10.4, 211.6, 116.6)
    
(10.6, 174.0, 93.2)
(11.4, 181.5, 98.6)
(11.4, 181.5, 98.6)
(12.6, 187.7, 103.1)
(11.2, 192.4, 105.4)
(7.7, 196.6, 105.9)
(3.3, 201.8, 105.7)
(3.3, 201.8, 105.7)
(1.0, 208.1, 106.7)
(1.0, 214.6, 108.3)
    
(17.5, 180.8, 101.5)
(16.2, 188.5, 103.7)
(14.3, 195.3, 104.7)
(12.9, 201.4, 105.7)
(12.9, 201.4, 105.7)
(11.5, 208.3, 107.0)
(10.2, 214.7, 108.0)
(8.3, 220.1, 108.3)
(6.2, 223.6, 107.2)
(3.1, 226.8, 105.4)
    
(13.3, 179.6, 99.6)
(7.9, 187.0, 100.7)
(5.6, 196.6, 103.4)
(6.5, 205.7, 106.2)
(6.5, 205.7, 106.2)
(7.9, 212.6, 109.3)
(9.3, 217.4, 111.7)
(9.0, 223.4, 111.8)
(7.8, 229.2, 110.7)
(7.8, 229.2, 110.7)
    
(12.9, 177.7, 97.1)
(12.0, 187.5, 99.7)
(10.8, 197.6, 102.0)
(8.0, 204.2, 103.3)
(8.0, 204.2, 103.3)
(7.1, 207.6, 104.8)
(9.0, 211.8, 105.5)
(9.0, 218.2, 105.7)
(7.5, 225.5, 105.3)
(7.5, 225.5, 105.3)
    
(15.7, 179.4, 93.8)
(13.0, 184.0, 94.4)
(13.0, 184.0, 94.4)
(11.4, 188.3, 94.6)
(9.9, 193.1, 95.9)
(8.7, 198.7, 98.5)
(8.1, 204.3, 100.8)
(8.1, 204.3, 100.8)
(6.6, 209.6, 102.0)
(4.0, 213.8, 102.0)
    
(12.9, 180.9, 94.1)
(11.9, 188.8, 98.4)
(11.0, 194.2, 101.6)
(11.5, 198.3, 102.7)
(11.5, 198.3, 102.7)
(10.8, 202.9, 102.2)
(7.5, 208.7, 101.1)
(6.3, 214.0, 101.6)
(6.8, 219.4, 102.9)
(7.2, 224.8, 103.9)
    
(12.4, 171.7, 90.0)
(9.3, 178.7, 90.8)
(5.9, 186.1, 92.0)
(4.3, 193.5, 94.0)
(4.3, 193.5, 94.0)
(4.5, 200.0, 96.6)
(4.6, 204.3, 98.2)
(4.0, 208.8, 98.6)
(3.6, 214.4, 98.1)
(3.6, 214.4, 98.1)
    
(11.5, 180.5, 90.1)
(11.4, 187.5, 94.9)
(12.3, 195.2, 99.0)
(12.1, 203.8, 101.6)
(12.1, 203.8, 101.6)
(10.1, 212.1, 102.3)
(6.7, 218.5, 100.9)
(3.2, 223.4, 98.6)
(0.8, 228.0, 97.0)
(0.8, 228.0, 97.0)
    
(13.7, 185.7, 95.9)
(14.8, 191.5, 98.5)
(14.8, 191.5, 98.5)
(15.7, 197.2, 99.9)
(14.3, 204.0, 99.9)
(12.2, 211.1, 100.1)
(10.7, 217.8, 99.9)
(10.7, 217.8, 99.9)
(9.9, 222.6, 99.2)
(10.2, 225.1, 98.1)
    
(14.2, 166.4, 91.6)
(14.3, 173.7, 93.3)
(13.9, 182.9, 94.8)
(13.3, 191.2, 96.1)
(13.3, 191.2, 96.1)
(11.8, 197.7, 97.1)
(10.4, 202.5, 97.3)
(9.0, 208.7, 96.2)
(8.4, 216.0, 95.3)
(8.4, 216.0, 95.3)
    
(12.5, 181.0, 94.7)
(11.2, 187.6, 96.1)
(11.1, 193.9, 98.2)
(11.0, 199.7, 100.8)
(11.0, 199.7, 100.8)
(10.2, 205.5, 102.0)
(8.5, 211.4, 101.6)
(6.8, 216.3, 100.8)
(6.8, 216.3, 100.8)
(5.6, 220.6, 101.0)
    
(17.6, 181.8, 94.5)
(15.8, 186.4, 96.6)
(14.5, 189.3, 97.7)
(13.5, 194.0, 98.0)
(11.5, 200.8, 98.4)
(11.5, 200.8, 98.4)
(11.1, 207.9, 99.8)
(10.4, 212.6, 100.4)
(8.7, 215.8, 100.7)
(7.2, 219.3, 100.3)
    
(15.1, 178.9, 96.2)
(13.1, 185.8, 97.3)
(12.1, 193.3, 99.3)
(11.3, 200.0, 101.4)
(11.3, 200.0, 101.4)
(11.5, 204.4, 103.1)
(12.9, 207.4, 103.2)
(13.7, 210.2, 101.9)
(10.7, 213.6, 100.4)
(10.7, 213.6, 100.4)
    
(12.9, 181.7, 93.0)
(8.7, 187.0, 94.3)
(5.0, 192.3, 95.4)
(4.7, 199.0, 97.9)
(4.7, 199.0, 97.9)
(6.7, 205.9, 99.8)
(8.3, 212.9, 100.5)
(7.3, 219.4, 99.8)
(5.8, 224.1, 98.8)
(5.8, 224.1, 98.8)
    
(17.4, 181.8, 97.0)
(17.2, 186.4, 98.2)
(17.2, 186.4, 98.2)
(16.6, 191.8, 98.7)
(15.6, 197.3, 98.3)
(14.0, 203.0, 97.5)
(11.8, 208.6, 96.4)
(11.8, 208.6, 96.4)
(9.9, 213.8, 96.0)
(8.7, 218.9, 96.3)
    
(14.1, 169.1, 89.9)
(12.3, 176.8, 93.0)
(10.9, 183.5, 95.3)
(10.6, 189.6, 97.3)
(10.6, 189.6, 97.3)
(9.6, 196.3, 98.9)
(8.2, 202.6, 99.6)
(6.6, 208.8, 98.9)
(4.8, 214.3, 97.9)
(4.8, 214.3, 97.9)
    
(13.0, 178.6, 88.9)
(11.9, 187.0, 91.7)
(9.0, 194.0, 94.4)
(7.0, 198.7, 96.1)
(7.0, 198.7, 96.1)
(6.1, 202.9, 96.1)
(4.6, 207.8, 95.8)
(2.9, 213.3, 96.1)
(2.1, 219.2, 96.7)
(2.1, 219.2, 96.7)
    
(14.5, 182.1, 92.2)
(13.3, 187.3, 93.7)
(13.3, 187.3, 93.7)
(12.8, 192.0, 95.1)
(12.4, 195.4, 96.5)
(11.8, 198.4, 97.4)
(11.8, 198.4, 97.4)
(10.4, 201.9, 97.4)
(8.0, 206.6, 96.6)
(5.9, 211.8, 95.9)
    
(18.6, 179.5, 92.3)
(18.5, 186.9, 94.2)
(16.8, 192.6, 95.3)
(14.6, 196.6, 96.1)
(13.6, 198.6, 96.4)
(13.6, 198.6, 96.4)
(12.7, 201.2, 96.0)
(10.1, 205.9, 95.0)
(8.7, 211.2, 94.5)
(8.0, 217.0, 94.8)
    
(15.9, 176.4, 89.2)
(14.5, 181.7, 90.7)
(13.0, 185.8, 91.7)
(11.7, 189.9, 92.8)
(11.7, 189.9, 92.8)
(10.8, 194.7, 94.0)
(9.4, 200.2, 94.5)
(7.5, 204.8, 94.3)
(4.9, 209.1, 93.8)
(4.9, 209.1, 93.8)
    
(19.7, 175.8, 94.2)
(18.2, 182.1, 95.7)
(18.2, 182.1, 95.7)
(15.3, 188.4, 96.1)
(13.4, 193.8, 96.9)
(13.7, 198.5, 98.1)
(14.4, 203.5, 98.5)
(14.4, 203.5, 98.5)
(13.3, 208.9, 97.8)
(11.2, 214.3, 96.5)
    
(16.7, 178.9, 94.7)
(15.3, 185.8, 96.9)
(12.9, 191.5, 97.7)
(10.1, 196.9, 97.9)
(10.1, 196.9, 97.9)
(7.2, 201.7, 97.8)
(5.6, 205.8, 97.9)
(4.6, 209.4, 97.8)
(4.6, 213.4, 97.8)
(4.6, 213.4, 97.8)
    
(12.4, 181.2, 92.5)
(10.9, 188.1, 94.5)
(10.3, 193.1, 96.7)
(10.5, 196.6, 97.7)
(10.5, 196.6, 97.7)
(11.2, 201.3, 97.9)
(10.5, 206.5, 97.3)
(8.4, 211.0, 96.3)
(6.1, 214.9, 95.8)
(6.1, 214.9, 95.8)
    
(18.6, 181.2, 92.6)
(18.6, 181.2, 92.6)
(17.6, 186.1, 94.0)
(15.7, 190.7, 93.9)
(13.4, 195.3, 93.9)
(11.6, 199.9, 94.3)
(11.6, 199.9, 94.3)
(10.7, 203.4, 95.2)
(10.0, 205.8, 95.3)
(8.7, 208.8, 93.9)
    
(17.5, 171.4, 91.2)
(17.2, 180.3, 94.8)
(16.0, 189.0, 98.2)
(13.3, 194.7, 99.7)
(10.5, 199.1, 100.0)
(10.5, 199.1, 100.0)
(9.5, 202.7, 100.0)
(8.9, 207.3, 99.4)
(8.4, 213.0, 99.1)
(7.7, 219.1, 99.0)
    
(14.8, 183.5, 92.9)
(13.1, 190.0, 94.2)
(11.7, 193.9, 96.0)
(12.6, 197.2, 97.1)
(12.6, 197.2, 97.1)
(12.8, 203.1, 97.0)
(11.5, 209.1, 96.5)
(10.0, 214.2, 95.7)
(7.9, 218.9, 94.4)
(7.9, 218.9, 94.4)
    
(16.1, 182.2, 88.8)
(16.6, 190.5, 90.3)
(16.6, 190.5, 90.3)
(16.7, 197.8, 91.9)
(15.1, 203.3, 91.9)
(12.9, 208.0, 91.0)
(9.5, 212.7, 89.2)
(9.5, 212.7, 89.2)
(7.2, 216.5, 88.3)
(5.9, 220.5, 87.4)
    
(11.5, 178.6, 92.4)
(11.2, 185.4, 95.6)
(11.2, 193.2, 97.9)
(9.6, 199.4, 99.1)
(8.4, 203.6, 99.7)
(7.9, 206.6, 99.3)
(7.9, 206.6, 99.3)
(5.8, 211.1, 98.0)
(3.7, 216.1, 97.3)
(2.2, 220.8, 96.6)
    
(10.9, 182.8, 92.6)
(9.6, 189.9, 95.9)
(8.2, 195.5, 97.3)
(6.7, 202.2, 98.8)
(6.7, 202.2, 98.8)
(6.5, 207.1, 99.3)
(6.7, 212.1, 99.9)
(6.3, 216.4, 98.8)
(4.1, 220.2, 96.9)
(4.1, 220.2, 96.9)
    
(20.1, 183.2, 94.7)
(20.6, 190.9, 97.2)
(20.6, 190.9, 97.2)
(18.8, 196.7, 98.3)
(16.3, 200.6, 97.5)
(13.0, 205.4, 96.2)
(10.8, 210.9, 96.2)
(10.8, 210.9, 96.2)
(9.9, 215.6, 96.2)
(10.0, 219.1, 95.9)
    
(14.2, 175.6, 87.9)
(12.1, 182.6, 89.6)
(12.1, 182.6, 89.6)
(10.4, 188.4, 91.2)
(10.1, 192.3, 93.3)
(10.4, 196.0, 95.2)
(9.6, 201.4, 96.0)
(9.6, 201.4, 96.0)
(8.9, 206.9, 95.8)
(7.6, 211.9, 95.4)
    
(14.7, 180.4, 94.0)
(13.8, 185.4, 95.4)
(14.7, 192.6, 96.7)
(14.7, 192.6, 96.7)
(15.3, 200.7, 98.1)
(14.3, 207.3, 98.7)
(12.0, 211.3, 97.7)
(9.0, 214.1, 95.6)
(9.0, 214.1, 95.6)
(7.8, 217.3, 94.0)
    
(16.0, 181.1, 91.5)
(16.1, 188.4, 92.9)
(16.1, 188.4, 92.9)
(14.8, 195.2, 93.1)
(12.8, 201.3, 91.8)
(11.0, 207.3, 91.0)
(10.4, 212.8, 91.6)
(10.4, 212.8, 91.6)
(10.8, 216.8, 92.4)
(10.0, 220.6, 91.9)
    
(14.2, 179.3, 90.7)
(14.2, 179.3, 90.7)
(13.7, 183.7, 90.7)
(11.7, 190.9, 89.9)
(9.6, 198.8, 90.1)
(8.2, 205.9, 91.6)
(8.2, 205.9, 91.6)
(7.6, 211.1, 92.8)
(8.5, 215.4, 93.8)
(9.3, 219.8, 93.6)
    
(10.3, 176.5, 91.1)
(9.5, 184.2, 94.1)
(11.4, 190.0, 97.4)
(14.6, 194.0, 99.8)
(14.6, 194.0, 99.8)
(14.6, 198.5, 100.5)
(12.1, 203.7, 99.4)
(8.5, 208.8, 97.7)
(5.6, 213.4, 96.3)
(5.6, 213.4, 96.3)
    
(10.5, 177.9, 83.0)
(9.3, 182.2, 84.8)
(9.3, 182.2, 84.8)
(9.6, 184.3, 86.9)
(10.2, 188.7, 87.9)
(9.0, 196.5, 87.9)
(6.9, 203.4, 88.1)
(6.9, 203.4, 88.1)
(4.1, 208.8, 88.0)
(2.7, 212.3, 87.5)
    
(22.6, 176.4, 92.0)
(21.3, 181.1, 92.3)
(18.4, 185.3, 91.1)
(15.4, 188.5, 89.9)
(13.2, 191.2, 88.9)
(13.2, 191.2, 88.9)
(12.1, 194.8, 89.0)
(12.2, 198.8, 90.0)
(11.7, 203.1, 90.5)
(10.0, 207.0, 90.0)
    
(20.9, 177.1, 93.0)
(19.6, 184.7, 94.3)
(17.4, 191.9, 95.1)
(14.3, 198.2, 95.2)
(14.3, 198.2, 95.2)
(12.7, 203.6, 96.5)
(13.1, 207.6, 97.4)
(13.2, 211.4, 98.1)
(11.0, 216.5, 96.9)
(11.0, 216.5, 96.9)
    
(7.3, 173.4, 93.5)
(9.3, 180.7, 96.6)
(10.4, 188.6, 97.8)
(9.5, 195.8, 98.0)
(8.2, 202.5, 98.5)
(8.2, 202.5, 98.5)
(7.8, 208.7, 99.2)
(7.4, 213.9, 99.4)
(7.5, 217.3, 99.7)
(8.6, 219.1, 100.3)
    
(15.6, 187.3, 94.8)
(14.9, 194.7, 96.2)
(14.9, 194.7, 96.2)
(12.2, 200.3, 96.7)
(8.8, 204.0, 96.6)
(7.4, 208.0, 98.1)
(8.1, 214.0, 99.2)
(8.1, 214.0, 99.2)
(7.7, 220.7, 99.8)
(6.0, 225.3, 99.5)
    
(19.8, 178.0, 86.8)
(18.8, 183.2, 87.6)
(17.6, 188.4, 88.1)
(17.2, 194.1, 88.2)
(17.2, 194.1, 88.2)
(15.6, 199.2, 88.0)
(12.0, 202.8, 87.7)
(10.7, 206.7, 87.7)
(10.3, 210.9, 88.0)
(10.3, 210.9, 88.0)
    
(15.5, 186.2, 96.5)
(15.5, 186.2, 96.5)
(12.8, 192.3, 97.8)
(9.7, 196.9, 97.9)
(6.6, 200.6, 97.8)
(4.6, 204.1, 98.8)
(6.2, 208.6, 101.3)
(6.2, 208.6, 101.3)
(6.6, 214.4, 102.4)
(5.1, 219.3, 101.7)
    
(17.4, 176.3, 95.0)
(14.1, 182.7, 95.4)
(11.4, 189.8, 97.2)
(11.4, 189.8, 97.2)
(11.5, 195.9, 99.6)
(13.1, 199.7, 101.9)
(13.5, 203.8, 102.6)
(12.6, 208.7, 102.1)
(12.6, 208.7, 102.1)
(11.1, 213.9, 101.1)
    
(18.2, 178.4, 98.2)
(16.2, 185.3, 101.1)
(15.8, 190.8, 102.9)
(15.8, 190.8, 102.9)
(15.5, 195.3, 102.8)
(12.4, 199.0, 100.6)
(9.0, 203.9, 99.2)
(7.1, 209.4, 99.4)
(7.1, 209.4, 99.4)
(6.2, 214.4, 100.7)
    
(18.7, 178.2, 93.2)
(17.6, 187.4, 96.6)
(16.5, 195.4, 99.4)
(15.5, 201.6, 101.0)
(15.5, 201.6, 101.0)
(14.1, 206.6, 100.9)
(12.5, 211.0, 100.1)
(11.0, 216.0, 99.4)
(11.0, 216.0, 99.4)
(9.6, 221.9, 99.2)
    
(19.8, 179.7, 96.2)
(18.4, 184.5, 97.2)
(16.9, 189.8, 99.2)
(14.3, 195.1, 101.2)
(11.5, 200.3, 102.9)
(11.5, 200.3, 102.9)
(9.5, 204.9, 103.8)
(8.3, 208.6, 104.0)
(7.4, 211.6, 103.9)
(6.5, 215.3, 104.1)
    
(13.5, 180.5, 97.2)
(13.2, 185.2, 99.3)
(12.6, 191.4, 101.0)
(11.2, 199.2, 103.1)
(11.2, 199.2, 103.1)
(8.8, 206.1, 105.2)
(5.8, 211.1, 105.9)
(3.6, 214.5, 104.7)
(2.0, 218.4, 102.7)
(2.0, 218.4, 102.7)
    
(12.8, 179.6, 95.7)
(14.8, 185.3, 98.9)
(14.8, 185.3, 98.9)
(13.4, 191.1, 100.5)
(10.5, 196.7, 101.2)
(7.9, 202.2, 101.8)
(7.9, 202.2, 101.8)
(6.4, 207.2, 102.8)
(5.3, 211.8, 104.2)
(5.3, 215.6, 105.0)
    
(15.6, 181.0, 90.7)
(15.1, 184.5, 92.8)
(14.3, 188.7, 95.0)
(12.7, 193.9, 96.9)
(10.5, 198.6, 98.1)
(10.5, 198.6, 98.1)
(8.8, 202.2, 99.2)
(7.7, 205.6, 99.5)
(5.6, 209.7, 99.5)
(2.8, 214.6, 99.9)
    
(18.3, 180.1, 98.2)
(13.8, 182.7, 98.2)
(10.3, 185.4, 98.8)
(11.7, 189.6, 101.4)
(11.7, 189.6, 101.4)
(14.4, 195.2, 104.5)
(13.5, 200.4, 105.9)
(10.3, 204.8, 106.0)
(7.6, 209.2, 105.2)
(7.6, 209.2, 105.2)
    
(10.1, 172.6, 96.0)
(11.1, 183.4, 100.9)
(12.9, 194.2, 105.4)
(12.9, 194.2, 105.4)
(13.8, 201.7, 107.3)
(13.4, 207.5, 107.7)
(10.9, 211.8, 107.2)
(10.9, 211.8, 107.2)
(8.2, 215.5, 106.3)
(7.4, 219.0, 106.3)
    
(21.1, 185.2, 99.5)
(18.0, 192.0, 102.2)
(15.3, 195.9, 103.4)
(14.0, 198.8, 103.8)
(12.6, 204.0, 104.4)
(12.6, 204.0, 104.4)
(11.1, 210.9, 105.6)
(9.8, 217.4, 106.6)
(7.9, 222.5, 106.9)
(4.9, 225.5, 105.7)
    
(18.6, 179.9, 99.3)
(16.3, 185.7, 102.1)
(11.6, 190.6, 103.0)
(8.6, 196.9, 102.4)
(8.6, 196.9, 102.4)
(7.9, 204.1, 101.8)
(7.9, 212.2, 101.5)
(8.2, 219.0, 101.1)
(8.4, 225.5, 100.8)
(8.4, 225.5, 100.8)
    
(9.9, 180.6, 94.5)
(7.5, 190.2, 95.9)
(8.7, 199.7, 98.5)
(10.8, 207.8, 100.6)
(10.8, 207.8, 100.6)
(11.7, 213.9, 100.1)
(11.0, 218.4, 98.1)
(8.5, 222.8, 96.0)
(7.5, 227.3, 94.4)
(7.5, 227.3, 94.4)
    
(18.2, 183.1, 97.2)
(18.2, 183.1, 97.2)
(16.5, 188.5, 99.1)
(15.4, 193.8, 102.2)
(16.9, 197.4, 104.4)
(18.9, 201.0, 105.6)
(18.9, 201.0, 105.6)
(18.3, 205.6, 105.4)
(16.4, 209.9, 104.6)
(14.1, 213.7, 103.5)
    
(20.2, 181.3, 102.4)
(18.6, 187.6, 103.0)
(17.6, 194.1, 104.5)
(17.1, 199.5, 105.9)
(16.0, 204.9, 106.2)
(16.0, 204.9, 106.2)
(15.2, 209.6, 105.6)
(13.5, 214.1, 104.9)
(11.8, 218.7, 104.8)
(11.5, 222.8, 104.9)
    
(20.2, 178.0, 98.6)
(18.6, 186.2, 99.5)
(17.3, 193.7, 100.0)
(15.7, 199.6, 100.8)
(14.6, 203.9, 102.5)
(14.6, 203.9, 102.5)
(14.6, 208.1, 103.2)
(13.7, 213.0, 102.0)
(11.4, 216.9, 99.7)
(9.3, 220.2, 97.8)
    
(21.4, 187.9, 104.5)
(21.4, 187.9, 104.5)
(20.5, 192.8, 104.6)
(18.2, 196.8, 103.2)
(15.2, 200.4, 101.5)
(12.6, 203.9, 100.5)
(12.6, 203.9, 100.5)
(10.2, 207.9, 99.6)
(8.7, 211.9, 99.4)
(7.4, 215.8, 98.4)
    
(16.6, 180.7, 100.7)
(19.1, 186.8, 105.4)
(21.7, 192.5, 107.0)
(20.2, 198.1, 105.5)
(20.2, 198.1, 105.5)
(16.8, 203.4, 104.0)
(13.4, 208.7, 103.2)
(11.7, 212.5, 102.5)
(11.2, 215.9, 102.1)
(11.2, 215.9, 102.1)
    
(18.8, 174.8, 97.2)
(17.1, 178.1, 98.3)
(17.1, 178.1, 98.3)
(15.1, 183.0, 99.0)
(13.4, 188.9, 100.1)
(11.6, 194.2, 101.3)
(10.2, 197.8, 102.1)
(10.2, 197.8, 102.1)
(10.1, 200.9, 102.4)
(9.2, 205.2, 102.3)
    
(17.7, 180.6, 100.1)
(16.0, 187.1, 101.2)
(13.8, 193.9, 102.8)
(12.0, 200.2, 104.7)
(12.0, 200.2, 104.7)
(9.6, 205.8, 106.6)
(7.0, 210.1, 107.7)
(5.2, 214.1, 107.5)
(3.8, 218.8, 107.0)
(3.8, 218.8, 107.0)
    
(16.2, 181.8, 99.0)
(13.1, 187.1, 99.4)
(10.0, 192.7, 99.9)
(8.6, 198.4, 100.7)
(7.9, 204.2, 101.0)
(7.9, 204.2, 101.0)
(7.6, 209.3, 100.6)
(6.6, 214.0, 100.6)
(5.7, 218.2, 100.8)
(5.2, 222.5, 101.7)
    
(18.6, 181.2, 93.8)
(16.3, 186.8, 95.2)
(16.3, 186.8, 95.2)
(13.7, 192.6, 97.1)
(13.1, 196.8, 98.9)
(12.7, 200.6, 99.6)
(9.5, 205.1, 99.3)
(9.5, 205.1, 99.3)
(6.1, 210.1, 98.8)
(5.9, 214.9, 99.0)
    
(10.8, 176.7, 100.6)
(12.2, 185.7, 103.5)
(12.4, 193.8, 105.0)
(12.4, 193.8, 105.0)
(12.0, 201.5, 105.8)
(11.0, 208.5, 105.8)
(9.9, 214.2, 105.7)
(8.7, 218.4, 105.2)
(8.7, 218.4, 105.2)
(6.7, 221.9, 104.6)
    
(17.8, 179.9, 103.1)
(17.2, 183.3, 105.7)
(17.3, 188.0, 106.7)
(17.3, 188.0, 106.7)
(16.5, 194.5, 107.3)
(14.8, 201.7, 107.8)
(13.0, 207.9, 107.8)
(11.0, 212.6, 107.5)
(11.0, 212.6, 107.5)
(8.7, 216.0, 107.3)
    
(18.4, 174.1, 97.1)
(18.9, 178.6, 98.6)
(18.4, 183.9, 99.2)
(18.4, 183.9, 99.2)
(16.3, 190.3, 99.9)
(14.0, 197.1, 101.2)
(12.3, 202.8, 102.4)
(11.3, 207.6, 103.0)
(11.3, 207.6, 103.0)
(10.8, 211.4, 102.9)
    
(15.5, 188.0, 100.2)
(13.2, 194.1, 100.8)
(13.2, 194.1, 100.8)
(11.0, 200.3, 101.0)
(8.4, 206.9, 100.8)
(6.8, 213.7, 101.3)
(6.5, 218.8, 102.0)
(6.5, 218.8, 102.0)
(6.5, 222.7, 102.9)
(6.0, 226.0, 102.4)
    
(18.5, 182.8, 93.6)
(17.2, 187.1, 94.8)
(15.7, 190.8, 96.3)
(14.6, 195.8, 97.5)
(14.6, 195.8, 97.5)
(14.1, 201.4, 98.5)
(13.3, 206.3, 98.7)
(12.4, 210.1, 98.0)
(11.6, 213.2, 96.8)
(11.6, 213.2, 96.8)
    
(23.5, 175.9, 98.5)
(19.0, 181.2, 98.2)
(16.3, 187.0, 99.0)
(16.3, 187.0, 99.0)
(15.4, 192.6, 100.5)
(14.7, 197.3, 101.7)
(15.1, 200.7, 102.3)
(13.5, 204.3, 101.4)
(13.5, 204.3, 101.4)
(11.4, 208.2, 100.3)
    
(15.1, 174.3, 89.1)
(14.9, 182.2, 91.1)
(13.8, 187.6, 91.8)
(13.8, 187.6, 91.8)
(12.5, 191.5, 92.4)
(11.4, 197.0, 92.7)
(10.6, 204.3, 93.1)
(9.9, 211.3, 93.5)
(9.9, 211.3, 93.5)
(9.1, 215.8, 92.7)
    
(19.3, 187.4, 96.5)
(19.3, 187.4, 96.5)
(18.5, 195.2, 97.1)
(17.2, 201.7, 97.1)
(15.1, 206.5, 96.8)
(14.5, 209.3, 96.6)
(14.5, 209.3, 96.6)
(14.5, 212.4, 96.3)
(13.9, 216.9, 96.0)
(13.0, 222.3, 96.2)
    
(23.7, 181.7, 98.1)
(22.5, 186.8, 97.4)
(20.0, 191.8, 96.0)
(17.6, 197.4, 95.2)
(17.6, 197.4, 95.2)
(16.8, 202.8, 97.0)
(17.4, 205.3, 97.4)
(17.5, 207.6, 96.6)
(14.7, 211.9, 94.1)
(14.7, 211.9, 94.1)
    
(18.4, 182.8, 97.1)
(18.4, 182.8, 97.1)
(17.9, 186.9, 98.1)
(18.1, 192.2, 99.7)
(18.2, 198.5, 100.3)
(17.2, 203.7, 99.4)
(17.2, 203.7, 99.4)
(14.0, 207.8, 97.4)
(10.5, 211.3, 95.2)
(9.3, 214.6, 94.5)
    
(16.9, 176.0, 96.7)
(14.4, 184.2, 96.7)
(11.1, 191.0, 96.2)
(9.2, 196.5, 97.2)
(9.2, 196.5, 97.2)
(11.3, 200.5, 99.1)
(12.9, 206.0, 99.4)
(11.8, 212.1, 98.5)
(8.9, 217.8, 97.3)
(7.9, 222.0, 96.2)
    
(13.5, 180.4, 94.6)
(11.1, 187.0, 95.9)
(9.4, 192.5, 97.3)
(9.0, 197.9, 99.1)
(9.2, 203.5, 101.2)
(9.2, 203.5, 101.2)
(9.1, 208.8, 102.6)
(9.0, 214.7, 102.9)
(7.3, 220.3, 101.2)
(5.7, 223.7, 99.2)
    
(18.0, 181.0, 94.3)
(14.9, 185.1, 94.8)
(15.2, 187.6, 96.1)
(16.4, 191.7, 97.0)
(13.9, 197.5, 96.9)
(13.9, 197.5, 96.9)
(11.4, 202.7, 96.5)
(10.4, 207.7, 96.6)
(10.2, 212.6, 97.4)
(9.9, 217.4, 98.1)
    
(12.5, 173.6, 91.1)
(12.0, 179.2, 91.8)
(12.3, 186.4, 93.1)
(12.0, 194.0, 95.0)
(10.1, 198.8, 95.6)
(10.1, 198.8, 95.6)
(7.8, 202.5, 95.6)
(6.8, 205.6, 95.9)
(8.2, 209.7, 96.8)
(9.2, 215.0, 98.1)
    
(11.1, 179.8, 98.3)
(11.1, 189.7, 101.5)
(10.8, 197.0, 103.5)
(10.0, 202.9, 105.2)
(10.0, 202.9, 105.2)
(9.3, 207.3, 105.5)
(8.3, 210.9, 104.8)
(7.6, 214.2, 104.1)
(6.3, 217.9, 103.2)
(6.3, 217.9, 103.2)
    
(14.2, 180.1, 94.6)
(12.5, 185.5, 95.8)
(12.5, 185.5, 95.8)
(9.6, 188.7, 96.0)
(7.3, 192.3, 96.2)
(6.0, 198.3, 97.1)
(5.1, 204.7, 98.1)
(5.1, 204.7, 98.1)
(4.5, 211.5, 99.7)
(4.1, 217.0, 101.5)
    
(5.1, 180.9, 94.6)
(5.1, 180.9, 94.6)
(7.5, 189.7, 97.6)
(9.5, 197.7, 99.8)
(9.5, 203.5, 99.9)
(9.0, 208.0, 98.6)
(9.0, 208.0, 98.6)
(7.5, 212.2, 97.1)
(5.1, 216.2, 96.8)
(3.5, 220.6, 96.9)
    
(14.0, 184.7, 100.0)
(13.0, 189.6, 101.5)
(10.8, 193.1, 102.1)
(8.6, 195.8, 102.5)
(7.4, 198.9, 103.2)
(7.4, 198.9, 103.2)
(7.2, 203.4, 104.3)
(6.2, 208.9, 105.3)
(4.6, 214.3, 106.1)
(2.9, 218.7, 106.2)
    
(18.0, 181.2, 98.7)
(17.4, 187.4, 99.6)
(17.4, 187.4, 99.6)
(15.5, 194.4, 100.7)
(13.1, 200.2, 101.8)
(11.2, 205.3, 103.2)
(11.4, 208.5, 103.4)
(11.4, 208.5, 103.4)
(12.4, 211.0, 102.7)
(12.5, 213.6, 101.6)
    
(17.5, 172.8, 94.1)
(15.5, 181.1, 95.8)
(15.3, 189.6, 98.9)
(15.0, 196.3, 101.5)
(15.0, 196.3, 101.5)
(14.2, 200.3, 102.1)
(14.5, 202.7, 102.0)
(15.2, 206.0, 101.1)
(14.5, 210.0, 100.2)
(14.5, 210.0, 100.2)
    
(11.2, 181.2, 93.9)
(11.1, 187.8, 97.7)
(13.5, 193.3, 101.6)
(14.0, 198.9, 102.7)
(13.6, 204.4, 103.2)
(13.6, 204.4, 103.2)
(11.7, 209.5, 103.2)
(9.2, 213.3, 102.8)
(7.2, 216.3, 102.5)
(7.2, 216.3, 102.5)
    
/n
