    
    
    
    
    
    
    
    
    
    
0
0.2692991
0.2237936
0.2196109
0.2482488
0
0.2146686
0.1815292
0.1522533
    
0.2517121
0.2550865
0.2374683
0
0.2200149
0.2081966
0.1903483
0.197475
0
    
0
0.1995077
0.1941391
0.1890892
0.1931159
0
0.1878736
0.1751485
0.1762127
    
0.2003865
0.1825531
0.1913652
0.2166974
0
0.2080771
0.1971644
0.171009
0.1532477
    
0.2611593
0.2733027
0.2374356
0.2311852
0
0.237776
0.2050221
0.1986
0.1890208
    
0.3201831
0.2904369
0
0.2550153
0.2289828
0.2081097
0.1748871
0
0.1509264
    
0
0.1599397
0.1518499
0.1501082
0.1619035
0
0.1693953
0.151598
0.1435287
    
0.2134011
0.2140657
0.2104637
0.1896639
0
0.1614533
0.1512381
0.1650051
0.1479559
    
0.2077387
0.2088702
0
0.1955333
0.1449702
0.1225727
0.1159152
0
0.1727236
    
0.2246781
0
0.206474
0.2057887
0.1988921
0.1900903
0
0.1844927
0.1772515
    
0.2438975
0.191774
0
0.1739151
0.1628366
0.1726522
0.1516687
0
0.143416
    
0.2042018
0.1908294
0.170615
0.1606523
0
0.1621738
0.1659653
0.1619041
0.1416434
    
0.2846208
0
0.2219914
0.1964628
0.1770459
0.1745118
0
0.1691911
0.1530913
    
0.3806328
0
0.3960241
0
0
0.3728584
0
0.3261774
0
    
0.488635
0
0
0.42056
0
0.3816752
0
0
0.3517294
    
0
0.3740864
0
0.4154257
0
0
0.366808
0
0.3067788
    
0.5185329
0
0
0.3724634
0
0.3746216
0
0
0.3192761
    
0.3258891
0
0.3476541
0
0
0.3504566
0
0.31269
0
    
0.5083262
0
0.3806451
0
0
0.3264021
0
0
0.3101731
    
0
0.3516387
0
0.3703282
0
0
0.3718857
0
0.3632858
    
0.3300884
0
0
0.3398695
0
0.3343639
0
0
0.2904135
    
0.4966551
0
0.3737725
0
0
0.3843719
0
0.2764899
0
    
0.481448
0
0
0.4417199
0
0.3654446
0
0
0.3121262
    
0.4257728
0
0.4206179
0
0
0.3432795
0
0.2769667
0
    
0.4640988
0
0
0.4609758
0
0.3391185
0
0
0.3255494
    
0
0
0.4462334
0
0
0.5124365
0
0.3830111
0
    
0.3867014
0
0.3926573
0
0
0.3542704
0
0.3411658
0
    
0.4250084
0
0
0.3581771
0
0.3168494
0
0
0.2487878
    
0
0
0.416827
0
0
0.308748
0
0.276372
0
    
0
0.3585955
0
0
0.2850583
0
0.2755077
0
0
    
0.2751333
0
0
0.2444828
0
0.2196757
0
0
0.2560642
    
0
0
0.3492089
0
0.3365979
0
0
0.3165499
0
    
0.3476642
0
0
0.3255856
0
0.3430904
0
0.3215145
0
    
0.3875017
0
0.3512301
0
0
0.3013597
0
0.238863
0
    
0.2694165
0
0.241301
0
0
0.2635524
0
0.2619382
0
    
0.2723282
0
0
0.2014006
0
0.2174065
0
0
0.1942699
    
0.2875492
0
0
0.1974863
0
0.2246624
0
0
0.1634714
    
0
0
0.3017136
0
0.2488788
0
0
0.2172133
0
    
0
0.3238312
0
0.3111812
0
0
0.3094141
0
0.2701238
    
0.3443944
0
0
0.3233812
0
0.3736647
0
0
0.3021126
    
0.3271098
0
0
0.2272386
0
0.2709849
0
0
0.2617673
    
0
0.275353
0
0.2806043
0
0
0.2638954
0
0.2494769
    
0
0.289468
0
0
0.2382741
0
0
0.1544712
0
    
0.3180887
0
0
0.2795891
0
0.259702
0
0
0.2990223
    
0
0
0.2788414
0
0.224236
0
0
0.229898
0
    
0
0.2992732
0
0
0.2938037
0
0.2457776
0
0
    
0.3311351
0
0
0.3730827
0
0.3175352
0
0
0.2622811
    
0
0
0.2925333
0
0.25793
0
0
0.246394
0
    
0.2678477
0
0
0.293345
0
0.2827323
0
0
0.2183588
    
0.3203882
0
0
0.3251596
0
0
0.2676669
0
0.2427238
    
0
0
0.2473814
0
0.2910809
0
0
0.2822712
0
    
0.2936215
0
0
0.2512198
0
0.2156522
0
0
0.2279565
    
0.3286647
0
0.2676286
0
0
0.2364644
0
0.2387992
0
    
0
0
0.2496797
0
0.2330416
0
0
0.2458055
0
    
0
0.285392
0
0
0.2571888
0
0.2383437
0
0
    
0
0.2218068
0
0
0.2042422
0
0.1895144
0
0
    
0
0.2059983
0
0.1885182
0
0
0.1891029
0
0.1839264
    
0.2001198
0
0.2284997
0
0
0.1934862
0
0.200865
0
    
0
0.1786101
0
0
0.1452053
0
0.1598904
0
0
    
0
0
0.1538206
0
0.1676919
0
0
0.1866283
0
    
0.1828886
0
0
0.1893437
0
0.1556489
0
0
0.1600762
    
0.2358274
0
0.2301967
0
0
0.1836335
0
0.178199
0
    
0
0.1843065
0
0.2305465
0
0
0.1920917
0
0.1646235
    
0.1985367
0
0.1880824
0
0
0.2168164
0
0.180975
0
    
0.0927842
0.0961592
0.09231194
0
0.09020108
0.08633144
0.06972549
0.06198766
0
    
0.07204745
0
0.07157533
0.07662532
0.07635992
0.07694977
0.07513108
0
0.07309403
    
0.1360628
0.1505174
0.1465342
0
0.127835
0.1321287
0.1272995
0.1263918
0
    
0.1374022
0.1278841
0
0.1151497
0.1225765
0.1390968
0.1461769
0
0.1426112
    
0.1460994
0
0.1514565
0.1478574
0.1436779
0.1331495
0
0.1197879
0.1191782
    
0.1410641
0.1404344
0
0.1376321
0.1083898
0.0961586
0.09811792
0
0.1035889
    
0.1782394
0
0.1627965
0.1540002
0.1490648
0.1455756
0
0.1446489
0.1312952
    
0.1908096
0
0.1810604
0.1609555
0.1443537
0.1457469
0
0.1373492
0.1396895
    
0.1345575
0.1585029
0.1352217
0
0.1240408
0.1125795
0.100592
0.1073434
0
    
0.166403
0
0.1628197
0.1584824
0.1572318
0.1524119
0
0.1473476
0.1412775
    
0
0.2399089
0.2125531
0.1313906
0.1298085
0
0.1462341
0.1444201
0.1408575
    
0.1191552
0.1229266
0.09311378
0
0.08237053
0.1142557
0.1205583
0.112362
0
    
0.147691
0.1546033
0
0.1453759
0.1296776
0.1048399
0.09821706
0
0.1232665
    
0.1760948
0
0.1918328
0.1759997
0.1358372
0.1097979
0
0.1085463
0.1167794
    
0.1503557
0.1432854
0.142894
0.1503228
0
0.1539485
0.1516187
0.1519475
0.1500231
    
0.281272
0.2347308
0.2099813
0
0.2030186
0.1944736
0.1779879
0.174749
0
    
0.1498387
0.1266
0
0.1208062
0.1391206
0.1501982
0.1519668
0
0.1467711
    
0.2121565
0.1765803
0.1796103
0.184403
0
0.1682377
0.1544892
0.1390281
0
    
0.2019399
0.1967253
0
0.1870338
0.1892211
0.1882321
0.1643637
0
0.1625464
    
0.2226121
0.1881473
0
0.1535798
0.1355644
0.1449482
0.1621275
0
0.13099
    
0.1303416
0.1595813
0.1538701
0.1579433
0
0.151884
0.1257754
0.09960106
0.1130502
    
0.1949222
0
0.1932029
0.1796494
0.1510923
0.1503553
0
0.1612228
0.1642644
    
0.2049583
0
0.1909601
0.2012388
0.1680257
0.1518932
0
0.1315212
0.1232589
    
0
0.1620209
0.151936
0.1449736
0.1302394
0
0.1217196
0.1277735
0.1396634
    
0.1604886
0.151017
0.1433529
0
0.1417788
0.139912
0.1174527
0
0.1097985
    
0.1899057
0.1911616
0
0.1682058
0.1613754
0.1374802
0.1386234
0
0.1403411
    
0
0.1526521
0.1443973
0.1606874
0.140529
0
0.1473508
0.09208182
0.1104225
    
0.1633753
0.173548
0.1634351
0.1596396
0
0.1196723
0.1031672
0.1182368
0
    
0.1726788
0.1753874
0
0.1828048
0.1557222
0.1385099
0.1041094
0
0.1054085
    
0
0.139056
0.1307193
0.1417197
0.1591444
0
0.1635709
0.1593569
0.1366895
    
0.170241
0.1706853
0.141609
0
0.1234557
0.1216001
0.1244883
0.1260995
0
    
0.2209145
0.2048086
0
0.197217
0.1639894
0.1335031
0.138685
0
0.1536045
    
0.206731
0.1962877
0.1875833
0.1775401
0
0.1580023
0.1494074
0.1531117
0.145251
    
0.1882572
0.1796164
0.1482673
0.1448655
0
0.1468271
0.1410376
0.1485337
0.1363783
    
0.2247532
0.2190487
0
0.2237881
0.193352
0.1947404
0.162188
0.1494049
0
    
/n
0.1505856
0.1382921
0.1307433
0
0.1332135
0.1280591
0.12878
0
0.1367937
    
0.1986441
0.1627434
0.1601284
0.1655148
0
0.1676411
0.172346
0.1688797
0.1718426
    
0.2063414
0.2052673
0
0.2052635
0.1871323
0.1835497
0.1724842
0.1728592
0
    
0.2395208
0.2144776
0.21448
0.2158229
0
0.2032027
0.2074359
0.2175014
0.1926714
    
0.1971229
0.1922541
0
0.1965194
0.2038892
0.1854425
0.1848781
0
0.1779183
    
0.1615357
0.1612334
0
0.171955
0.1530626
0.1450229
0.1462696
0
0.1501744
    
0.1502356
0.1518275
0.1634526
0
0.1646047
0.1512151
0.1421295
0.130854
0
    
0.2021523
0.208033
0.1887897
0.1746995
0
0.1602936
0.1574476
0.1424686
0.1433361
    
0.1918679
0.1790408
0.1829312
0.1882938
0
0.1838632
0.1742431
0.1591539
0.1500507
    
0.1835683
0
0.1642815
0.1622258
0.1519906
0.1546826
0
0.1354298
0.1266887
    
0.1815104
0
0.1764503
0.165371
0.1547192
0.1569016
0
0.1557317
0.1544401
    
0.1688598
0.1631581
0.1696502
0.1572953
0
0.1625117
0.1493577
0.1459036
0.1422976
    
0.1709075
0.1594775
0.1563478
0
0.1543484
0.1522769
0.1514474
0.1350767
0
    
0.187131
0.1688118
0
0.1758597
0.1812686
0.184928
0.1800219
0
0.1664332
    
0.1982851
0
0.1955615
0.1938164
0.1850511
0.1777941
0
0.1694178
0.1552993
    
0.1906758
0
0.1800175
0.1638306
0.1573242
0.156546
0
0.1547748
0.1548739
    
0.1956534
0
0.185579
0.1749071
0.1744685
0.179769
0
0.1760557
0.1664129
    
0.2050137
0.2049994
0.1879296
0
0.1974113
0.1813688
0.1776499
0.1561845
0.1555009
    
0.214046
0.2189072
0.1961421
0
0.1749358
0.157633
0.1598807
0.158813
0
    
0.2135395
0.2130035
0.178933
0
0.1573711
0.1550463
0.1671131
0.169226
0
    
0.1701484
0
0.1581626
0.1607516
0.1632343
0.1578875
0
0.1558162
0.1482553
    
0.1952217
0.1736832
0.1596113
0
0.1562839
0.1753109
0.147142
0.142276
0.1424049
    
0.1895453
0.1933159
0.1888903
0
0.1819561
0.1538455
0.1517109
0.1530839
0
    
0.1996592
0.1959009
0.1975631
0
0.190991
0.1733324
0.1545673
0.1512976
0
    
0.1696647
0
0.1694932
0.1668054
0.168254
0.1586166
0
0.1421702
0.1237952
    
0.2140331
0.2085549
0.1980461
0
0.1949612
0.170379
0.1713773
0.1739561
0
    
0.1839982
0.1771041
0.1725679
0
0.1735761
0.1678854
0.1543845
0
0.1434667
    
0.1834675
0.1846361
0.1725381
0.1839002
0
0.1825016
0.1531798
0.1525989
0.14613
    
0.1733434
0.1716529
0.1623584
0
0.1408833
0.1240507
0.1265928
0.1328574
0
    
0.141446
0.1631652
0.1897653
0
0.1744706
0.1694378
0.16634
0.1434224
0
    
0.1259311
0
0.1342566
0.164512
0.1699227
0.1649037
0
0.1528962
0.1501007
    
0.2011708
0.1927989
0.1841776
0
0.1828407
0.1754751
0.1670582
0.1549322
0
    
0.1987153
0.197241
0.183775
0
0.1532274
0.1603912
0.1564703
0.1515948
0
    
0.1496145
0
0.1440924
0.1352851
0.1294098
0
0.1330712
0.1395366
0.1398437
    
0.1651774
0.1512383
0.1335604
0.1174553
0
0.1144312
0.1238383
0.1280774
0.1468542
    
0.1632895
0.1562099
0.1560186
0
0.1597131
0.1626775
0.1480871
0.1450307
0
    
0.189413
0
0.1846665
0.1773738
0.169258
0.1611145
0
0.1615414
0.1587452
    
0.1850666
0.1685307
0.1659938
0
0.1573361
0.1482237
0.1361492
0.1338442
0
    
0.1703112
0.153097
0.1342648
0
0.1409902
0.1407653
0.1322734
0.1265423
0
    
0
0.1601482
0.1566889
0.1536942
0.1511701
0
0.1405852
0.1308849
0.1380346
    
0.2029401
0.2051061
0.1801624
0.1712987
0
0.1576117
0.1596852
0.1598379
0.1577905
    
0.1769625
0.1630231
0.1429527
0
0.163176
0.156121
0.1417257
0.1379951
0
    
0.1939517
0
0.186564
0.1623569
0.1534748
0.1568676
0
0.1406755
0.137393
    
0.149805
0.1407179
0.1353849
0.1572259
0.1465684
0
0.1521938
0.1500122
0.1432765
    
0.1827735
0.1807805
0.1794009
0
0.7697433
0.02117462
0.0191716
0.3379288
0
    
0.1670897
0
0.136975
0.1247729
0.1515988
0.1577725
0
0.1451445
0.139044
    
0.1769141
0
0.1680206
0.1459618
0.1444515
0.1502532
0
0.1437137
0.1417894
    
0.1730373
0.1835835
0
0.18414
0.1678265
0.1472601
0.1395764
0
0.1345624
    
0.1693589
0
0.1688223
0.1479208
0.1316373
0.1240939
0
0.1370554
0.1327679
    
0
0.1558743
0.1729737
0.1789569
0.1673655
0
0.1445888
0.1382793
0.1279908
    
0.1925394
0.1717146
0.1559348
0
0.1576672
0.1557444
0.153937
0.1416437
0
    
0.1638057
0
0.1502002
0.1606095
0.1815401
0.1656213
0
0.1548099
0.1376067
    
0.1663823
0.1593101
0.1450644
0.1412581
0
0.139232
0.1427656
0.1452078
0.1317043
    
0.1841222
0.1818221
0.1757335
0
0.1704131
0.1483282
0.1488353
0.1604973
0
    
0.1829292
0.1794209
0.1672216
0.1541974
0
0.1436823
0.12469
0.1065762
0.09523531
    
0.175866
0
0.1628077
0.1476347
0.1495096
0.1511361
0
0.1552661
0.1399384
    
0.1661081
0.1586691
0.1611872
0
0.1476837
0.148034
0.1355423
0.1378604
0
    
0
0.1700728
0.1569292
0.1461074
0.1470702
0.1452454
0
0.1481372
0.1399221
    
0.1799406
0.1880643
0
0.1770118
0.1562308
0.1517323
0.15084
0
0.1463335
    
0.2097994
0.1933588
0
0.183014
0.1809874
0.1687028
0.1673162
0
0.1567864
    
0.2062588
0.1946279
0.1806106
0
0.1645268
0.1644723
0.1538536
0
0.1577455
    
0.1508751
0.1557131
0.1555171
0.1539237
0
0.1455625
0.1346304
0.1306953
0.1249444
    
0.1732051
0.1721282
0.1844738
0
0.176856
0.161289
0.1471894
0.1473172
0
    
0.1687708
0
0.1649825
0.1676713
0.1664769
0
0.153738
0.1481145
0.1394336
    
0.1464822
0.1450643
0.1546985
0.1476411
0
0.1446524
0.134383
0.1389043
0.1471061
    
0.1441515
0.148916
0.1493693
0
0.1522797
0.1474455
0.1467432
0.1404871
0
    
0.218986
0.213376
0
0.17487
0.1622427
0.14953
0
0.138404
0.1247533
    
0.176938
0.160176
0.1574259
0.1662045
0
0.1736264
0.1609821
0.1497402
0.1351443
    
0.1912523
0.1857727
0.190632
0
0.1845912
0.1899404
0.1659693
0.1628297
0
    
0.210158
0.1999887
0.1822129
0
0.1650921
0.1488809
0.1514854
0.138994
0
    
0
0.1421944
0.1388358
0.1203409
0.1190033
0
0.1284337
0.1264851
0.1204306
    
0.1704898
0.1693729
0.1542698
0.1552026
0
0.1436234
0.1403813
0.1359645
0.1286183
    
0.1838158
0.1777375
0.1625795
0.1480436
0
0.1429525
0.1459899
0.1387869
0.1274389
    
0
0.1498095
0.1437029
0.1399069
0.1311084
0
0.1330426
0.1296842
0.1264911
    
0.161543
0.1544147
0.1551919
0
0.1490733
0.1446286
0.1199222
0.1119869
0
    
0.1512041
0
0.1637262
0.1655232
0.1588173
0.1416685
0
0.1404553
0.1416062
    
0.1731216
0.1781294
0.1669687
0
0.1613802
0.1526626
0.1455349
0.1429914
0
    
0.174557
0.1689967
0.1647641
0.1593213
0
0.1466139
0.1394603
0.1308789
0.1238547
    
0.154695
0
0.158202
0.1478527
0.1184796
0.1206273
0
0.1347763
0.1382541
    
0.1939434
0.1819054
0
0.1826675
0.1699574
0.1582631
0.1424744
0
0.139825
    
0.1508105
0.1507722
0
0.1611564
0.1621982
0.1388727
0.1228812
0
0.1180766
    
0.1530369
0.1624219
0
0.1649975
0.1720767
0.153621
0.1445764
0
0.1339266
    
0.17962
0
0.1779018
0.1730605
0.1695396
0.1420537
0
0.1295038
0.1230107
    
0.1454915
0.1312894
0.1378281
0
0.1273774
0.102368
0.09553506
0.110999
0
    
0.1765887
0.1719832
0
0.1665174
0.1533266
0.1442087
0.1459858
0
0.1438681
    
0.1962799
0.1680914
0
0.1588413
0.1624004
0.1695506
0.1658767
0
0.1391058
    
0
0.1711484
0.158982
0.1389131
0.1112258
0
0.1084572
0.1262973
0.1295426
    
0.1619066
0.1535467
0.1496183
0
0.1461899
0.1151451
0.1132536
0.1336141
0
    
0
0.1505515
0.1553304
0.1597648
0.1520024
0
0.1454554
0.1378673
0.1293104
    
0.2014687
0.1824083
0.1719788
0
0.1601171
0.1561194
0.1621764
0.161134
0.1296421
    
0.1762338
0.1645965
0.158497
0.158467
0
0.1469717
0.1499997
0.1020905
0.1245198
    
0.1434702
0.1305894
0.1346852
0.1484058
0
0.1173069
0.1057137
0.1131305
0.1357917
    
0.1615635
0.1759356
0.1778938
0.1465218
0
0.1379344
0.1346369
0.130587
0.1365572
    
0.2099217
0.1812463
0.1706493
0
0.1528936
0.14571
0.1405907
0.1400631
0
    
0.1800655
0
0.1619239
0.1606182
0.1760738
0.1625919
0
0.1635698
0.1541993
    
0
0.2096733
0.1972783
0.1757421
0.1613351
0
0.1527
0.1516577
0.1433762
    
0.152195
0.1422744
0.1358345
0.1339116
0
0.1372657
0.1417811
0.1389382
0.1292916
    
0.1559925
0
0.1634677
0.1469044
0.140613
0.1191523
0
0.1139287
0.117395
    
0.1757984
0.1709865
0.1537348
0
0.1310024
0.1236105
0.1230749
0.1258236
0
    
0.1766213
0.1707284
0.1499858
0.1456351
0
0.1466489
0.1245565
0.1169594
0
    
/n
