    
    
    
    
    
    
    
0.2982163
0.2163177
0.1788279
0
0.1454261
0.130222
0.1252609
0
0.116661
    
0.2356742
0.2260696
0.2230274
0.2379271
0
0.2411172
0.2143914
0.1808926
0.1637888
    
0.2380861
0.253808
0.2328126
0
0.1840694
0.1722941
0.1974966
0.1583793
0
    
0.3153735
0.2843459
0.2270372
0
0.2178839
0.1983823
0.2117335
0.1847471
0
    
0.2922073
0.2866105
0.2373313
0.239771
0
0.2457239
0.2118259
0.1825594
0.1454983
    
0.377478
0.29684
0.2648811
0
0.2331091
0.2080833
0.203621
0.1592136
0
    
0.2763348
0.2671171
0
0.263591
0.2385099
0.2151863
0.2296998
0
0.1873157
    
0.4294898
0.3145901
0
0.2792974
0.2574628
0.1787034
0.1846554
0
0.1629359
    
0.2576793
0.290721
0
0.3334756
0.2585654
0.2302093
0.1794703
0
0.1328038
    
0.3562003
0
0.3421493
0.3297895
0.3076728
0.2179669
0
0.1917686
0.1399836
    
0.255092
0
0.2493748
0.2083761
0.2351301
0.2255447
0
0.2025326
0.2098551
    
0.4149855
0.3887128
0.3038698
0.2597558
0
0.2017016
0.1794218
0.1528725
0.1351726
    
0
0.2370188
0.219169
0.1871359
0.1717043
0
0.1721375
0.1657109
0.188584
    
0.2754994
0.2451984
0.2466804
0
0.2032259
0.177775
0.1480684
0.1270202
0
    
0.2316215
0
0.2048299
0.1923454
0.1716536
0.1673159
0
0.1848228
0.1560504
    
0.2531599
0.2316008
0.2359135
0.2200644
0
0.2408051
0.200396
0.1824759
0.1467501
    
0.2246501
0.1910938
0.2059929
0
0.2126269
0.2693983
0.2019042
0.1548741
0
    
0
0.3768716
0.3169279
0.269193
0.1696804
0
0.1747399
0.1451924
0.1266897
    
0.2557406
0.2886265
0.2941322
0.2771831
0
0.2445082
0.193636
0.1292437
0.1087494
    
0.250297
0.2674885
0
0.2694664
0.2546195
0.2368549
0.2125075
0
0.1684827
    
0.235228
0
0.248494
0.2381505
0.2555315
0
0.2500143
0.2258603
0.1988429
    
0.2933181
0.2726155
0.2817091
0.2372773
0
0.2225209
0.2466534
0.2278672
0.2054297
    
0.2530597
0.2176995
0.2142416
0
0.2339717
0.2165957
0.2127223
0.1721607
0
    
0
0.3057036
0.2883238
0.2491097
0.2354739
0.2163846
0
0.1938908
0.1624824
    
0.2492263
0.3092513
0.2560747
0.2633266
0
0.2152733
0.1826986
0.2006604
0.2086836
    
0.2781457
0
0.2689765
0.242626
0.2445883
0.2560528
0
0.2011128
0.1779432
    
0.3127112
0.2532916
0.2477992
0.2030666
0
0.2229309
0.1997371
0.205029
0.1368773
    
0.2507555
0.2331624
0
0.1937047
0.1994811
0.2052111
0.2097633
0
0.1729235
    
0.263128
0.2971087
0.3220512
0.266195
0
0.2299894
0.1980661
0.1830289
0
    
0.2317997
0
0.2282897
0.2364119
0.2369308
0.2263737
0
0.2310357
0.2190282
    
0.219485
0.2132601
0
0.2300041
0.2534979
0.2170735
0.2415512
0
0.2137964
    
0.2757442
0.2894232
0
0.2599104
0.2350704
0.1989245
0.2166444
0
0.1911639
    
0.219928
0.2206636
0.2947349
0.3009609
0
0.3152409
0.2741371
0.2156848
0.1490336
    
0
0.2910817
0.3095832
0.3460068
0.2804434
0
0.2218646
0.1896197
0.1538826
    
0.2343917
0
0.2462512
0.2321985
0.2408009
0.1826012
0
0.1546695
0.1425314
    
0
0.2938124
0.2358776
0.2099793
0.1950383
0
0.2028785
0.2068672
0.1923701
    
0
0.2682589
0.2127225
0.1973696
0.1957385
0
0.1995258
0.2118328
0.1925482
    
0.2725319
0.2671347
0.2506025
0.2232979
0
0.2267486
0.2130467
0.1915188
0
    
0.2540379
0.2749925
0.2815637
0
0.2627833
0.2361657
0.2140799
0.1995693
0
    
0.3483117
0.2915573
0
0.2526874
0.2409481
0.2239722
0.2137529
0
0.2319321
    
0.3634438
0
0.2989001
0.2972202
0.2765312
0.2567569
0
0.2342829
0.187675
    
0.3370505
0.4153075
0.3470184
0.3343879
0
0.3060789
0.2132925
0.1469185
0.1249697
    
0.3870543
0.3487609
0.3061407
0
0.2519773
0.2150179
0.1755007
0.1545047
0
    
0
0.3506664
0.279137
0.2055321
0.1989759
0
0.2441719
0.2235619
0.1841949
    
0.2551011
0.2328788
0.2152068
0
0.1972605
0.207958
0.200686
0.1885099
0
    
0.2636714
0.2840697
0.270738
0
0.2178944
0.2154056
0.1724849
0.188731
0
    
0.2265207
0.2322396
0
0.2181383
0.2092285
0.1651159
0.1699743
0
0.1408734
    
0.3233863
0.2848757
0.2753971
0.2627276
0
0.233292
0.2395527
0.2416815
0.2121525
    
0.2871032
0.2500753
0
0.2298944
0.2357719
0.2827498
0
0.2375465
0.218145
    
0.3409263
0.3342177
0.3128532
0.2875053
0
0.249036
0.2213506
0.221734
0.1670293
    
0
0.4026783
0.280836
0.2634311
0.2366161
0
0.2030297
0.2035735
0.1989082
    
0.3368759
0
0.3769093
0.3402649
0.2524236
0.235544
0
0.2450545
0.2212072
    
0.3263941
0.2968192
0.2940709
0
0.2697875
0.2633608
0.2212333
0.2067331
0
    
0.3008641
0.2997308
0.314456
0
0.2785331
0.3015755
0.2906419
0.2445277
0
    
0.3553758
0.3541209
0.3286912
0.2982885
0
0.2404703
0.222751
0.1638672
0.169427
    
0.3158658
0.3067385
0.362895
0.3075363
0
0.2901573
0.211826
0.1550212
0.1164213
    
0.355126
0.3232762
0.259342
0.2325979
0
0.2296523
0.243766
0.2660803
0.2170557
    
0.3396942
0.337669
0.2779649
0
0.2839749
0.2032034
0.1623819
0
0.1557083
    
0.2081768
0.2257532
0.2275428
0.2156766
0
0.1975859
0.1779401
0.1556814
0
    
0.2683109
0.2675609
0.2205991
0
0.204308
0.2228252
0.2048277
0.2124191
0
    
0.255361
0.2365637
0.2378752
0
0.2827587
0.2821566
0.2505124
0.2007869
0
    
0.3478738
0.3438399
0.304444
0.2535352
0
0.2238261
0.1785558
0.1734767
0
    
0.255725
0.2808698
0
0.2999101
0.2749074
0.2103828
0.1959582
0
0.1844656
    
0.3093173
0.2621335
0.2463974
0.2508761
0
0.183231
0.2071489
0.1632344
0.1108943
    
0.2080903
0
0.1999131
0.2058017
0.2359428
0.2468072
0
0.2091513
0.1772378
    
0
0.2791205
0.27998
0.2536999
0.2556359
0
0.2340633
0.2123097
0.191408
    
0.3930653
0.3409597
0.3358325
0
0.2930244
0.2600335
0.216214
0.2101626
0
    
0.2654605
0.2571867
0
0.2371257
0.2151667
0.2319739
0.2552644
0
0.2232842
    
0.4227
0.4120584
0.3007309
0.2429849
0
0.2028984
0.1977084
0.197899
0.1854856
    
0.323873
0.3238818
0
0.3033333
0.2698906
0.2325681
0.2261782
0
0.2097547
    
0.4253878
0
0.3875858
0.3616777
0.2306915
0.2307088
0
0.1619675
0.1438106
    
0
0.2268189
0.2046131
0.2136321
0.1956614
0
0.2194162
0.212402
0.1824753
    
0.3160586
0
0.3316292
0.3178776
0.3152032
0.3290455
0
0.2122378
0.2032448
    
0.3425972
0
0.2802911
0.2337052
0.2339424
0.2358662
0
0.2706465
0.2512162
    
0.3127567
0.293963
0.29207
0
0.3126176
0.2990008
0.2575644
0.1657702
0
    
0.4049729
0.457471
0
0.3155895
0.2888298
0.2313143
0.2122643
0
0.1795159
    
0.2521616
0.2552235
0
0.2364594
0.2734566
0.2843795
0.2385143
0
0.1886371
    
0.3801292
0.3320512
0
0.3011911
0.2810854
0.2736434
0.281436
0
0.2236311
    
0.2889329
0.2931854
0
0.2765131
0.2715959
0.2367902
0.2635655
0
0.2327332
    
0.3918443
0
0.3799988
0.2958148
0.2337026
0.1755878
0
0.1350411
0.1153605
    
0.3392197
0.3400699
0.3000335
0.2747284
0
0.2573784
0.2048494
0.1380109
0.1180902
    
0.2497057
0.292745
0.285311
0.2621176
0
0.2803557
0.2207939
0.1749376
0.1353877
    
0.2765168
0
0.2770853
0.2625021
0.2512028
0.2270815
0
0.2277454
0.1657783
    
0.2868228
0.2738445
0.199838
0.1886014
0
0.1822786
0.1466617
0.1473282
0.1355858
    
0.2023203
0.1832649
0
0.1688921
0.1505947
0.1682055
0.1560737
0
0.1367383
    
0.2372206
0
0.2843443
0.2308646
0.2031373
0.1783914
0
0.1396906
0.1171217
    
0.3216435
0.3160849
0.288033
0.2499663
0
0.2187438
0.187747
0.1799657
0
    
0.3635256
0.3447749
0.2946859
0
0.2361015
0.1977107
0.184138
0.1938647
0
    
0.284328
0
0.2702859
0.2386802
0.2528276
0.216141
0
0.2165567
0.1665694
    
0.2694939
0
0.2426352
0.2114293
0.2074468
0
0.1965991
0.1800157
0.1592335
    
0.225878
0
0.2315129
0.2425863
0.2332898
0.225786
0
0.2006212
0.1795821
    
0.3166746
0.3276565
0.2765597
0
0.2694836
0.2633109
0.2379141
0.2189007
0
    
0.2699202
0.2788964
0.3013129
0
0.2482832
0.281509
0.2914553
0.2074357
0
    
0.3147041
0.340339
0.2899124
0
0.2878812
0.2679094
0.2480474
0
0.1977785
    
0.2985941
0.2589047
0.2378543
0.2417377
0
0.2227699
0.2119468
0.1916038
0.1473982
    
0.3932956
0.3540073
0.3609998
0.2947541
0
0.2041587
0.199684
0.1492318
0.1579506
    
0.3333243
0
0.286433
0.2530584
0.257263
0.2176156
0
0.198514
0.1895824
    
0.3352234
0.3122786
0.3078201
0.2364886
0
0.1990468
0.1978059
0.191043
0.1951735
    
/n
0.3488473
0
0.3110754
0.2924643
0.2528121
0.232457
0
0.2043983
0.2063158
    
0.2434791
0
0.234298
0.2200507
0.1985635
0.2206408
0
0.1984468
0.2010922
    
0.4161812
0
0.3718545
0.3153105
0.2599247
0.2759505
0
0.2241271
0.2284219
    
0.4300495
0.4125081
0.3529167
0.293955
0
0.2647493
0.2518812
0.2290953
0.1966577
    
0.3660723
0.3647546
0.3755719
0
0.2574603
0.2370483
0.2127188
0.2301484
0
    
0.3428099
0.3134414
0.3310401
0.3076365
0
0.2689277
0.2587818
0.2060093
0.1940474
    
0.3296849
0
0.3290712
0.3047345
0.2773384
0.2409704
0
0.2291141
0.230286
    
0.364424
0
0.3352575
0.3226851
0.2758712
0.2578126
0
0.267182
0.2378932
    
0.3628109
0.3132409
0
0.3437995
0.2793444
0.2559895
0.2150716
0
0.1850713
    
0.3004572
0
0.295218
0.3641314
0.2650569
0.2558699
0
0.2067222
0.1498097
    
0.3225834
0.3300168
0.3167816
0.2897485
0
0.2687921
0.2423348
0.2070772
0.1776462
    
0.3323636
0.3269083
0.2870691
0
0.2202746
0.2112241
0.2016102
0.1907447
0
    
0
0.3839708
0.3704854
0.3093743
0.2953385
0
0.2960398
0.2425039
0.2064895
    
0.3640123
0.3429741
0
0.3290837
0.3293455
0.3334023
0
0.2879372
0.2166437
    
0.4036661
0.411361
0
0.3759443
0.2846696
0.217312
0.2085593
0
0.2025673
    
0.3933144
0.3720949
0
0.3364097
0.2963225
0.2717259
0.24352
0
0.2637984
    
0.3483327
0.352035
0.3381864
0.3283227
0
0.3113375
0.2882401
0.2425341
0.2158323
    
0.3114674
0.2911415
0.2966711
0
0.2576261
0.2477412
0.2391793
0.2149427
0
    
0.3351314
0.33915
0.3317099
0.3058533
0
0.2851758
0.2678291
0.2470796
0.2167826
    
0.3838543
0.3604608
0
0.2901135
0.2724961
0.2474821
0.2354302
0
0.2176141
    
0.3676258
0.3285233
0.3038424
0
0.3126073
0.3137312
0.277864
0.2328069
0
    
0.3514675
0
0.3631156
0.2942419
0.3010322
0.299257
0
0.2224738
0.1836895
    
0.3869556
0
0.3422025
0.3292324
0.2958956
0.2863757
0
0.2727074
0.2356134
    
0.3238886
0.3488607
0.3428124
0
0.3227522
0.2755747
0.2393673
0.2154399
0
    
0.3776444
0
0.34979
0.2895592
0.3059696
0.2786115
0
0.274027
0.2378272
    
0.3825227
0.393117
0
0.3455395
0.3045872
0.2764095
0.2656721
0
0.2230325
    
0
0.3494256
0.3719587
0.3531233
0.4399963
0
0.3509239
0.2900002
0.2395906
    
0.3876818
0.3947515
0
0.3348478
0.3342589
0.3040442
0.2622193
0
0.2362346
    
0.3003428
0
0.2785923
0.2959995
0.3149567
0.2967661
0
0.2577106
0.2401506
    
0.3547828
0
0.3136013
0.1936976
0.2373857
0.2455775
0
0.2382674
0.2331476
    
0
0.3233221
0.2922409
0.299647
0.2866726
0
0.2993129
0.2608726
0.2277445
    
0.4121386
0.4112298
0.3910798
0.3302156
0
0.2969351
0.3210126
0.3172291
0.2669706
    
0.3347572
0
0.323442
0.3143098
0.2957951
0.2611795
0
0.2298018
0.2211384
    
0.3663847
0.3833995
0.3305826
0.3390065
0
0.2918686
0.2703269
0.2271116
0.2191046
    
0.336217
0.3349407
0.2641978
0
0.2559316
0.2837153
0.2420212
0.2412539
0
    
0
0.2929516
0.3126284
0.329703
0.3260929
0
0.2954156
0.2463987
0.217297
    
0.375273
0.379542
0
0.3694679
0.3516262
0.3295865
0.3059318
0
0.31019
    
0
0.333502
0.3467521
0.2900265
0.2893466
0
0.3202513
0.3321666
0.2706368
    
0.2763501
0.2808243
0.325362
0.2999293
0
0.2810283
0.2311371
0.1710945
0.1728026
    
0.3554356
0.3409714
0.3739054
0
0.2862275
0.2591345
0.2463101
0.2406888
0
    
0.2824391
0.3019665
0
0.2749462
0.2851982
0.2665998
0.2735816
0
0.2644784
    
0
0.2724394
0.2627398
0.2598694
0
0.2568212
0.2256731
0.2084692
0.2120412
    
0.302289
0.2867739
0
0.2551473
0.2505617
0.2751487
0.2597721
0
0.2560122
    
0.2886704
0.286882
0
0.5855623
0
0.2845482
0.2723957
0
0.2315808
    
0.2370511
0.2344212
0.2411604
0.2423307
0
0.2372064
1.164198
0.01762257
0.01321331
    
0.2791417
0.2783691
0.2728798
0.2397305
0
0.2607875
0.2062758
0.2024515
0.2257283
    
0.2966418
0.271137
0.290512
1.81734
0
0.02584571
0.01900764
0.02638445
0.01272385
    
0.2717533
0
0.2678228
0.2720255
0.2693845
0
0.2807443
0.2343852
0.227624
    
0.3148018
0.2802736
0.269117
0.2657234
0
0.220142
0.2208022
0.2233646
0.2127034
    
0.2744975
0.2696077
0.2802075
0.2641844
0
0.2212785
0.2191541
0.186004
0.1783369
    
0.278058
0
0.2739606
0.2608261
0.2824406
0.2296347
0
0.2336658
0.2337898
    
2.130476
0.04564329
0
0.03569499
0.02386991
0.02626028
0
0.02682406
0.479747
    
0.3106592
0.3150338
0.3132794
0
0.3061981
0.3142442
0.3125395
0.2611491
0
    
0.2507939
0
0.2768753
0.2740767
0.2781744
0.2302019
0
0.2079212
0.1949539
    
0.3051118
0
0.2930073
0.2884115
0.2738431
0.2731594
0
0.2456027
0.2449516
    
0.2981612
0.2944611
0.2726494
0
0.2632553
0.2455024
0.2475137
0.2284961
0
    
0.3114177
0
0.3075965
0.2734763
0.2875864
0.2627028
0
0.257893
0.2385636
    
0.2476653
0.2361813
0.2372422
0.2173151
0
0.213064
0.2218025
0.1984711
0.1983927
    
0
0.2283892
0.2132687
0.2351204
0.2495095
0
0.2471076
0.2115189
0.2057595
    
0.2701214
0
0.2908396
0.3015361
0.2592376
0.2645229
0
0.2649658
0.2243006
    
0.2794411
0.2715513
0.2807201
0.2620944
0.2505242
0
0.2385206
0.2272777
0.2272248
    
0.3069958
0
0.3088993
0.2994834
0.2598938
0.2508951
0
0.2458536
0.245476
    
0.3153582
0.3089075
0.3033877
0.2877033
0
0.2833164
0.2757161
0.2599382
0.226715
    
0.2482404
0.2470954
0
0.24878
0.2531872
0.2442776
0.2294378
0
0.1753125
    
0.2619321
0
0.2689335
0.2335552
0.2337497
0.2089421
0
0.2013407
0.1846723
    
0.267771
0.2641743
0
0.4817609
0
0.2299328
0.227122
0
0.214523
    
0.2947733
0
0.2679084
0.2718078
0.2443677
0.1823132
0
0.1739715
0.2128841
    
0.2765796
0.2580605
0.2644912
0.2713543
0
0.2735897
0.2587922
0.2546621
0.2102485
    
0.2948446
0.2912654
0
0.2399498
0.2172708
0.2203473
0.2028144
0
0.2066027
    
0.2563592
0
0.2580931
0.2356423
0.2042582
0.2104963
0
0.262176
0.225745
    
0.2502328
0.2394296
0.2624564
0
0.2338682
0.2381693
0.2508708
0.2122075
0.190859
    
0.3117701
0.3246816
0
0.2974509
0.2927916
0.2512083
0.249688
0
0.2159722
    
0.2304217
0.2291037
0.2345245
0.2175313
0
0.2423327
0.2461892
0.1774142
0.1528019
    
0.2848133
0.3050864
0.2710415
0
0.2660924
0.2543668
0.2504101
0.2250745
0
    
0.2755371
0.2904462
0
0.2716502
0.2630386
0.2581628
0.2808948
0
0.2653931
    
0.2409723
0
0.2468844
0.2499341
0.2618894
0.2553884
0
0.2739394
0.2373717
    
0.259778
0.2527292
0.2403262
0.2486435
0
0.2343502
0.2277709
0.2187195
0.1923732
    
0.2218397
0.2330423
0
0.2370886
0.2366185
0.2222065
0.2215449
0
0.2112093
    
0.2825842
0
0.2699194
0.2720138
0.2424813
0.2481307
0
0.2631166
0.2582535
    
0.2091103
0.2264438
0
0.2401106
0.223358
0.2318084
0.2304533
0
0.2111552
    
0.2564187
0
0.2527336
0.2437557
0.2341099
0.2237678
0
0.2116256
0.2019214
    
0.25486
0.2450998
0
0.2536915
0.2484124
0.2359948
0.2164807
0
0.2154306
    
0.2319223
0.2515493
0.2321301
0
0.2350171
0.2242012
0.241582
0.2168697
0
    
0.2736852
0
0.2546023
0.2599646
0.2523428
0
0.2473095
0.2300686
0.212252
    
0.1934442
0.1735547
0.1962315
0
0.223762
0.2340714
0.2388143
0.2446179
0
    
0.2699156
0.2694886
0.2776932
0.269465
0
0.250284
0.2152568
0.2091221
0.208304
    
0.2484508
0.2450544
0.2555036
0
0.2418141
0.2430214
0.2482055
0.2348101
0
    
0
0.2702396
0.2668959
0.2688257
0
0.2739573
0.2659149
0.2480863
0.2249179
    
0.2813555
0.2768684
0
0.2652273
0.2476997
0.2386224
0.2342703
0
0.2332268
    
0.2752033
0
0.2604508
0.2690563
0.2413588
0.2431455
0
0.2235699
0.2324077
    
0.2484021
0.2705765
0
0.2608362
0.2721183
0.2293033
0.222397
0
0.2200003
    
0.2871771
0.2947969
0.2982883
0
0.2766708
0.2705607
0.2675147
0.2239119
0
    
0.2736737
0.2956985
0.3152011
0.3233216
0
0.3187912
0.3124505
0.2931431
0.2237119
    
0.2342021
0
0.2068473
0.2155697
0.2258155
0.2292258
0
0.2378704
0.2222414
    
0.3088331
0.2815556
0.2845052
0.257979
0
0.262283
0.2249887
0.2272113
0.2084818
    
0.3729487
0.3858279
0.3943573
0.3796456
0
0.3465803
0.2769773
0.2235029
0.2169784
    
/n
