    
    
    
    
    
    
    
    
(17.6, 182.3, 111.4)
(15.8, 187.9, 114.3)
(13.0, 192.4, 116.3)
(9.6, 197.6, 116.3)
(9.6, 197.6, 116.3)
(6.5, 204.4, 116.0)
(4.0, 212.9, 116.4)
(1.9, 222.0, 116.3)
(359.0, 229.1, 114.2)
(359.0, 229.1, 114.2)
    
(18.3, 171.0, 95.1)
(18.3, 171.0, 95.1)
(16.8, 177.5, 96.1)
(14.6, 184.0, 97.2)
(12.2, 190.0, 98.4)
(9.9, 195.8, 99.3)
(9.9, 195.8, 99.3)
(7.8, 201.5, 100.3)
(5.7, 206.5, 100.3)
(3.7, 211.9, 100.3)
    
(22.6, 172.7, 101.9)
(18.9, 178.9, 102.8)
(14.5, 184.2, 103.7)
(10.7, 190.6, 105.1)
(10.7, 190.6, 105.1)
(6.9, 198.5, 107.7)
(4.3, 207.0, 108.8)
(0.3, 217.1, 107.5)
(355.8, 225.8, 103.9)
(355.8, 225.8, 103.9)
    
(11.6, 179.8, 101.7)
(8.4, 188.9, 105.3)
(5.9, 198.1, 108.7)
(3.2, 205.7, 110.8)
(1.6, 212.7, 111.6)
(1.6, 212.7, 111.6)
(0.7, 220.0, 111.6)
(359.5, 226.8, 111.6)
(358.6, 232.1, 111.8)
(358.4, 234.7, 110.0)
    
(16.7, 185.5, 108.3)
(15.2, 190.3, 109.1)
(14.3, 195.9, 110.5)
(14.3, 195.9, 110.5)
(13.7, 201.9, 112.6)
(13.1, 207.1, 114.5)
(12.7, 212.6, 115.9)
(11.7, 216.8, 115.1)
(11.7, 216.8, 115.1)
(9.7, 220.0, 113.4)
    
(25.6, 182.5, 104.5)
(25.6, 182.5, 104.5)
(24.5, 186.5, 105.0)
(23.1, 190.8, 105.3)
(19.6, 194.0, 104.3)
(15.7, 196.4, 102.8)
(15.7, 196.4, 102.8)
(12.6, 199.8, 102.5)
(10.7, 204.9, 103.4)
(10.4, 210.7, 103.7)
    
(22.5, 175.4, 100.6)
(21.1, 182.0, 104.8)
(19.3, 188.5, 106.8)
(16.5, 194.1, 107.6)
(14.3, 199.5, 107.6)
(14.3, 199.5, 107.6)
(12.6, 204.8, 107.3)
(10.5, 209.6, 106.2)
(8.0, 214.4, 104.3)
(6.0, 218.9, 102.8)
    
(21.3, 176.5, 108.5)
(19.9, 178.9, 109.0)
(17.3, 182.7, 108.1)
(17.3, 182.7, 108.1)
(14.5, 187.1, 107.1)
(14.1, 190.4, 105.8)
(12.8, 197.2, 106.0)
(11.1, 204.9, 106.4)
(11.1, 204.9, 106.4)
(7.1, 213.2, 107.0)
    
(14.9, 186.4, 104.3)
(14.9, 186.4, 104.3)
(12.9, 193.7, 108.0)
(10.2, 199.6, 110.5)
(7.8, 205.4, 112.3)
(5.9, 212.7, 114.1)
(5.9, 212.7, 114.1)
(4.0, 218.7, 113.8)
(1.2, 222.3, 112.0)
(357.9, 224.3, 109.2)
    
(23.7, 175.8, 107.2)
(20.6, 179.6, 106.7)
(20.6, 179.6, 106.7)
(18.0, 186.3, 108.1)
(15.7, 195.2, 110.3)
(11.8, 204.7, 112.0)
(7.5, 214.4, 113.0)
(7.5, 214.4, 113.0)
(3.2, 222.4, 112.5)
(359.5, 228.5, 110.2)
    
(24.0, 171.5, 110.1)
(21.7, 178.2, 112.9)
(21.7, 178.2, 112.9)
(19.0, 184.0, 114.6)
(16.0, 189.7, 115.6)
(12.1, 195.8, 115.5)
(8.8, 203.1, 115.3)
(8.8, 203.1, 115.3)
(6.0, 210.1, 114.5)
(4.0, 217.8, 113.9)
    
(13.2, 183.4, 100.3)
(11.0, 188.6, 102.1)
(8.8, 193.1, 102.7)
(5.9, 197.6, 102.6)
(5.9, 197.6, 102.6)
(3.4, 202.5, 102.8)
(2.1, 208.3, 103.2)
(0.2, 213.7, 103.2)
(359.4, 218.9, 102.7)
(359.4, 218.9, 102.7)
    
(12.8, 170.6, 95.3)
(11.0, 175.9, 96.8)
(11.0, 175.9, 96.8)
(7.7, 182.1, 98.3)
(5.5, 189.7, 99.7)
(3.3, 197.8, 101.9)
(0.7, 204.1, 103.3)
(0.7, 204.1, 103.3)
(358.5, 208.7, 103.5)
(355.6, 212.4, 103.0)
    
(13.2, 180.8, 95.5)
(11.9, 187.2, 97.3)
(11.9, 187.2, 97.3)
(9.7, 192.7, 97.5)
(6.9, 197.5, 96.9)
(3.7, 202.2, 94.8)
(0.2, 207.9, 92.6)
(356.8, 214.2, 90.2)
(356.8, 214.2, 90.2)
(353.7, 221.5, 87.8)
    
(14.7, 186.2, 104.4)
(11.8, 190.7, 104.9)
(11.8, 190.7, 104.9)
(8.8, 195.3, 105.7)
(6.3, 201.0, 106.8)
(3.9, 207.4, 107.6)
(3.9, 207.4, 107.6)
(1.7, 213.2, 106.9)
(358.7, 217.9, 105.1)
(355.6, 222.5, 103.3)
    
(17.9, 175.9, 101.2)
(16.1, 181.0, 103.2)
(13.9, 186.6, 104.6)
(13.9, 186.6, 104.6)
(11.4, 192.4, 105.5)
(8.2, 198.9, 106.4)
(4.6, 206.8, 107.9)
(1.6, 214.8, 109.0)
(1.6, 214.8, 109.0)
(359.3, 223.3, 109.6)
    
(5.3, 174.0, 96.8)
(3.1, 179.0, 98.6)
(3.1, 179.0, 98.6)
(0.6, 184.4, 100.3)
(358.1, 189.5, 101.6)
(355.2, 194.4, 103.0)
(353.4, 199.3, 104.7)
(353.4, 199.3, 104.7)
(353.1, 204.5, 106.1)
(352.6, 209.9, 106.8)
    
(16.4, 180.7, 105.7)
(15.0, 185.6, 108.0)
(13.0, 189.4, 109.0)
(10.8, 192.6, 109.9)
(10.8, 192.6, 109.9)
(8.3, 196.2, 109.9)
(5.2, 199.8, 109.5)
(1.9, 204.0, 108.8)
(359.1, 208.4, 108.4)
(359.1, 208.4, 108.4)
    
(16.3, 166.2, 104.2)
(13.2, 178.5, 108.4)
(9.7, 189.5, 111.4)
(9.7, 189.5, 111.4)
(7.0, 198.0, 113.3)
(4.9, 205.7, 114.1)
(2.7, 213.2, 114.4)
(1.2, 219.0, 113.5)
(1.2, 219.0, 113.5)
(358.9, 222.2, 111.7)
    
(13.1, 172.8, 95.9)
(10.5, 177.7, 96.8)
(9.3, 183.3, 99.3)
(8.7, 189.8, 102.4)
(7.2, 196.3, 104.4)
(7.2, 196.3, 104.4)
(4.8, 203.1, 105.1)
(1.7, 208.5, 104.3)
(358.0, 213.3, 102.8)
(355.6, 216.9, 102.1)
    
(11.3, 162.0, 95.1)
(9.6, 171.6, 97.9)
(9.6, 171.6, 97.9)
(7.6, 184.7, 103.0)
(7.3, 200.4, 109.0)
(4.1, 210.8, 112.0)
(0.1, 215.6, 111.4)
(0.1, 215.6, 111.4)
(357.2, 220.5, 110.2)
(355.8, 225.8, 110.0)
    
(21.9, 179.2, 104.6)
(19.0, 184.3, 105.1)
(16.1, 189.6, 106.2)
(14.9, 194.8, 107.3)
(14.9, 194.8, 107.3)
(13.4, 199.5, 108.2)
(11.5, 203.8, 108.6)
(9.1, 208.0, 108.5)
(5.8, 212.2, 107.7)
(5.8, 212.2, 107.7)
    
(23.5, 174.4, 104.8)
(22.1, 180.5, 106.8)
(22.1, 180.5, 106.8)
(20.1, 187.4, 108.9)
(17.4, 194.5, 109.9)
(13.4, 202.2, 110.0)
(8.7, 209.1, 109.4)
(3.6, 216.2, 108.9)
(3.6, 216.2, 108.9)
(359.2, 224.9, 109.7)
    
(22.9, 172.2, 109.0)
(19.0, 178.3, 112.1)
(15.3, 185.7, 114.0)
(12.0, 193.4, 115.3)
(12.0, 193.4, 115.3)
(8.7, 201.0, 115.5)
(4.3, 208.8, 115.2)
(359.8, 216.0, 115.1)
(356.6, 222.5, 115.2)
(356.6, 222.5, 115.2)
    
(16.9, 178.7, 99.1)
(14.9, 183.1, 100.8)
(11.8, 186.7, 101.6)
(9.0, 190.5, 102.8)
(7.1, 195.5, 104.4)
(7.1, 195.5, 104.4)
(5.2, 201.5, 106.0)
(2.8, 207.3, 106.8)
(359.4, 213.4, 107.1)
(356.5, 219.2, 107.0)
    
(23.0, 172.0, 102.5)
(20.3, 178.5, 103.9)
(17.2, 185.7, 104.4)
(17.2, 185.7, 104.4)
(13.1, 193.7, 104.5)
(9.2, 201.0, 104.4)
(6.6, 207.3, 104.7)
(5.2, 213.7, 105.3)
(5.2, 213.7, 105.3)
(3.4, 217.6, 105.4)
    
(21.7, 167.6, 98.2)
(19.7, 174.9, 99.8)
(19.7, 174.9, 99.8)
(18.2, 183.7, 102.2)
(16.1, 191.8, 104.6)
(13.9, 198.6, 105.5)
(11.0, 203.4, 104.8)
(11.0, 203.4, 104.8)
(8.1, 206.6, 103.2)
(4.9, 209.5, 101.3)
    
(18.8, 178.7, 101.7)
(17.1, 181.6, 103.6)
(17.1, 181.6, 103.6)
(15.3, 184.1, 105.1)
(13.7, 187.2, 105.9)
(11.1, 190.7, 105.5)
(7.6, 194.4, 104.6)
(7.6, 194.4, 104.6)
(4.0, 198.5, 103.8)
(1.2, 202.9, 103.5)
    
(24.0, 171.2, 106.7)
(23.3, 176.1, 108.8)
(21.9, 183.0, 110.4)
(21.9, 183.0, 110.4)
(17.8, 189.7, 111.4)
(12.3, 195.7, 110.9)
(6.0, 202.1, 110.3)
(1.3, 209.4, 110.5)
(1.3, 209.4, 110.5)
(358.9, 217.1, 111.3)
    
(27.5, 180.1, 105.8)
(25.8, 183.0, 105.6)
(24.3, 186.0, 106.0)
(24.3, 186.0, 106.0)
(23.3, 188.7, 106.8)
(21.2, 191.1, 106.9)
(18.9, 193.7, 106.7)
(18.9, 193.7, 106.7)
(16.2, 197.7, 106.7)
(14.4, 202.9, 107.4)
    
(23.3, 169.4, 110.0)
(23.3, 169.4, 110.0)
(17.4, 182.0, 110.3)
(13.4, 192.1, 112.1)
(11.8, 200.3, 114.2)
(9.8, 205.3, 115.0)
(9.8, 205.3, 115.0)
(8.2, 207.7, 114.5)
(6.2, 209.6, 113.4)
(4.4, 211.6, 112.3)
    
(25.0, 185.9, 114.5)
(23.5, 188.4, 115.7)
(21.5, 191.6, 116.0)
(21.5, 191.6, 116.0)
(18.8, 195.1, 115.3)
(15.8, 199.1, 114.4)
(12.5, 203.7, 113.1)
(8.7, 208.3, 110.6)
(8.7, 208.3, 110.6)
(4.2, 212.8, 108.1)
    
(12.6, 187.5, 108.8)
(10.0, 193.4, 109.7)
(8.4, 199.4, 111.1)
(6.9, 205.1, 113.0)
(6.9, 205.1, 113.0)
(4.6, 210.5, 114.1)
(2.5, 216.5, 114.2)
(0.6, 222.6, 113.6)
(358.6, 228.0, 112.2)
(358.6, 228.0, 112.2)
    
(19.6, 190.0, 108.5)
(19.6, 190.0, 108.5)
(16.5, 195.6, 111.1)
(12.7, 200.3, 112.7)
(9.0, 204.9, 113.7)
(5.4, 209.8, 114.1)
(5.4, 209.8, 114.1)
(2.2, 215.7, 114.3)
(359.2, 220.4, 113.2)
(356.6, 224.9, 111.9)
    
(26.5, 176.5, 102.5)
(22.8, 180.1, 103.0)
(19.6, 184.2, 103.8)
(15.7, 190.0, 105.5)
(13.6, 197.2, 107.4)
(13.6, 197.2, 107.4)
(11.8, 203.4, 108.7)
(9.9, 207.4, 109.0)
(8.2, 210.7, 109.1)
(6.9, 213.9, 109.0)
    
(19.6, 175.3, 111.6)
(14.4, 183.3, 113.5)
(9.3, 191.1, 114.5)
(9.3, 191.1, 114.5)
(3.2, 199.5, 115.6)
(357.8, 208.5, 117.1)
(353.7, 218.1, 119.2)
(352.4, 226.3, 120.1)
(352.4, 226.3, 120.1)
(352.3, 234.0, 120.6)
    
(23.6, 177.5, 116.7)
(20.4, 181.4, 118.1)
(17.2, 186.4, 118.2)
(14.2, 193.0, 118.3)
(11.8, 201.2, 117.9)
(11.8, 201.2, 117.9)
(8.9, 210.2, 116.6)
(4.6, 217.1, 114.1)
(1.1, 221.5, 111.5)
(357.8, 227.5, 109.3)
    
(25.1, 181.9, 113.0)
(22.8, 186.2, 113.5)
(19.2, 189.5, 112.8)
(15.4, 193.5, 112.1)
(12.7, 200.4, 112.6)
(12.7, 200.4, 112.6)
(10.4, 208.1, 113.0)
(7.3, 214.5, 112.7)
(2.8, 218.0, 112.0)
(0.1, 222.3, 110.5)
    
(20.5, 167.2, 105.8)
(18.3, 174.0, 107.4)
(18.3, 174.0, 107.4)
(15.1, 182.1, 108.8)
(12.5, 188.8, 109.8)
(9.5, 195.2, 110.8)
(6.8, 201.4, 111.3)
(6.8, 201.4, 111.3)
(4.7, 207.5, 111.4)
(3.0, 212.9, 111.2)
    
(23.5, 175.5, 107.4)
(23.5, 175.5, 107.4)
(21.0, 181.0, 109.1)
(18.3, 186.4, 110.3)
(15.3, 191.1, 110.5)
(11.8, 195.0, 110.1)
(11.8, 195.0, 110.1)
(8.4, 198.7, 109.4)
(5.1, 203.2, 108.5)
(2.1, 207.9, 107.5)
    
(28.8, 179.8, 117.2)
(26.6, 185.2, 119.6)
(22.9, 190.5, 121.2)
(19.2, 196.1, 121.8)
(19.2, 196.1, 121.8)
(15.5, 201.1, 121.7)
(12.2, 205.2, 121.4)
(10.3, 209.4, 121.1)
(8.0, 213.4, 119.9)
(8.0, 213.4, 119.9)
    
(27.8, 176.9, 114.6)
(24.5, 179.5, 113.4)
(21.9, 184.0, 113.4)
(19.0, 188.2, 113.2)
(19.0, 188.2, 113.2)
(16.5, 193.3, 112.9)
(13.6, 200.1, 112.6)
(10.5, 208.3, 112.1)
(6.9, 217.3, 111.2)
(6.9, 217.3, 111.2)
    
(22.6, 181.0, 115.7)
(20.4, 188.3, 117.8)
(18.2, 194.6, 118.8)
(18.2, 194.6, 118.8)
(16.5, 199.8, 118.1)
(14.5, 203.6, 116.6)
(12.1, 207.2, 114.4)
(9.3, 211.9, 112.3)
(6.9, 216.5, 110.6)
(6.9, 216.5, 110.6)
    
(26.7, 180.6, 116.9)
(23.6, 183.9, 117.2)
(23.6, 183.9, 117.2)
(19.8, 187.3, 117.2)
(17.3, 191.1, 117.4)
(15.6, 195.3, 117.8)
(14.1, 199.3, 118.2)
(14.1, 199.3, 118.2)
(12.5, 203.2, 118.0)
(10.3, 206.4, 116.5)
    
(29.6, 178.6, 115.3)
(24.9, 178.6, 113.3)
(22.1, 179.9, 112.6)
(22.1, 179.9, 112.6)
(19.3, 184.7, 112.4)
(15.2, 193.1, 113.2)
(10.3, 202.2, 113.9)
(4.1, 211.2, 113.9)
(4.1, 211.2, 113.9)
(0.4, 220.2, 112.7)
    
(23.6, 182.8, 116.7)
(21.4, 188.8, 118.2)
(21.4, 188.8, 118.2)
(19.4, 193.1, 118.4)
(17.9, 197.1, 118.3)
(16.4, 201.2, 117.5)
(14.3, 205.4, 116.6)
(14.3, 205.4, 116.6)
(12.0, 209.5, 115.8)
(9.4, 214.6, 115.2)
    
(31.4, 172.2, 113.6)
(29.2, 176.9, 115.5)
(26.5, 180.3, 116.1)
(23.3, 183.7, 116.3)
(23.3, 183.7, 116.3)
(21.2, 187.6, 116.9)
(20.1, 191.1, 117.0)
(18.5, 193.5, 115.8)
(15.1, 195.6, 113.6)
(15.1, 195.6, 113.6)
    
(27.1, 173.1, 113.1)
(27.1, 173.1, 113.1)
(23.5, 177.5, 115.3)
(19.5, 182.0, 116.2)
(15.1, 187.6, 116.5)
(11.4, 195.4, 116.8)
(8.2, 204.6, 116.9)
(8.2, 204.6, 116.9)
(5.4, 212.6, 116.6)
(2.9, 220.6, 115.7)
    
(25.0, 176.1, 106.7)
(22.0, 178.9, 106.9)
(18.9, 182.5, 107.1)
(15.4, 187.6, 108.2)
(15.4, 187.6, 108.2)
(12.6, 194.1, 110.2)
(10.6, 201.3, 112.1)
(8.3, 208.2, 112.9)
(5.4, 213.8, 112.4)
(5.4, 213.8, 112.4)
    
(21.2, 180.3, 110.3)
(17.4, 186.6, 112.0)
(13.5, 193.0, 113.2)
(9.4, 199.5, 114.2)
(9.4, 199.5, 114.2)
(6.8, 204.7, 114.0)
(4.1, 209.9, 113.4)
(1.9, 215.7, 112.1)
(0.2, 220.8, 110.5)
(0.2, 220.8, 110.5)
    
(23.6, 177.9, 111.4)
(19.9, 184.7, 113.0)
(19.9, 184.7, 113.0)
(16.7, 192.1, 114.6)
(13.6, 199.9, 116.0)
(10.5, 206.6, 115.8)
(7.5, 212.0, 114.5)
(7.5, 212.0, 114.5)
(4.8, 216.3, 112.7)
(2.8, 221.7, 111.5)
    
(27.4, 176.0, 114.0)
(26.2, 181.5, 115.7)
(26.2, 181.5, 115.7)
(23.5, 184.7, 114.9)
(19.3, 187.9, 113.6)
(15.0, 191.6, 113.0)
(12.5, 197.2, 113.5)
(12.5, 197.2, 113.5)
(10.7, 203.3, 114.8)
(8.4, 208.5, 114.5)
    
(26.5, 180.6, 114.0)
(24.2, 183.8, 114.5)
(21.3, 186.4, 114.1)
(18.8, 189.6, 113.5)
(18.8, 189.6, 113.5)
(17.0, 194.6, 113.1)
(14.7, 200.0, 112.6)
(12.1, 205.8, 111.7)
(9.4, 212.2, 111.0)
(9.4, 212.2, 111.0)
    
(20.2, 179.1, 113.8)
(17.1, 184.2, 114.2)
(14.2, 189.9, 114.5)
(14.2, 189.9, 114.5)
(12.3, 196.3, 115.1)
(10.8, 203.0, 115.9)
(8.5, 209.2, 116.0)
(5.3, 214.6, 115.3)
(5.3, 214.6, 115.3)
(1.9, 219.6, 114.0)
    
(24.8, 171.3, 106.7)
(21.7, 174.6, 107.0)
(19.2, 179.2, 107.8)
(17.3, 184.6, 109.0)
(15.5, 190.3, 110.4)
(15.5, 190.3, 110.4)
(12.9, 195.7, 111.0)
(9.6, 201.1, 110.8)
(6.7, 206.1, 109.8)
(4.7, 211.0, 109.0)
    
(20.8, 182.0, 113.6)
(20.8, 182.0, 113.6)
(17.6, 187.2, 114.8)
(14.1, 192.7, 115.3)
(10.6, 198.3, 115.6)
(7.4, 204.1, 115.2)
(7.4, 204.1, 115.2)
(4.1, 210.1, 114.3)
(0.8, 216.0, 112.7)
(358.0, 221.7, 110.9)
    
(27.1, 179.3, 111.0)
(24.4, 182.7, 111.9)
(21.0, 185.2, 111.3)
(21.0, 185.2, 111.3)
(17.2, 187.4, 110.7)
(14.3, 190.9, 110.8)
(12.1, 195.3, 111.2)
(10.5, 200.4, 112.2)
(10.5, 200.4, 112.2)
(8.7, 204.8, 112.4)
    
(27.4, 178.7, 113.8)
(24.7, 181.5, 114.5)
(21.1, 184.1, 114.2)
(21.1, 184.1, 114.2)
(17.0, 187.3, 113.9)
(13.2, 191.8, 114.0)
(10.3, 197.5, 114.7)
(8.0, 204.1, 115.7)
(8.0, 204.1, 115.7)
(5.8, 209.8, 115.5)
    
(24.6, 177.4, 113.9)
(24.6, 177.4, 113.9)
(22.1, 182.2, 115.1)
(19.3, 186.6, 115.8)
(15.8, 190.8, 115.9)
(12.0, 195.5, 115.9)
(12.0, 195.5, 115.9)
(8.0, 201.0, 116.2)
(5.6, 207.4, 116.6)
(3.9, 215.4, 117.5)
    
(31.9, 178.4, 113.6)
(28.9, 183.6, 116.0)
(28.9, 183.6, 116.0)
(25.8, 187.5, 116.8)
(22.5, 190.8, 116.7)
(19.0, 194.5, 116.3)
(15.4, 199.0, 116.0)
(15.4, 199.0, 116.0)
(12.5, 204.2, 115.7)
(10.5, 209.9, 115.6)
    
(29.6, 182.4, 115.4)
(25.4, 185.8, 114.5)
(21.3, 190.5, 113.5)
(21.3, 190.5, 113.5)
(17.2, 195.8, 112.8)
(13.3, 202.2, 112.5)
(10.0, 209.0, 112.2)
(6.6, 216.4, 111.5)
(6.6, 216.4, 111.5)
(4.2, 223.2, 110.1)
    
(25.8, 179.6, 109.5)
(22.3, 186.8, 110.7)
(18.1, 192.9, 111.2)
(18.1, 192.9, 111.2)
(14.3, 198.6, 111.2)
(10.8, 203.9, 110.7)
(8.0, 209.5, 110.7)
(5.9, 215.7, 110.9)
(5.9, 215.7, 110.9)
(3.9, 220.7, 110.2)
    
(26.5, 180.2, 111.7)
(25.1, 183.3, 112.7)
(22.5, 184.2, 111.5)
(18.3, 184.2, 109.3)
(18.3, 184.2, 109.3)
(13.9, 185.8, 107.8)
(10.4, 190.2, 108.2)
(8.2, 196.7, 109.4)
(6.0, 203.8, 111.0)
(6.0, 203.8, 111.0)
    
(24.2, 181.3, 110.4)
(20.8, 187.2, 112.0)
(20.8, 187.2, 112.0)
(17.2, 192.8, 112.5)
(14.2, 198.4, 112.7)
(11.8, 203.5, 112.5)
(10.3, 207.6, 111.9)
(10.3, 207.6, 111.9)
(8.7, 211.0, 110.9)
(6.3, 214.2, 109.2)
    
(25.8, 183.3, 114.5)
(22.8, 187.5, 115.4)
(22.8, 187.5, 115.4)
(20.3, 191.2, 115.7)
(17.4, 194.0, 115.1)
(14.3, 196.5, 114.1)
(10.6, 199.3, 113.4)
(10.6, 199.3, 113.4)
(7.2, 202.9, 113.0)
(4.3, 207.4, 112.6)
    
(28.9, 184.4, 118.9)
(25.7, 190.4, 121.3)
(23.2, 195.5, 123.1)
(23.2, 195.5, 123.1)
(21.6, 200.5, 123.9)
(20.4, 204.7, 123.4)
(18.2, 207.6, 121.8)
(14.5, 209.5, 119.6)
(14.5, 209.5, 119.6)
(11.0, 212.4, 118.3)
    
(23.0, 173.8, 108.1)
(23.0, 173.8, 108.1)
(20.0, 180.0, 109.2)
(15.5, 186.7, 109.7)
(10.7, 195.9, 111.5)
(7.7, 205.1, 113.9)
(7.7, 205.1, 113.9)
(4.7, 214.2, 116.5)
(2.0, 221.7, 118.0)
(359.6, 227.6, 117.5)
    
(22.9, 176.5, 101.7)
(22.9, 176.5, 101.7)
(20.2, 184.2, 104.6)
(17.4, 192.1, 107.3)
(13.3, 198.6, 108.6)
(8.7, 204.0, 107.7)
(8.7, 204.0, 107.7)
(4.9, 208.6, 106.0)
(2.4, 213.3, 104.7)
(0.7, 217.7, 103.7)
    
(27.9, 168.2, 101.4)
(24.8, 174.6, 103.6)
(21.6, 181.9, 106.1)
(21.6, 181.9, 106.1)
(18.3, 190.3, 109.1)
(14.7, 197.2, 110.6)
(11.6, 203.4, 110.8)
(8.9, 208.5, 110.1)
(8.9, 208.5, 110.1)
(6.1, 212.6, 108.9)
    
(26.3, 170.3, 106.7)
(23.4, 174.3, 107.3)
(19.8, 181.6, 108.5)
(17.5, 191.0, 110.6)
(17.5, 191.0, 110.6)
(15.0, 202.1, 113.9)
(12.5, 211.2, 116.0)
(11.0, 218.1, 116.7)
(9.7, 222.4, 115.7)
(9.7, 222.4, 115.7)
    
(20.0, 181.7, 114.2)
(17.0, 183.5, 114.5)
(17.0, 183.5, 114.5)
(14.3, 185.5, 114.5)
(11.9, 188.2, 114.7)
(9.2, 191.4, 114.8)
(6.5, 195.0, 114.8)
(6.5, 195.0, 114.8)
(4.0, 199.5, 115.2)
(2.3, 204.1, 115.2)
    
(23.9, 167.9, 106.9)
(20.8, 173.3, 109.1)
(18.5, 179.9, 111.8)
(15.9, 186.6, 114.2)
(15.9, 186.6, 114.2)
(12.4, 192.3, 115.7)
(8.4, 198.0, 116.1)
(5.9, 204.3, 116.4)
(3.9, 209.9, 116.5)
(3.9, 209.9, 116.5)
    
(16.3, 185.1, 113.8)
(11.7, 187.7, 113.3)
(7.3, 192.2, 113.7)
(7.3, 192.2, 113.7)
(4.0, 199.4, 114.8)
(4.6, 207.9, 115.4)
(5.1, 218.5, 116.7)
(4.7, 224.6, 116.0)
(1.9, 229.3, 113.8)
(1.9, 229.3, 113.8)
    
(16.9, 183.7, 115.0)
(12.8, 188.4, 115.3)
(12.8, 188.4, 115.3)
(9.0, 193.3, 116.0)
(6.0, 199.2, 117.0)
(3.4, 206.9, 118.8)
(1.3, 215.2, 119.7)
(1.3, 215.2, 119.7)
(359.7, 223.0, 119.6)
(357.9, 227.3, 117.7)
    
(21.6, 178.8, 110.6)
(18.7, 183.9, 112.2)
(15.3, 188.7, 113.2)
(12.8, 193.4, 113.6)
(12.8, 193.4, 113.6)
(10.3, 197.9, 113.4)
(7.5, 201.5, 112.7)
(4.8, 204.7, 111.5)
(1.9, 208.1, 110.4)
(1.9, 208.1, 110.4)
    
(25.3, 180.5, 117.2)
(22.2, 187.2, 119.9)
(19.3, 193.3, 121.5)
(19.3, 193.3, 121.5)
(16.5, 197.1, 120.9)
(12.9, 199.2, 118.9)
(9.3, 200.4, 115.7)
(5.7, 205.0, 115.0)
(5.7, 205.0, 115.0)
(2.3, 210.7, 114.5)
    
(23.3, 178.0, 110.9)
(23.3, 178.0, 110.9)
(20.1, 183.8, 112.2)
(16.4, 189.9, 113.8)
(13.7, 196.1, 114.6)
(10.9, 201.2, 115.8)
(10.9, 201.2, 115.8)
(9.2, 205.2, 115.2)
(6.4, 210.4, 112.5)
(2.4, 216.4, 109.3)
    
(20.3, 167.6, 106.5)
(18.4, 174.0, 108.7)
(15.4, 180.3, 110.6)
(10.8, 186.0, 112.0)
(10.8, 186.0, 112.0)
(7.0, 191.7, 113.3)
(4.0, 198.2, 115.0)
(2.2, 204.7, 116.3)
(0.4, 209.8, 116.7)
(0.4, 209.8, 116.7)
    
(12.4, 180.1, 112.2)
(8.6, 184.4, 113.1)
(5.8, 189.6, 114.0)
(3.6, 195.6, 115.4)
(3.6, 195.6, 115.4)
(2.1, 201.9, 117.0)
(0.8, 208.0, 117.8)
(359.1, 214.0, 116.7)
(355.7, 220.9, 113.1)
(355.7, 220.9, 113.1)
    
(15.7, 172.5, 109.3)
(13.2, 178.6, 111.4)
(9.0, 185.3, 112.0)
(9.0, 185.3, 112.0)
(4.4, 192.3, 111.6)
(359.3, 199.8, 111.0)
(354.7, 206.6, 110.4)
(351.7, 212.7, 110.4)
(351.7, 212.7, 110.4)
(350.4, 218.2, 110.8)
    
(4.2, 182.1, 116.0)
(0.3, 188.2, 117.9)
(0.3, 188.2, 117.9)
(356.9, 196.0, 120.4)
(353.7, 201.3, 120.9)
(350.4, 205.7, 120.4)
(346.8, 210.2, 120.2)
(346.8, 210.2, 120.2)
(344.8, 214.9, 119.5)
(343.3, 220.6, 119.2)
    
(18.0, 181.2, 112.6)
(18.0, 181.2, 112.6)
(14.7, 183.9, 114.3)
(11.5, 186.0, 114.9)
(8.4, 189.1, 114.9)
(4.2, 193.0, 115.0)
(4.2, 193.0, 115.0)
(0.8, 198.2, 115.7)
(357.9, 204.6, 117.1)
(355.0, 211.4, 118.4)
    
(15.2, 178.5, 113.2)
(13.4, 186.1, 116.6)
(13.4, 186.1, 116.6)
(12.3, 193.5, 119.2)
(11.2, 200.4, 120.8)
(9.6, 207.1, 121.3)
(8.0, 212.7, 120.1)
(8.0, 212.7, 120.1)
(6.1, 217.7, 118.3)
(4.3, 221.8, 116.2)
    
(11.8, 177.7, 116.2)
(9.4, 185.0, 118.9)
(6.8, 191.7, 120.7)
(3.7, 196.7, 121.3)
(1.0, 200.7, 120.8)
(1.0, 200.7, 120.8)
(358.7, 205.1, 120.5)
(357.4, 209.4, 120.8)
(356.8, 214.3, 121.3)
(355.5, 218.7, 120.4)
    
(15.8, 173.2, 111.8)
(13.4, 179.9, 113.6)
(11.3, 185.5, 114.6)
(11.3, 185.5, 114.6)
(9.0, 189.8, 115.2)
(7.3, 194.3, 115.6)
(5.8, 198.8, 115.1)
(3.7, 202.3, 113.5)
(0.9, 205.2, 111.7)
(0.9, 205.2, 111.7)
    
(19.1, 169.9, 107.6)
(14.4, 174.4, 108.4)
(8.2, 178.6, 108.3)
(3.3, 184.7, 108.5)
(358.6, 192.0, 110.4)
(358.6, 192.0, 110.4)
(355.6, 199.7, 112.3)
(353.1, 208.3, 114.1)
(352.0, 217.4, 115.0)
(352.0, 217.4, 115.0)
    
(9.1, 191.9, 109.9)
(9.1, 191.9, 109.9)
(6.0, 198.0, 111.4)
(4.1, 203.7, 113.0)
(2.0, 207.9, 113.1)
(358.9, 211.8, 111.7)
(358.9, 211.8, 111.7)
(355.6, 216.1, 109.9)
(352.8, 221.6, 108.6)
(350.7, 226.4, 107.0)
    
(17.0, 182.1, 109.2)
(13.1, 186.2, 109.9)
(9.1, 192.0, 111.3)
(9.1, 192.0, 111.3)
(4.5, 199.0, 113.0)
(0.3, 206.2, 113.6)
(355.5, 213.7, 113.2)
(351.0, 220.7, 112.1)
(351.0, 220.7, 112.1)
(348.6, 227.6, 110.9)
    
(13.6, 178.9, 105.7)
(13.6, 178.9, 105.7)
(11.7, 183.9, 107.9)
(9.1, 188.9, 109.9)
(6.5, 194.1, 110.5)
(3.6, 199.5, 110.6)
(3.6, 199.5, 110.6)
(0.1, 204.2, 110.8)
(356.9, 208.7, 111.4)
(354.9, 214.0, 112.7)
    
(13.0, 179.4, 102.9)
(13.0, 179.4, 102.9)
(9.1, 183.5, 104.1)
(4.5, 189.1, 105.5)
(359.6, 196.0, 106.6)
(356.2, 204.4, 107.4)
(354.0, 213.0, 107.4)
(354.0, 213.0, 107.4)
(352.5, 221.8, 106.1)
(350.6, 231.7, 103.1)
    
(18.8, 185.4, 110.7)
(15.7, 191.8, 112.5)
(12.1, 197.1, 113.6)
(8.8, 201.7, 114.4)
(6.4, 206.6, 114.4)
(6.4, 206.6, 114.4)
(3.9, 212.7, 113.6)
(0.8, 218.5, 112.0)
(356.4, 223.8, 109.1)
(352.8, 228.8, 106.2)
    
(12.1, 175.7, 103.5)
(8.1, 181.6, 105.3)
(4.4, 188.1, 107.3)
(0.4, 195.4, 108.9)
(0.4, 195.4, 108.9)
(357.0, 202.9, 110.1)
(354.5, 211.9, 111.6)
(351.7, 219.5, 111.1)
(348.9, 228.0, 109.9)
(348.9, 228.0, 109.9)
    
(20.5, 178.7, 109.1)
(17.3, 181.9, 110.0)
(14.4, 185.7, 111.7)
(11.5, 189.7, 113.0)
(8.1, 194.1, 114.0)
(8.1, 194.1, 114.0)
(4.5, 198.7, 114.4)
(1.1, 204.1, 114.2)
(357.5, 210.5, 113.7)
(354.5, 217.1, 112.8)
    
(13.9, 174.7, 107.5)
(10.7, 176.9, 108.0)
(7.8, 181.2, 109.0)
(5.0, 186.7, 110.2)
(2.4, 192.9, 111.5)
(2.4, 192.9, 111.5)
(359.5, 199.2, 113.0)
(356.0, 205.2, 114.7)
(352.1, 210.8, 115.9)
(348.2, 215.9, 115.6)
    
(9.0, 179.5, 101.9)
(6.1, 183.9, 103.2)
(3.3, 188.8, 105.2)
(3.3, 188.8, 105.2)
(1.0, 194.4, 107.0)
(358.5, 200.3, 107.8)
(355.4, 206.1, 107.2)
(352.4, 211.7, 106.7)
(352.4, 211.7, 106.7)
(350.2, 217.5, 106.2)
    
(24.4, 178.1, 103.9)
(24.4, 178.1, 103.9)
(17.7, 185.9, 108.2)
(13.6, 196.6, 113.3)
(11.5, 209.1, 117.1)
(10.2, 220.4, 118.3)
(10.2, 220.4, 118.3)
(7.3, 228.5, 114.6)
(1.9, 233.7, 107.8)
(355.9, 238.1, 102.0)
    
(5.3, 178.3, 113.5)
(2.4, 180.6, 114.6)
(358.6, 184.4, 116.0)
(354.1, 188.8, 116.8)
(349.7, 194.2, 116.8)
(349.7, 194.2, 116.8)
(345.2, 199.8, 117.1)
(341.7, 205.1, 117.8)
(339.7, 212.4, 118.7)
(338.0, 220.8, 117.8)
    
(18.0, 174.9, 106.3)
(14.8, 179.0, 107.4)
(11.3, 182.9, 107.9)
(7.7, 188.1, 108.5)
(7.7, 188.1, 108.5)
(3.8, 193.7, 109.2)
(359.2, 200.0, 109.9)
(354.9, 207.5, 110.3)
(350.8, 217.6, 110.5)
(348.2, 227.1, 109.4)
    
(14.1, 179.1, 107.0)
(10.9, 185.6, 108.4)
(7.9, 192.2, 110.1)
(7.9, 192.2, 110.1)
(5.4, 197.9, 111.1)
(2.6, 203.5, 111.2)
(359.6, 208.5, 110.6)
(356.7, 213.2, 109.8)
(356.7, 213.2, 109.8)
(354.2, 217.9, 108.8)
    
/n
(17.8, 174.3, 103.3)
(17.8, 174.3, 103.3)
(15.2, 184.6, 106.9)
(12.6, 193.2, 109.6)
(10.1, 201.2, 111.7)
(8.6, 207.1, 112.8)
(8.6, 207.1, 112.8)
(6.9, 211.8, 112.1)
(4.2, 214.8, 111.0)
(1.2, 216.8, 109.6)
    
(16.6, 186.3, 114.9)
(14.1, 191.0, 115.9)
(11.0, 195.4, 116.4)
(7.7, 200.2, 116.1)
(7.7, 200.2, 116.1)
(5.1, 205.2, 115.8)
(3.4, 210.7, 116.1)
(3.4, 215.9, 116.0)
(3.4, 221.7, 115.9)
(3.4, 221.7, 115.9)
    
(26.2, 183.7, 116.6)
(22.4, 189.1, 118.2)
(19.0, 194.8, 118.7)
(15.8, 200.6, 119.4)
(12.8, 206.1, 120.2)
(12.8, 206.1, 120.2)
(10.4, 211.3, 120.1)
(7.7, 217.1, 119.5)
(4.4, 222.6, 119.0)
(2.5, 228.1, 117.9)
    
(22.8, 167.8, 106.8)
(21.2, 174.5, 109.0)
(19.4, 181.3, 110.5)
(16.7, 187.7, 111.3)
(13.8, 193.6, 111.8)
(13.8, 193.6, 111.8)
(10.5, 199.8, 113.0)
(8.6, 207.0, 114.2)
(7.1, 214.4, 114.8)
(5.3, 221.8, 114.5)
    
(24.7, 177.5, 111.2)
(22.6, 182.5, 113.0)
(20.5, 188.8, 115.1)
(20.5, 188.8, 115.1)
(17.9, 194.8, 116.5)
(14.7, 199.9, 117.5)
(11.3, 204.3, 117.8)
(11.3, 204.3, 117.8)
(6.9, 208.5, 117.6)
(4.0, 213.9, 116.5)
    
(19.6, 176.1, 108.4)
(19.6, 176.1, 108.4)
(15.1, 181.6, 108.8)
(10.5, 188.7, 110.0)
(6.6, 197.7, 112.3)
(4.7, 205.5, 113.1)
(4.7, 205.5, 113.1)
(2.8, 214.3, 113.9)
(0.2, 223.8, 114.0)
(359.0, 231.0, 112.5)
    
(25.6, 178.3, 116.6)
(23.5, 184.5, 120.1)
(21.6, 191.3, 122.9)
(19.7, 197.7, 124.7)
(17.7, 203.6, 125.1)
(17.7, 203.6, 125.1)
(15.1, 209.6, 125.0)
(12.4, 216.2, 124.3)
(10.0, 222.7, 123.4)
(7.9, 229.8, 122.2)
    
(27.8, 184.2, 117.3)
(24.1, 185.2, 117.5)
(20.4, 187.2, 117.2)
(16.6, 190.6, 117.2)
(13.4, 195.6, 117.7)
(13.4, 195.6, 117.7)
(10.8, 200.7, 117.8)
(8.1, 205.9, 117.7)
(5.5, 210.8, 117.3)
(3.0, 215.8, 116.4)
    
(18.9, 182.1, 114.4)
(18.9, 182.1, 114.4)
(16.9, 187.4, 115.9)
(14.7, 193.2, 117.3)
(12.0, 198.5, 117.6)
(8.8, 203.9, 117.1)
(8.8, 203.9, 117.1)
(6.0, 209.2, 116.4)
(3.6, 215.1, 115.9)
(2.5, 221.0, 115.7)
    
(24.6, 175.8, 115.4)
(21.9, 181.3, 117.3)
(19.4, 186.9, 118.9)
(16.5, 192.7, 120.4)
(16.5, 192.7, 120.4)
(13.7, 198.2, 120.8)
(10.7, 203.9, 121.2)
(8.0, 209.4, 120.7)
(5.6, 214.7, 119.4)
(5.6, 214.7, 119.4)
    
(20.7, 178.6, 113.0)
(17.7, 183.6, 114.8)
(14.6, 189.3, 117.1)
(14.6, 189.3, 117.1)
(12.1, 195.9, 119.4)
(10.0, 202.5, 120.6)
(7.3, 207.7, 120.4)
(4.7, 212.1, 119.0)
(4.7, 212.1, 119.0)
(2.5, 216.1, 117.5)
    
(22.9, 175.5, 111.4)
(19.3, 181.5, 114.0)
(16.4, 188.5, 117.2)
(14.3, 195.3, 119.3)
(14.3, 195.3, 119.3)
(12.7, 202.0, 120.7)
(10.8, 207.8, 120.7)
(8.5, 212.9, 119.8)
(6.0, 217.4, 118.1)
(6.0, 217.4, 118.1)
    
(21.2, 170.6, 104.8)
(18.4, 176.5, 107.1)
(16.1, 182.3, 109.1)
(14.2, 187.9, 110.5)
(14.2, 187.9, 110.5)
(11.0, 192.3, 110.4)
(7.2, 196.2, 109.8)
(3.7, 200.6, 109.3)
(0.8, 206.2, 109.0)
(0.8, 206.2, 109.0)
    
(24.1, 167.9, 101.6)
(20.7, 173.1, 103.2)
(20.7, 173.1, 103.2)
(17.9, 179.6, 105.7)
(15.5, 187.0, 108.9)
(13.4, 193.3, 110.5)
(11.4, 198.7, 111.2)
(11.4, 198.7, 111.2)
(9.2, 203.1, 110.9)
(6.9, 207.2, 110.1)
    
(20.3, 182.8, 101.0)
(17.0, 188.6, 102.2)
(17.0, 188.6, 102.2)
(14.2, 194.9, 103.5)
(12.1, 200.3, 104.8)
(10.8, 204.8, 105.3)
(9.4, 209.2, 105.0)
(9.4, 209.2, 105.0)
(7.4, 213.9, 104.0)
(5.3, 218.4, 102.9)
    
(26.2, 188.0, 112.6)
(23.4, 191.7, 113.5)
(20.7, 195.4, 113.7)
(18.8, 199.1, 114.1)
(18.8, 199.1, 114.1)
(15.4, 202.9, 113.2)
(12.2, 207.4, 112.4)
(9.5, 210.9, 108.7)
(7.2, 217.3, 108.4)
(7.2, 217.3, 108.4)
    
(20.6, 183.6, 109.4)
(16.7, 189.9, 111.7)
(13.4, 196.1, 112.7)
(11.0, 201.4, 112.5)
(11.0, 201.4, 112.5)
(9.3, 205.1, 111.9)
(7.8, 208.0, 110.9)
(5.6, 210.4, 109.5)
(3.2, 209.6, 104.5)
(3.2, 209.6, 104.5)
    
(29.6, 180.9, 109.0)
(27.4, 181.0, 109.0)
(25.3, 182.1, 109.2)
(25.3, 182.1, 109.2)
(23.6, 184.6, 109.6)
(21.8, 187.8, 110.0)
(19.9, 190.6, 110.2)
(17.8, 193.1, 110.7)
(17.8, 193.1, 110.7)
(16.3, 195.7, 111.3)
    
(25.0, 182.3, 110.1)
(22.2, 187.8, 111.8)
(19.5, 192.8, 112.7)
(16.9, 198.2, 113.4)
(16.9, 198.2, 113.4)
(14.6, 203.0, 113.3)
(11.8, 207.5, 112.9)
(9.2, 211.1, 112.1)
(6.9, 214.9, 111.6)
(6.9, 214.9, 111.6)
    
(25.5, 180.8, 109.3)
(23.0, 186.1, 110.8)
(20.6, 190.9, 111.9)
(18.2, 195.0, 112.4)
(18.2, 195.0, 112.4)
(15.9, 199.1, 112.9)
(13.5, 203.6, 113.2)
(11.8, 208.0, 112.8)
(9.7, 211.8, 111.9)
(9.7, 211.8, 111.9)
    
(24.8, 180.5, 115.9)
(21.5, 185.9, 116.3)
(18.7, 190.6, 116.7)
(16.0, 195.1, 117.0)
(13.5, 199.2, 117.1)
(13.5, 199.2, 117.1)
(10.9, 203.9, 117.0)
(8.5, 208.3, 116.1)
(6.2, 212.8, 115.3)
(4.1, 217.6, 114.6)
    
(21.8, 176.2, 108.2)
(19.7, 178.7, 109.8)
(18.6, 183.7, 112.2)
(18.6, 183.7, 112.2)
(16.7, 189.5, 112.9)
(14.0, 194.9, 112.6)
(10.5, 198.5, 111.0)
(7.0, 201.5, 109.4)
(7.0, 201.5, 109.4)
(4.7, 205.6, 109.1)
    
(25.4, 170.4, 108.3)
(25.4, 170.4, 108.3)
(22.5, 175.9, 109.8)
(19.5, 182.3, 111.2)
(16.8, 189.2, 112.8)
(14.0, 196.5, 114.6)
(14.0, 196.5, 114.6)
(12.5, 203.2, 115.9)
(11.2, 210.3, 117.0)
(9.4, 215.6, 116.7)
    
(26.3, 183.2, 111.2)
(23.3, 185.6, 110.8)
(20.6, 189.0, 110.6)
(18.2, 193.5, 110.8)
(18.2, 193.5, 110.8)
(16.0, 198.5, 111.5)
(13.9, 203.0, 112.5)
(12.0, 206.1, 112.6)
(10.4, 208.9, 112.4)
(10.4, 208.9, 112.4)
    
(26.3, 180.3, 106.7)
(23.9, 184.1, 107.7)
(23.9, 184.1, 107.7)
(21.0, 187.1, 108.2)
(18.3, 190.1, 108.8)
(16.3, 193.7, 109.4)
(14.5, 197.6, 110.2)
(14.5, 197.6, 110.2)
(12.9, 201.2, 110.1)
(11.1, 204.2, 109.6)
    
(26.7, 186.1, 109.8)
(24.1, 189.7, 110.2)
(24.1, 189.7, 110.2)
(20.7, 192.8, 110.0)
(16.7, 196.6, 110.0)
(13.3, 201.2, 110.1)
(9.6, 207.8, 110.4)
(9.6, 207.8, 110.4)
(6.6, 214.8, 110.2)
(3.6, 221.5, 109.6)
    
(19.0, 185.9, 115.2)
(15.8, 188.7, 115.9)
(12.4, 191.4, 115.8)
(9.1, 194.2, 115.3)
(9.1, 194.2, 115.3)
(5.5, 197.0, 114.5)
(1.7, 199.7, 113.9)
(358.3, 203.1, 113.6)
(355.4, 207.6, 113.6)
(355.4, 207.6, 113.6)
    
(21.9, 178.9, 110.2)
(18.7, 182.7, 111.3)
(15.4, 186.6, 112.2)
(15.4, 186.6, 112.2)
(12.2, 191.3, 113.2)
(9.4, 196.3, 113.8)
(6.3, 200.4, 113.3)
(2.8, 203.6, 112.4)
(2.8, 203.6, 112.4)
(359.5, 207.4, 111.5)
    
(25.2, 177.1, 111.5)
(23.0, 184.5, 114.1)
(19.9, 190.8, 115.7)
(16.6, 196.7, 116.9)
(16.6, 196.7, 116.9)
(13.7, 202.1, 117.1)
(11.3, 207.1, 116.5)
(8.7, 211.6, 114.8)
(5.5, 215.9, 112.4)
(5.5, 215.9, 112.4)
    
(23.3, 166.6, 103.5)
(20.7, 170.6, 105.1)
(18.3, 175.4, 106.8)
(16.3, 181.2, 108.1)
(13.4, 187.3, 109.0)
(13.4, 187.3, 109.0)
(9.7, 193.8, 109.4)
(6.1, 201.0, 109.4)
(2.6, 208.2, 108.9)
(359.8, 215.2, 108.4)
    
(23.8, 177.4, 112.2)
(20.6, 181.2, 113.8)
(18.3, 185.2, 114.9)
(18.3, 185.2, 114.9)
(15.6, 189.5, 115.0)
(12.2, 193.8, 114.8)
(8.6, 199.3, 114.7)
(5.1, 205.9, 114.7)
(5.1, 205.9, 114.7)
(2.8, 213.1, 114.9)
    
(28.4, 178.0, 110.0)
(25.5, 179.6, 110.1)
(22.1, 182.3, 110.3)
(22.1, 182.3, 110.3)
(18.2, 184.9, 110.2)
(14.6, 188.8, 110.9)
(12.0, 194.2, 112.3)
(9.5, 200.5, 114.6)
(9.5, 200.5, 114.6)
(7.2, 207.4, 116.7)
    
(26.6, 179.4, 112.0)
(23.6, 183.0, 113.3)
(20.1, 187.3, 114.0)
(20.1, 187.3, 114.0)
(16.4, 192.9, 114.5)
(12.9, 199.7, 115.1)
(9.8, 206.9, 115.6)
(7.0, 213.7, 115.6)
(7.0, 213.7, 115.6)
(4.2, 219.1, 114.4)
    
(21.9, 169.9, 104.0)
(19.9, 176.7, 107.3)
(18.3, 183.7, 110.5)
(16.2, 190.8, 113.1)
(13.7, 195.8, 113.7)
(13.7, 195.8, 113.7)
(10.7, 199.8, 113.3)
(8.3, 203.8, 113.0)
(6.3, 208.0, 113.3)
(4.8, 212.0, 113.4)
    
(22.7, 182.1, 116.0)
(19.1, 185.1, 117.9)
(19.1, 185.1, 117.9)
(15.8, 188.7, 118.9)
(12.7, 193.0, 119.8)
(9.9, 197.3, 120.4)
(7.6, 201.4, 120.5)
(7.6, 201.4, 120.5)
(4.9, 204.6, 119.9)
(2.0, 207.3, 119.0)
    
(17.7, 183.8, 112.3)
(14.3, 189.7, 114.6)
(11.3, 194.4, 116.1)
(7.6, 198.1, 117.2)
(5.1, 201.3, 117.4)
(5.1, 201.3, 117.4)
(2.4, 204.3, 117.2)
(359.8, 207.0, 116.7)
(358.1, 210.3, 116.1)
(356.5, 214.0, 115.3)
    
(20.3, 177.2, 112.1)
(16.6, 181.3, 113.8)
(12.4, 185.7, 114.9)
(8.6, 190.9, 116.2)
(4.8, 197.3, 117.5)
(4.8, 197.3, 117.5)
(1.5, 204.7, 119.1)
(359.3, 211.9, 119.7)
(357.1, 218.8, 119.7)
(354.9, 224.9, 119.1)
    
(21.6, 170.9, 109.2)
(18.2, 176.8, 111.4)
(14.9, 182.8, 113.4)
(14.9, 182.8, 113.4)
(11.9, 188.5, 115.6)
(9.1, 194.4, 117.6)
(6.2, 200.8, 118.7)
(3.0, 207.2, 119.1)
(3.0, 207.2, 119.1)
(359.4, 214.6, 119.0)
    
(20.5, 182.2, 112.5)
(17.5, 187.9, 115.2)
(13.7, 192.7, 116.5)
(13.7, 192.7, 116.5)
(9.5, 197.0, 117.1)
(5.8, 201.7, 117.7)
(2.6, 206.4, 117.9)
(359.5, 210.9, 117.5)
(359.5, 210.9, 117.5)
(356.7, 215.0, 116.6)
    
(15.8, 181.3, 114.3)
(15.8, 181.3, 114.3)
(11.4, 183.0, 114.4)
(7.4, 184.8, 114.8)
(3.9, 188.9, 115.7)
(0.3, 194.2, 116.5)
(0.3, 194.2, 116.5)
(356.4, 200.8, 117.2)
(353.1, 208.3, 117.6)
(350.0, 215.4, 117.6)
    
(19.0, 173.1, 110.1)
(14.9, 177.8, 111.2)
(10.7, 183.1, 112.1)
(5.7, 188.4, 113.5)
(5.7, 188.4, 113.5)
(1.9, 195.0, 115.1)
(358.8, 202.9, 116.9)
(356.1, 211.8, 117.5)
(353.1, 221.7, 117.1)
(353.1, 221.7, 117.1)
    
(19.0, 188.5, 114.4)
(15.6, 191.2, 116.0)
(12.3, 192.9, 117.6)
(12.3, 192.9, 117.6)
(8.9, 194.2, 118.1)
(5.3, 196.0, 117.7)
(1.6, 198.7, 117.0)
(359.0, 203.1, 117.1)
(359.0, 203.1, 117.1)
(356.7, 208.3, 117.9)
    
(23.6, 183.0, 121.4)
(19.8, 185.8, 122.2)
(19.8, 185.8, 122.2)
(16.3, 190.3, 122.8)
(12.8, 195.9, 123.6)
(9.3, 200.8, 123.6)
(5.0, 204.8, 122.8)
(5.0, 204.8, 122.8)
(1.9, 208.7, 121.5)
(359.5, 212.7, 120.0)
    
(17.6, 178.6, 113.8)
(15.2, 184.6, 116.6)
(12.7, 190.2, 118.7)
(9.6, 194.7, 119.3)
(9.6, 194.7, 119.3)
(6.0, 198.6, 118.8)
(2.4, 202.4, 118.1)
(359.1, 206.8, 117.7)
(356.8, 212.5, 117.9)
(356.8, 212.5, 117.9)
    
(24.3, 178.2, 108.1)
(21.3, 183.4, 110.2)
(21.3, 183.4, 110.2)
(19.0, 188.7, 112.0)
(17.3, 194.4, 114.1)
(15.5, 197.7, 115.1)
(13.5, 199.1, 115.0)
(13.5, 199.1, 115.0)
(10.2, 199.6, 113.7)
(6.2, 200.1, 111.6)
    
(24.1, 187.5, 119.0)
(24.1, 187.5, 119.0)
(21.0, 190.4, 119.6)
(17.6, 194.2, 119.7)
(13.8, 198.5, 119.4)
(10.2, 203.2, 119.0)
(10.2, 203.2, 119.0)
(7.4, 208.5, 118.5)
(5.0, 213.6, 118.1)
(3.1, 218.1, 117.6)
    
(20.0, 172.2, 113.1)
(14.9, 181.9, 115.8)
(11.2, 191.6, 118.1)
(8.8, 199.5, 119.4)
(8.8, 199.5, 119.4)
(7.1, 205.4, 119.9)
(5.0, 209.6, 119.6)
(2.3, 212.9, 118.7)
(359.5, 216.6, 117.7)
(359.5, 216.6, 117.7)
    
(17.2, 182.5, 110.5)
(14.3, 185.3, 111.6)
(11.3, 188.0, 111.9)
(11.3, 188.0, 111.9)
(8.1, 191.3, 112.0)
(4.6, 194.6, 112.3)
(1.4, 198.5, 112.9)
(358.7, 203.1, 113.3)
(358.7, 203.1, 113.3)
(356.5, 208.2, 113.6)
    
(24.6, 177.0, 112.1)
(22.5, 180.5, 113.5)
(20.3, 184.3, 114.8)
(18.1, 188.3, 115.8)
(15.4, 192.4, 116.6)
(15.4, 192.4, 116.6)
(13.0, 197.1, 117.1)
(10.5, 202.2, 117.4)
(8.0, 207.7, 117.5)
(6.0, 213.3, 117.4)
    
(28.4, 179.5, 110.0)
(25.8, 183.6, 112.6)
(22.5, 187.3, 113.3)
(19.0, 190.3, 113.1)
(15.9, 193.3, 112.8)
(15.9, 193.3, 112.8)
(12.7, 196.0, 112.2)
(9.0, 198.1, 111.5)
(5.9, 201.5, 111.1)
(3.2, 206.0, 110.9)
    
(28.1, 181.0, 110.8)
(24.9, 185.6, 112.4)
(21.8, 190.0, 113.0)
(18.9, 194.6, 112.8)
(18.9, 194.6, 112.8)
(16.0, 199.4, 112.5)
(13.4, 204.2, 112.1)
(10.8, 208.6, 111.4)
(8.1, 213.0, 110.5)
(8.1, 213.0, 110.5)
    
(26.9, 178.0, 110.5)
(26.9, 178.0, 110.5)
(23.4, 185.3, 112.7)
(17.6, 191.8, 113.6)
(12.8, 198.5, 113.7)
(10.8, 205.8, 114.5)
(10.8, 205.8, 114.5)
(9.6, 212.9, 115.5)
(8.1, 219.3, 115.8)
(5.4, 224.7, 114.3)
    
(26.4, 181.3, 112.9)
(24.3, 184.4, 113.0)
(21.4, 187.0, 112.7)
(21.4, 187.0, 112.7)
(18.3, 189.2, 112.4)
(16.0, 191.2, 112.9)
(14.6, 193.6, 113.9)
(12.7, 196.4, 114.7)
(12.7, 196.4, 114.7)
(9.9, 199.7, 115.3)
    
(26.0, 164.4, 101.8)
(24.2, 169.1, 103.1)
(21.6, 175.5, 104.3)
(18.8, 182.3, 106.1)
(16.4, 188.8, 108.3)
(16.4, 188.8, 108.3)
(14.5, 195.0, 110.6)
(12.2, 200.5, 111.7)
(9.6, 205.7, 112.2)
(9.6, 205.7, 112.2)
    
(21.2, 185.3, 113.8)
(18.4, 188.0, 113.8)
(16.1, 191.0, 114.7)
(13.7, 193.9, 115.4)
(13.7, 193.9, 115.4)
(11.0, 197.6, 115.6)
(8.1, 202.3, 115.5)
(5.1, 207.3, 115.0)
(2.8, 212.1, 114.2)
(2.8, 212.1, 114.2)
    
(25.7, 178.1, 114.8)
(22.6, 182.2, 116.1)
(22.6, 182.2, 116.1)
(18.3, 187.3, 116.6)
(13.6, 191.7, 117.2)
(9.2, 195.8, 117.9)
(5.7, 200.7, 119.3)
(5.7, 200.7, 119.3)
(3.0, 205.9, 120.2)
(0.0, 211.3, 120.5)
    
(21.9, 184.5, 115.6)
(18.9, 188.5, 116.9)
(18.9, 188.5, 116.9)
(16.7, 193.4, 118.2)
(14.5, 198.3, 118.9)
(11.9, 202.6, 118.5)
(8.7, 206.0, 117.6)
(8.7, 206.0, 117.6)
(6.2, 209.3, 116.4)
(4.7, 213.1, 115.5)
    
(25.4, 180.3, 111.7)
(22.5, 182.7, 111.9)
(19.6, 185.6, 112.3)
(19.6, 185.6, 112.3)
(17.0, 188.7, 112.9)
(14.4, 191.6, 112.9)
(11.3, 194.3, 112.6)
(8.0, 197.6, 112.6)
(8.0, 197.6, 112.6)
(5.2, 201.3, 112.5)
    
(23.9, 171.6, 110.0)
(21.2, 175.4, 112.0)
(18.6, 180.1, 113.7)
(16.2, 185.1, 114.9)
(16.2, 185.1, 114.9)
(13.1, 189.9, 115.4)
(9.1, 194.8, 115.8)
(5.3, 200.7, 116.9)
(2.3, 207.3, 117.8)
(2.3, 207.3, 117.8)
    
(29.4, 175.2, 109.8)
(26.9, 177.8, 110.5)
(23.7, 181.9, 110.9)
(20.0, 186.9, 112.0)
(16.0, 191.9, 113.4)
(16.0, 191.9, 113.4)
(12.1, 196.4, 114.4)
(8.8, 200.6, 114.9)
(5.9, 205.5, 115.2)
(4.4, 210.6, 115.0)
    
(19.3, 186.3, 114.0)
(19.3, 186.3, 114.0)
(15.8, 188.6, 115.0)
(11.9, 191.4, 115.2)
(7.1, 195.5, 114.7)
(3.3, 201.7, 114.2)
(3.3, 201.7, 114.2)
(0.9, 209.6, 114.4)
(359.3, 215.1, 114.4)
(358.3, 219.6, 114.1)
    
(21.4, 171.0, 105.0)
(19.0, 174.6, 106.2)
(17.1, 178.4, 107.5)
(17.1, 178.4, 107.5)
(15.1, 182.4, 108.9)
(12.7, 186.5, 109.9)
(10.2, 190.8, 110.6)
(8.5, 195.2, 110.9)
(8.5, 195.2, 110.9)
(7.2, 199.0, 110.8)
    
(23.8, 173.4, 113.9)
(20.4, 179.3, 115.7)
(20.4, 179.3, 115.7)
(16.8, 184.7, 117.7)
(14.2, 189.4, 119.3)
(12.5, 194.5, 120.9)
(11.2, 200.0, 121.6)
(11.2, 200.0, 121.6)
(9.7, 206.0, 121.9)
(7.8, 210.6, 121.1)
    
(17.4, 175.7, 101.5)
(17.4, 175.7, 101.5)
(15.6, 180.8, 103.2)
(14.4, 187.5, 104.9)
(12.0, 195.9, 105.8)
(8.3, 202.6, 105.8)
(8.3, 202.6, 105.8)
(5.3, 207.9, 104.9)
(3.1, 211.6, 104.1)
(1.8, 214.5, 104.0)
    
(28.9, 175.9, 107.5)
(26.2, 178.9, 108.0)
(23.1, 182.9, 108.4)
(23.1, 182.9, 108.4)
(20.3, 188.5, 109.0)
(17.7, 194.6, 109.9)
(14.9, 200.6, 110.2)
(11.8, 206.7, 110.1)
(11.8, 206.7, 110.1)
(8.7, 212.8, 110.2)
    
(23.6, 168.3, 104.9)
(21.5, 173.5, 106.5)
(21.5, 173.5, 106.5)
(19.9, 179.3, 108.2)
(18.2, 184.7, 109.8)
(16.4, 190.3, 111.0)
(14.2, 195.3, 111.3)
(14.2, 195.3, 111.3)
(11.8, 199.4, 110.9)
(8.8, 203.4, 109.7)
    
(18.3, 175.2, 107.7)
(15.1, 179.6, 108.8)
(15.1, 179.6, 108.8)
(12.2, 184.9, 109.9)
(9.0, 190.2, 110.6)
(4.8, 195.6, 111.1)
(1.5, 201.5, 111.4)
(1.5, 201.5, 111.4)
(359.7, 208.1, 111.6)
(358.6, 215.0, 112.2)
    
(22.7, 178.1, 111.8)
(20.4, 181.7, 113.6)
(18.2, 185.6, 114.6)
(16.3, 189.4, 115.5)
(16.3, 189.4, 115.5)
(14.1, 193.3, 115.9)
(11.7, 197.0, 116.1)
(8.5, 200.4, 116.0)
(5.0, 203.6, 115.6)
(5.0, 203.6, 115.6)
    
(14.7, 182.8, 113.4)
(11.2, 184.7, 114.0)
(7.6, 187.6, 114.7)
(7.6, 187.6, 114.7)
(4.7, 192.5, 115.6)
(1.7, 198.3, 117.1)
(359.4, 204.5, 117.8)
(357.1, 211.1, 117.8)
(357.1, 211.1, 117.8)
(354.8, 217.3, 116.7)
    
(19.1, 179.0, 110.7)
(19.1, 179.0, 110.7)
(15.6, 182.5, 112.0)
(12.2, 186.6, 113.0)
(8.4, 190.4, 114.0)
(5.4, 194.3, 114.3)
(5.4, 194.3, 114.3)
(1.9, 197.3, 113.7)
(357.5, 199.3, 112.4)
(354.2, 203.3, 111.1)
    
(14.6, 171.3, 106.8)
(11.4, 174.6, 107.5)
(8.8, 179.2, 108.7)
(6.3, 184.6, 110.3)
(4.0, 190.1, 111.7)
(4.0, 190.1, 111.7)
(2.2, 195.3, 112.5)
(359.9, 200.0, 112.5)
(357.4, 204.0, 111.6)
(355.5, 208.3, 110.6)
    
(19.7, 179.5, 113.6)
(16.5, 184.1, 115.3)
(16.5, 184.1, 115.3)
(12.6, 189.2, 116.6)
(8.4, 195.0, 118.0)
(5.3, 201.4, 119.1)
(2.3, 207.3, 119.8)
(2.3, 207.3, 119.8)
(359.6, 211.8, 119.4)
(356.7, 216.2, 118.9)
    
(18.9, 179.9, 117.3)
(15.6, 187.0, 119.1)
(15.6, 187.0, 119.1)
(12.4, 194.2, 120.4)
(10.1, 202.1, 121.3)
(9.0, 208.7, 120.7)
(7.7, 214.3, 119.3)
(7.7, 214.3, 119.3)
(4.5, 218.8, 116.8)
(359.9, 223.3, 114.6)
    
(17.3, 178.7, 115.3)
(15.4, 182.8, 117.8)
(13.5, 186.6, 120.1)
(10.9, 191.6, 120.8)
(7.8, 197.6, 120.9)
(7.8, 197.6, 120.9)
(4.7, 204.0, 121.0)
(1.2, 209.9, 120.5)
(357.8, 214.7, 119.9)
(355.7, 219.6, 119.2)
    
(23.3, 179.4, 115.1)
(23.3, 179.4, 115.1)
(20.2, 183.4, 116.6)
(17.6, 188.0, 118.5)
(15.3, 192.7, 119.9)
(12.3, 196.8, 120.7)
(12.3, 196.8, 120.7)
(9.9, 199.9, 120.1)
(7.6, 202.4, 118.4)
(4.7, 204.6, 116.9)
    
(23.1, 178.1, 115.1)
(19.5, 182.0, 116.9)
(16.1, 186.0, 119.1)
(12.9, 190.3, 120.7)
(9.5, 195.0, 121.5)
(9.5, 195.0, 121.5)
(6.4, 199.7, 121.3)
(3.7, 204.1, 120.6)
(0.6, 208.1, 119.7)
(357.9, 212.0, 119.0)
    
(18.2, 171.5, 110.9)
(16.8, 178.9, 114.3)
(14.2, 185.0, 116.9)
(11.1, 190.6, 118.6)
(11.1, 190.6, 118.6)
(7.7, 196.8, 119.7)
(4.8, 202.7, 119.9)
(2.2, 208.5, 119.6)
(359.6, 213.7, 118.4)
(359.6, 213.7, 118.4)
    
(15.3, 180.8, 112.8)
(12.4, 187.9, 114.1)
(12.4, 187.9, 114.1)
(8.6, 194.9, 114.5)
(5.1, 200.8, 114.4)
(2.4, 207.0, 114.6)
(0.6, 214.0, 114.7)
(0.6, 214.0, 114.7)
(358.7, 219.9, 113.8)
(357.0, 224.8, 112.2)
    
(20.5, 178.2, 114.1)
(17.7, 182.9, 115.9)
(15.3, 188.6, 117.6)
(13.0, 194.6, 119.2)
(13.0, 194.6, 119.2)
(10.2, 200.9, 119.9)
(6.7, 207.1, 119.1)
(3.8, 213.2, 117.8)
(1.0, 219.3, 116.6)
(1.0, 219.3, 116.6)
    
(20.3, 182.3, 114.8)
(16.9, 186.4, 115.8)
(13.4, 190.6, 116.4)
(10.1, 195.4, 117.0)
(10.1, 195.4, 117.0)
(7.3, 200.8, 117.4)
(4.4, 205.8, 117.2)
(1.5, 210.2, 116.3)
(358.6, 214.2, 114.7)
(358.6, 214.2, 114.7)
    
(16.4, 183.7, 115.5)
(13.8, 186.7, 116.2)
(11.8, 190.0, 116.9)
(11.8, 190.0, 116.9)
(9.3, 193.8, 118.1)
(6.8, 198.0, 119.0)
(3.7, 202.5, 118.9)
(0.2, 206.9, 118.3)
(0.2, 206.9, 118.3)
(357.8, 211.8, 117.4)
    
(16.5, 185.5, 118.3)
(13.5, 189.7, 119.2)
(13.5, 189.7, 119.2)
(10.9, 193.9, 120.4)
(8.5, 198.8, 121.6)
(6.2, 203.8, 122.2)
(3.7, 209.2, 122.3)
(3.7, 209.2, 122.3)
(0.9, 214.2, 121.3)
(358.1, 219.4, 120.0)
    
(26.8, 181.9, 118.1)
(23.8, 184.7, 119.0)
(20.3, 187.8, 119.6)
(20.3, 187.8, 119.6)
(16.5, 191.2, 119.8)
(12.6, 194.4, 119.5)
(8.6, 197.5, 119.0)
(5.3, 201.5, 118.3)
(5.3, 201.5, 118.3)
(2.1, 206.7, 117.7)
    
(19.6, 182.8, 114.1)
(15.8, 188.5, 116.0)
(15.8, 188.5, 116.0)
(12.6, 194.7, 117.1)
(9.7, 201.1, 117.8)
(6.8, 207.3, 118.0)
(3.9, 212.6, 117.2)
(3.9, 212.6, 117.2)
(1.1, 217.6, 116.3)
(358.3, 223.2, 116.1)
    
(20.8, 176.8, 109.8)
(17.6, 181.6, 111.3)
(14.1, 186.4, 112.8)
(14.1, 186.4, 112.8)
(10.5, 191.5, 114.2)
(6.8, 196.7, 115.1)
(3.6, 201.6, 115.6)
(0.8, 206.3, 115.4)
(0.8, 206.3, 115.4)
(358.4, 211.4, 114.5)
    
(18.8, 181.1, 116.0)
(13.0, 180.8, 114.6)
(8.5, 182.9, 115.2)
(8.5, 182.9, 115.2)
(5.7, 187.2, 117.3)
(2.9, 191.1, 119.3)
(1.5, 194.0, 121.4)
(0.9, 198.8, 121.3)
(0.9, 198.8, 121.3)
(359.0, 203.8, 120.9)
    
(17.0, 181.7, 110.9)
(17.0, 181.7, 110.9)
(14.5, 186.4, 112.7)
(12.8, 190.7, 114.1)
(11.0, 194.8, 115.1)
(8.7, 197.8, 115.2)
(8.7, 197.8, 115.2)
(6.2, 200.1, 115.1)
(3.9, 202.6, 114.7)
(2.0, 205.3, 114.4)
    
(17.4, 173.2, 112.1)
(14.6, 181.7, 115.2)
(11.8, 190.6, 117.7)
(8.8, 198.9, 118.7)
(4.5, 205.7, 118.7)
(4.5, 205.7, 118.7)
(359.6, 211.6, 118.3)
(355.5, 218.0, 117.9)
(352.2, 225.7, 118.2)
(350.9, 231.6, 116.9)
    
(17.2, 175.3, 112.0)
(14.0, 177.2, 113.0)
(10.3, 179.1, 114.5)
(7.0, 183.1, 116.7)
(7.0, 183.1, 116.7)
(4.1, 187.9, 119.4)
(3.0, 192.0, 119.2)
(0.9, 199.5, 120.5)
(358.7, 206.8, 120.9)
(358.7, 206.8, 120.9)
    
(20.4, 185.4, 119.3)
(17.1, 185.1, 119.5)
(13.5, 186.3, 119.5)
(13.5, 186.3, 119.5)
(10.2, 188.5, 119.5)
(7.1, 191.8, 119.8)
(4.0, 196.1, 120.1)
(0.3, 200.1, 120.4)
(0.3, 200.1, 120.4)
(357.4, 205.2, 120.3)
    
(22.0, 177.4, 113.8)
(18.2, 180.9, 114.2)
(13.9, 184.5, 114.3)
(9.8, 188.7, 114.7)
(7.0, 193.7, 115.1)
(7.0, 193.7, 115.1)
(4.3, 199.0, 115.4)
(1.2, 204.6, 115.5)
(357.6, 209.7, 115.3)
(353.8, 214.3, 114.7)
    
(21.1, 177.2, 115.3)
(17.0, 180.5, 116.4)
(12.3, 184.0, 117.1)
(7.8, 188.9, 117.5)
(3.0, 195.3, 118.3)
(3.0, 195.3, 118.3)
(359.3, 201.8, 118.8)
(356.0, 209.1, 119.3)
(354.1, 216.1, 119.0)
(352.3, 222.2, 118.5)
    
(16.4, 176.0, 114.1)
(13.2, 181.9, 116.0)
(9.8, 187.5, 117.5)
(9.8, 187.5, 117.5)
(6.4, 193.1, 118.7)
(3.2, 199.2, 119.7)
(0.3, 205.4, 120.4)
(357.3, 212.0, 121.5)
(357.3, 212.0, 121.5)
(355.2, 219.5, 122.6)
    
(10.4, 175.5, 113.4)
(10.4, 175.5, 113.4)
(7.4, 179.9, 115.1)
(3.7, 184.5, 116.4)
(359.7, 189.7, 117.4)
(355.9, 195.5, 118.5)
(355.9, 195.5, 118.5)
(353.4, 202.1, 119.1)
(351.4, 209.0, 119.7)
(349.4, 215.3, 119.4)
    
(7.8, 174.2, 107.4)
(4.3, 177.5, 110.5)
(1.5, 181.6, 113.0)
(358.7, 186.2, 115.4)
(356.1, 191.1, 117.5)
(353.7, 196.0, 119.5)
(353.7, 196.0, 119.5)
(350.9, 200.8, 121.9)
(348.6, 205.9, 122.9)
(346.5, 210.7, 122.8)
    
(24.8, 183.9, 119.5)
(21.8, 188.3, 120.9)
(21.8, 188.3, 120.9)
(18.8, 191.7, 121.6)
(15.4, 193.5, 121.6)
(11.9, 194.4, 121.0)
(9.3, 195.4, 119.8)
(9.3, 195.4, 119.8)
(7.9, 197.0, 118.4)
(6.1, 198.6, 117.0)
    
(16.0, 175.5, 112.4)
(16.0, 175.5, 112.4)
(12.6, 179.7, 114.4)
(9.0, 183.1, 116.0)
(5.2, 186.1, 117.7)
(2.0, 190.7, 119.4)
(2.0, 190.7, 119.4)
(357.4, 197.4, 122.5)
(354.3, 204.1, 122.7)
(351.0, 212.5, 123.5)
    
(16.1, 181.1, 112.4)
(12.7, 186.3, 114.8)
(9.2, 191.0, 116.5)
(9.2, 191.0, 116.5)
(5.6, 195.1, 117.2)
(1.6, 199.0, 117.2)
(357.1, 202.5, 116.9)
(352.5, 205.8, 116.5)
(352.5, 205.8, 116.5)
(348.8, 209.6, 116.4)
    
(15.1, 170.8, 109.9)
(11.5, 176.0, 112.8)
(11.5, 176.0, 112.8)
(7.7, 181.4, 115.6)
(3.6, 186.8, 118.2)
(0.2, 192.3, 120.1)
(357.7, 197.9, 122.2)
(357.7, 197.9, 122.2)
(355.9, 203.8, 123.5)
(354.2, 210.3, 124.0)
    
(9.6, 173.8, 111.7)
(6.2, 181.0, 115.7)
(6.2, 181.0, 115.7)
(2.9, 188.0, 119.8)
(0.3, 193.6, 122.3)
(357.8, 199.4, 124.6)
(355.6, 206.7, 126.1)
(355.6, 206.7, 126.1)
(353.2, 213.4, 126.5)
(350.8, 219.1, 126.0)
    
/n
