    
    
    
    
    
    
    
    
0.1938358
0.1932171
0.1993005
0
0.2085657
0.2152033
0.2136706
0.2056918
0
    
0
0.1680873
0.1771658
0.1760554
0.1715275
0
0.1737092
0.1654979
0.1728672
    
0.1909231
0.1984542
0.1975755
0
0.2212756
0.2136906
0.2322358
0.2071609
0
    
0.2244896
0.2244988
0.2053161
0.1817172
0
0.1717589
0.1636254
0.1613028
0.1407948
    
0.146857
0.1504559
0
0.1526415
0.1422235
0.1477728
0.1386145
0
0.1374299
    
0
0.1528843
0.1607888
0.1569511
0.1599985
0
0.1578484
0.1747532
0.1648564
    
0.1747199
0.1700485
0.1667712
0.1747509
0
0.1673243
0.1580923
0.1641278
0.1471077
    
0.1402722
0.1553612
0
0.1647351
0.1832943
0.1753714
0.1857242
0
1.364535
    
0
0.181951
0.1734642
0.1709717
0.1812975
0
0.1740219
0.1645284
0.1592407
    
0.1687958
0
0.1926255
0.2108815
0.221647
0.2250337
0
0.2123537
0.1936061
    
0.19462
0
0.1910745
0.1956553
0.2034034
0.2185332
0
0.1997128
0.2074668
    
0.1532736
0.1554698
0.1568162
0
0.1561774
0.1635183
0.1572626
0.1530782
0
    
0.1617206
0
0.1734465
0.1825842
0.189169
0.1743718
0
0.1574933
0.152307
    
0.181871
0
0.180284
0.1837056
0.1877714
0.1948022
0.1996808
0
0.2048055
    
0.1779895
0
0.1789252
0.1915715
0.1951087
0
0.191663
0.1841655
0.1904767
    
0.167524
0.1742336
0
0.1821469
0.189678
0.2062681
0.1961266
0
0.1983052
    
0.1449251
0
0.1529162
0.149085
0.1521667
0.147297
0
0.1415048
0.1424976
    
0.1315418
0.1275958
0.1309317
0
0.1328574
0.1391366
0.141956
0.135804
0
    
0.2635144
0.2653334
0
0.2309302
0.2065699
0.1990529
0.1786239
0
0.160146
    
0.1642978
0.16833
0.1727251
0.1725039
0
0.1788411
0.1622315
0.1662717
0.1399118
    
0.233976
0
0.2555052
0.2680697
0.2305452
0.1842835
0
0.1785336
0.1626743
    
0.1679878
0.1734963
0.1728404
0
0.1694813
0.1703327
0.1642682
0.1746543
0
    
0.1776344
0
0.1895809
0.1998492
0.2212649
0.1971392
0.1979117
0
0.2063989
    
0.1969559
0.2118318
0.2215373
0
0.2147353
0.2196348
0.2105412
0.1944059
0
    
0.1473028
0.1493925
0.1530211
0.1600754
0
0.1714091
0.1628646
0.1687035
0.1619332
    
0.1771249
0.1813817
0
0.1903237
0.1824608
0.1585971
0.1527939
0
0.1218171
    
0.162326
0
0.1792266
0.1806751
0.1717923
0.1523273
0
0.1401551
0.1322519
    
0.1167203
0
0.1180491
0.122817
0.1328485
0.133
0
0.1418615
0.1357015
    
0.1686368
0.1935785
0
0.2095877
0.2138529
0.2141951
0.2110747
0
0.1964976
    
0.100743
0.1047007
0
0.103921
0.1062086
0.1115436
0
0.1237782
0.131879
    
0
0.2072737
0.189598
0.1671261
0.1382882
0
0.1152621
0.1082568
0.1057174
    
0.1450172
0.1578748
0
0.1705498
0.1792718
0.18941
0.1989425
0
0.1951813
    
0.1739142
0.1689906
0.1669737
0
0.1653974
0.1669858
0.1660212
0.1615367
0
    
0
0.1598106
0.1589765
0.1589455
0.1598649
0
0.1721736
0.1613369
0.1592527
    
0.147741
0.1491591
0.1646473
0.1592088
0
0.1485794
0.1293348
0.1196017
0.1144185
    
0.2264822
0.224371
0
0.2246833
0.2171538
0.2014993
0.164143
0
0.1565798
    
0.1716952
0.1749217
0.1936668
0.1913197
0
0.1976255
0.1914164
0.1519606
0.1556713
    
0.1602627
0.1634369
0.1704344
0.1876652
0
0.1819329
0.1781542
0.1579669
0.1525573
    
0.164099
0
0.1890844
0.1709328
0.172618
0.1677259
0
0.1612852
0.1522621
    
0
0.1430239
0.1468957
0.1465041
0.145264
0
0.141693
0.1495067
0.1435535
    
0.1450844
0.1573206
0.1638088
0
0.1622095
0.1579825
0.1545697
0.1562111
0
    
0.1523795
0.1661565
0.1748401
0
0.1767017
0.1986348
0.1940269
0.1997349
0
    
0.1665436
0.1634059
0
0.1591169
0.1492939
0.1496482
0.1573447
0.1422764
0
    
0.134552
0
0.1403839
0.1385597
0.1390854
0.1371247
0
0.1392443
0.1376735
    
0.1442007
0.1559506
0
0.1818747
0.213301
0.2082459
0.2103607
0
0.2005775
    
0.1488505
0
0.1342257
0.1375766
0.1343189
0.1393791
0
0.1363218
0.1424578
    
0.1324224
0.1328328
0.1376949
0
0.1384596
0.1365484
0.135962
0.1446342
0
    
0
0.1692057
0.1764741
0.1968855
0.2091005
0.2141888
0
0.1951512
0.1975221
    
0.1355638
0.144225
0.1579672
0
0.1679865
0.1690224
0.1664501
0.1566033
0
    
0.1826123
0.185093
0.1912754
0
0.1629462
0.1650851
0.1663396
0.1486102
0
    
0.1753844
0
0.1761086
0.1805869
0.1745739
0.1699798
0
0.1508614
0.1566085
    
0.1688385
0
0.1621035
0.166637
0.1740244
0.1680918
0
0.1747729
0.157725
    
0.1296539
0.1360148
0.1440621
0
0.1560849
0.1605356
0.1665767
0.1688426
0
    
0.1525817
0.1584242
0
0.1572525
0.1565813
0.155439
0.1514052
0
0.1503873
    
0.09958336
0.1214141
0.1256584
0.1331963
0
0.1328594
0.1355535
0.1356696
0.1291928
    
0
0.1596609
0.1622336
0.1663013
0.1684502
0
0.1671011
0.165087
0.1577439
    
0.1360329
0.1364084
0
0.1392314
0.1411835
0.1431882
0.149628
0
0.1406308
    
0.135878
0.1435834
0
0.1518909
0.1564283
0.1634453
0.1653014
0
0.1504459
    
0
0.1512127
0.1530564
0.1556752
0.1573999
0
0.1664094
0.1597753
0.1723552
    
0.1503345
0
0.148927
0.151515
0.1599472
0.1658748
0
0.1693059
0.1711539
    
0.1702922
0.1770161
0
0.1838325
0.1971164
0.1851868
0.1945583
0
0.1705835
    
0.1705963
0.1643682
0
0.1628112
0.156801
0.1563842
0.1539974
0
0.1332984
    
0.1250187
0.1205998
0.1224084
0
0.1338728
0.1494324
0.155114
0.1635088
0
    
0.1658214
0
0.1603433
0.1606994
0.156071
0.1431804
0
0.1385815
0.1383738
    
0.145073
0
0.1450889
0.144672
0.1422967
0.1463317
0
0.1498754
0.1544613
    
0.1576072
0.151512
0
0.1477506
0.1432194
0.1382051
0.1402864
0
0.1356555
    
0
0.1551783
0.1666731
0.1934242
0.1791509
0
0.177754
0.164497
0.1479141
    
0
0.1775935
0.1840633
0.1798466
0.1715284
0
0.1591204
0.1494254
0.1394902
    
0.1613819
0.171164
0
0.187084
0.1723312
0.1679256
0.1553112
0
0.1443572
    
0.1406919
0.1699629
0.1793088
0
0.1952298
0.1766576
0.1582047
0.1369433
0
    
0.1095921
0
0.114685
0.1215342
0.1257861
0.1293434
0
0.1374949
0.1305977
    
0.1525594
0.1598901
0.1618465
0
0.1608361
0.159621
0.1532872
0.1438275
0
    
0.172589
0.1788121
0
0.189984
0.1797437
0.1876214
0.1556121
0.1993494
0
    
0.1672435
0
0.1695357
0.1701366
0.1795713
0.1739061
0
0.1706821
0.1404317
    
0.1648416
0.1710282
0.167884
0
0.1666015
0.1613368
0.1552519
0.1619131
0
    
0.1780136
0.1820549
0
0.179137
0.1700191
0.1708491
0.1888492
0
0.184812
    
0
0.1589573
0.1703137
0.1709958
0.1693443
0
0.1597077
0.1814188
0.1776568
    
0.1629737
0.1710299
0.1776822
0
0.1702778
0.1732101
0.1662487
0.1543713
0
    
0.1740392
0.1702494
0.1751136
0
0.1707879
0.1664913
0.1664142
0.1734849
0
    
0.183794
0.1986839
0
0.1927196
0.1985175
0.1857484
0.1673834
0
0.1464331
    
0.1862254
0
0.205073
0.1723137
0.1601557
0.1687685
0
0.139692
0.1438697
    
0
0.1423403
0.1420265
0.1466906
0.1607332
0
0.1585292
0.162966
0.163681
    
0.1743595
0
0.165821
0.1546835
0.1574281
0.1501918
0
0.1495163
0.1350778
    
0.1716906
0.1683269
0.1599373
0.1387143
0
0.1447092
0.1277794
0.1286831
0.1211055
    
0.1564968
0.1538061
0
0.1401975
0.1388269
0.1370807
0.1322803
0.1284273
0
    
0.1681421
0.1815624
0.1906162
0.2052972
0
0.1932178
0.1978785
0.1827946
0
    
0
0.1894424
0.1834354
0.1718683
0.1690888
0
0.1756428
0.1783807
0.1549587
    
0.1816119
0.1983709
0
0.2121631
0.2035728
0.2095113
0.1982053
0
0.1775744
    
0
0.1375809
0.1449845
0.1428421
0.1454883
0
0.1433397
0.1395815
0.1392365
    
0
0.1775123
0.1853691
0.1973909
0.2015454
0.1971588
0
0.1938226
0.1936341
    
0.1738118
0.1734554
0.1714065
0.1760346
0
0.1835143
0.1829076
0.1870466
0.1705968
    
0.1769175
0.1843061
0.190649
0
0.1834425
0.1983099
0.1703394
0.1745957
0
    
0.1299987
0.1407252
0.1484858
0.15434
0
0.1639089
0.1651364
0.1755816
0.1677849
    
0.1161749
0.1329841
0.1481888
0.1519638
0
0.1530156
0.1555209
0.1517612
0.143443
    
0.1473348
0.155686
0
0.1609963
0.1518098
0.1514342
0.1578773
0
0.1534075
    
0
0.24845
0.2600944
0.2620421
0.2511176
0
0.2410663
0.2293454
0.2061392
    
0.1536746
0.1757212
0.1834108
0.1924747
0
0.1823548
0.1780087
0.1835369
0.1790775
    
0.1426816
0.1439664
0.1707586
0
0.1701058
0.1757107
0.1923371
0.1943829
0.1718225
    
0.1746395
0.1828857
0
0.1726661
0.1760445
0.1694016
0.1640124
0
0.1599157
    
/n
0
0.2020326
0.1851144
0.1818106
0.1572569
0
0.1444977
0.1330509
0.1237329
    
0.1393507
0.1434583
0.1436624
0
0.1345187
0.136418
0.115989
0.1189271
0
    
0.1541556
0.1643492
0.1627634
0.160131
0
0.1585974
0.1637038
0.1611497
0.1540421
    
0.1644647
0.169472
0.1827955
0.1715066
0
0.1849881
0.1764452
0.1714995
0.1683357
    
0.1377122
0.1478418
0
0.1541132
0.1495332
0.1464639
0
0.1513272
0.147192
    
0
0.1733561
0.1844007
0.2063996
0.1784923
0
0.1848099
0.1870897
0.1575013
    
0.15674
0.1630028
0.1666193
0.1668691
0
0.1756678
0.1805242
0.1728094
0.1781463
    
0.1138819
0.125255
0.1386816
0.1534437
0
0.1529417
0.1568315
0.1439834
0.1416064
    
0
0.1527199
0.1615465
0.1599322
0.1683652
0
0.1623286
0.1631405
0.1488153
    
0.1542068
0.1578677
0.171952
0
0.1629802
0.1720247
0.1679955
0.161574
0
    
0.1487551
0.1539939
0
0.1585715
0.1568068
0.1518448
0.1483388
0
0.1428337
    
0.1667911
0.1723067
0.1589425
0
0.1458016
0.1403551
0.1649847
0.1563655
0
    
0.1633385
0.1645755
0.1671871
0
0.1620484
0.155555
0.1593491
0.1602304
0
    
0.1590052
0
0.1681563
0.1752385
0.1586468
0.1560016
0
0.1452929
0.1435543
    
0.1642335
0
0.1664924
0.1576876
0.1494246
0.1466007
0
0.1475515
0.1389608
    
0.1485306
0.1547099
0.1770122
0
0.1613304
0.1638106
1.868579
0.02939373
0
    
0.1853105
0.1592347
0.1506444
0
0.1349998
0.1320931
0.1215638
0.1556893
0
    
0.08841652
0.09429192
0
0.1072119
0.1136769
0.1100701
0.1109919
0
0.1093539
    
0.1493057
0.1440692
0.1559856
0
0.1472833
0.1498801
0.1368085
0.1361352
0
    
0.137311
0.1410305
0.1331969
0
0.138113
0.1429271
0.1325582
0.1326679
0
    
0.1537269
0.1493385
0.1502348
0.1417355
0
0.1540038
0.1408927
0.1378014
0.1409549
    
0.1164344
0.1366181
0
0.1455998
0.1562777
0.1470429
0.1408719
0
0.1363165
    
0
0.1510414
0.1641081
0.164054
0.1743216
0
0.1558021
0.1610155
0.14062
    
0.1169624
0.1274422
0.133123
0
0.1359744
0.1341803
0.1218112
0.1235665
0
    
0.1405289
0
0.1372551
0.1371436
0.1361125
0.1372233
0
0.13393
0.1292495
    
0.1390129
0
0.1267397
0.1328173
0.1385632
0.1795814
0
0.16992
0.1676426
    
0.1430717
0.1437207
0.1471443
0
0.1500248
0.1502469
0.152133
0.154803
0
    
0.1466179
0.1554482
0
0.1602739
0.1608679
0.1596142
0.1534443
0
0.1538777
    
0.175743
0.1754215
0.1847472
0
0.1793649
0.172902
0.1840157
0.1644452
0
    
0.1293322
0.1461542
0.1606243
0.1677628
0
0.1772118
0.1827617
0.1808962
0.1737413
    
0.1339805
0.1403801
0
0.1474813
0.1538276
0.1658406
0.1680636
0
0.1660981
    
0.1190861
0.1289783
0
0.1347532
0.1461389
0.1489121
0.155717
0
0.1575972
    
0.1661123
0.1775965
0
0.1768338
0.1838193
0.1838652
0.173969
0
0.1637102
    
0.1560772
0.1569902
0.163041
0.1507859
0
0.1479665
0.1452734
0.1462122
0.1388228
    
0.1308002
0
0.1355539
0.1418167
0.1427004
0.1402176
0
0.1406738
0.1369113
    
0.1614126
0.1517083
0.1523614
0.1377464
0
0.1425625
0.1349194
0.1334016
0.136074
    
0.1514726
0.1634719
0.171722
0.1791268
0
0.1882659
0.1726298
0.1695208
0.1613895
    
0.1594692
0.1683976
0
0.1712726
0.1705141
0.175573
0.1719312
0
0.1876408
    
0.1695041
0.1738097
0
0.1734865
0.1751064
0.1683553
0.1852381
0
0.2188339
    
0
0.1438682
0.1517233
0.1626622
0.1672613
0
0.1823211
0.1785006
0.165434
    
0.162778
0.1730001
0.1830135
0
0.1828534
0.189726
0.1848617
0.1921714
0
    
0.1312635
0.130981
0
0.1336133
0.1407032
0.1477459
0.1536197
0
0.1539675
    
0.152869
0
0.1660616
0.1811829
0.1739212
0.1815761
0
0.1659969
0.1605562
    
0.1571928
0.1606382
0.1611627
0
0.1611185
0.1594408
0.161203
0.1636405
0
    
0.1360963
0
0.1366109
0.1382286
0.127253
0.1207327
0
0.1206726
0.1278626
    
0
0.1322627
0.1427361
0.1539167
0.1572766
0
0.1569441
0.1547458
0.1442177
    
0.1917213
0.1893109
0.1721562
0
0.1566109
0.1436788
0.1373437
0.1357192
0
    
0.1349971
0.138035
0
0.1422458
0.1464858
0.1470192
0.1475147
0
0.1436906
    
0.1326352
0.1397382
0.1441611
0.1488249
0
0.1510045
0.1545382
0.1578949
0.1508471
    
0.1172146
0.1279425
0.1354957
0.1360954
0
0.1372471
0.1407521
0.1422588
0.1486891
    
0.13101
0.1384037
0.1444718
0
0.1486498
0.1489787
0.1453418
0.1441888
0
    
0
0.1672309
0.1782032
0.1822713
0.1814238
0
0.176879
0.171615
0.168445
    
0.101981
0.1109006
0
0.1075081
0.1071938
0.1090308
0.1143287
0
0.1260675
    
0.1230764
0.1419857
0.1517695
0.1531479
0
0.152412
0.1494967
0.1508504
0
    
0.1272398
0.1292731
0.1320665
0
0.139571
0.1453564
0.1471461
0.1419005
0
    
0.14342
0
0.163908
0.1626197
0.1617985
0.169883
0
0.1601706
0.1615367
    
0.1397114
0
0.1428099
0.1446247
0.1437537
0.1405191
0
0.1366975
0.1305256
    
0.1078097
0.1136391
0
0.118766
0.1207633
0.1240054
0.1279616
0
0.1270419
    
0.1221107
0.1334034
0.1363805
0
0.1454365
0.1465505
0.1504842
0.145077
0
    
0.1306113
0.1461208
0.1563184
0.1576459
0
0.1545055
0.1488116
0.1483454
0.1348327
    
0
0.1355268
0.1432013
0.1564646
0.1623929
0
0.1662839
0.1359951
0.1236226
    
0.1286507
0.1264998
0
0.1304962
0.1322762
0.1342783
0.1293379
0
0.1228345
    
0.1461022
0
0.1482074
0.1403021
0.1403906
0.1378549
0
0.1426919
0.1311717
    
0
0.1424171
0.153448
0.1716847
0.1615348
0
0.1483177
0.1333668
0.1210901
    
0.129731
0.1453926
0
0.1626406
0.1695732
0.1740789
0.1772843
0
0.1764555
    
0.1134051
0
0.1292827
0.1332533
0.1386377
0.1385279
0
0.1373657
0.1409497
    
0.141982
0
0.1540107
0.1547408
0.163353
0.1633773
0
0.1584275
0.156756
    
0.1135538
0.1191974
0.1262111
0
0.1317081
0.1338408
0.1388791
0.1245537
0
    
0.1430556
0.15479
0
0.1636204
0.1753417
0.1687688
0.1699891
0
0.1650619
    
0
0.1508643
0.1587377
0.1634775
0.164596
0
0.1609887
0.1660037
0.1587704
    
0.1479178
0.1565355
0.1644011
0.1669387
0
0.1606584
0.1616686
0.154442
0.1490142
    
0.160439
0
0.1685804
0.1767748
0.1732246
0.173562
0
0.1564209
0.1579169
    
0.1797105
0
0.1815178
0.1879562
0.1692062
0.166459
0
0.1599301
0.1601983
    
0.1544789
0.1582366
0.1677061
0.1723757
0
0.1777772
0.1726428
0.1621794
0.1519024
    
0
0.1515256
0.1592702
0.1614575
0.1650769
0
0.1587318
0.1568144
0.1537586
    
0.1507849
0.1547826
0.1595555
0.1678268
0
0.167356
0.1632247
0.1642393
0.1518967
    
0.1578925
0.1605657
0.1648972
0
0.1764241
0.1710047
0.1684525
0.1697247
0
    
0.1766112
0
0.1862209
0.1737761
0.17425
0.1744035
0
0.1624071
0.1489541
    
0.1298595
0.1501152
0.1542392
0
0.1635292
0.1579676
0.1520846
0.1568
0
    
0.1528672
0.1591656
0.1651313
0
0.1706976
0.1712642
0.1672759
0.1650835
0
    
0.1441781
0.1447784
0
0.1514593
0.1543762
0.1569541
0.1569685
0
0.153972
    
0.1339404
0
0.1361837
0.1003011
0.09944341
0.1122467
0
0.1513521
0.1534287
    
0.141969
0.1523501
0
0.1594474
0.1630878
0.1650299
0.1661233
0
0.1744995
    
0.1775537
0
0.1760156
0.1757738
0.1794367
0.1670165
0
0.161669
0.1653638
    
0.1560483
0.1611418
0
0.1653845
0.1639356
0.1556888
0.150874
0
0.1518895
    
0.1136396
0.1294985
0
0.139714
0.137871
0.1323645
0.136564
0
0.1408548
    
0
0.1363825
0.1330596
0.1324619
0.1271363
0
0.1261621
0.1242428
0.1258447
    
0.1912752
0.1953379
0.1924251
0.1884194
0
0.1869279
0.1809754
0.1864258
0.1521934
    
0.13972
0.1423997
0.1450094
0
0.15357
0.1705408
0.1610779
0.1545826
0
    
0.1067777
0.1207982
0
0.1286785
0.1401912
0.1430892
0.1467115
0
0.1438043
    
0.1334552
0.1378355
0.1488067
0.1498925
0
0.148304
0.158099
0.1510867
0.143687
    
0.156261
0.1670974
0.1787426
0.1980359
0
0.1819761
0.1868704
0.1735578
0.170776
    
0.1665876
0.1653438
0
0.1691168
0.1745749
0.1667657
0.1690891
0
0.168756
    
0
0.1575261
0.1660486
0.1678834
0.1737016
0
0.166062
0.1628724
0.1600681
    
0.1553195
0.1566553
0.1630724
0.1828995
0.1858191
0
0.191173
0.1553095
0.1515634
    
0.1386582
0
0.1357068
0.1290508
0.1247794
0.1202629
0
0.1079619
0.1068205
    
0
0.1648278
0.1629633
0.167937
0.1726339
0
0.2086649
0.1728196
0.1935423
    
0.1646774
0.1667757
0
0.1650516
0.1670446
0.1670247
0.1638639
0
0.160015
    
0.1674058
0
0.1715549
0.1758472
0.1726006
0.1694716
0
0.1638961
0.1652669
    
0.1870803
0
0.1941703
0.1701806
0.1735058
0.1783813
0
0.1684398
0.1583935
    
/n
