    
    
    
    
    
    
    
0
0.3711324
0.3384733
0.2612723
0
0.2907208
0.2293809
0.2223054
0.2215977
    
0.3783462
0.4310397
0.3242
0
0.2460069
0.2297223
0.1698163
0.1668989
0
    
0.2440736
0.1973265
0.1814315
0
0.1610747
0.1547387
0.1593515
0.1559037
0
    
0.3769234
0.3676402
0
0.321243
0.2653702
0.2375941
0.2147671
0
0.2195416
    
0.1203971
0.1139683
0
0.1107878
0.09259601
0.0895648
0.0939661
0
0.09526315
    
0.1989962
0
0.1867936
0.1545823
0.130297
0.1024589
0
0.1023086
0.1072434
    
0.2411067
0.2199699
0.2053033
0.1811208
0
0.1755774
0.1806055
0.1838604
0.186968
    
0.2643812
0.2532807
0.2485558
0
0.238121
0.2387034
0.2397752
0
0.2374161
    
0.2005672
0.1915156
0
0.1856679
0.1450858
0.142829
0.1442242
0
0.134601
    
0.1858549
0.19411
0.1864734
0
0.1682276
0.1731714
0.1552543
0.1507629
0
    
0.2829911
0.2809387
0
0.2439547
0.2028711
0.1963886
0
0.1696035
0.1570582
    
0.1856541
0.1856956
0.1820605
0.19357
0
0.1661063
0.1703543
0.1658833
0.1644909
    
0.1779792
0.1607133
0
0.1636631
0.1825242
0.1798529
0.1513441
0
0.1324567
    
0.1990939
0
0.1916966
0.1906229
0.1774931
0.1623578
0
0.1437919
0.1402856
    
0
0.1455661
0.1475919
0.1485271
0.1463646
0
0.1409851
0.1198661
0.1227313
    
0.2072897
0.2022179
0.1955055
0
0.217293
0.1844538
0.1742897
0.1498911
0
    
0.1895434
0.1729994
0
0.1590507
0.1521324
0.1482351
0.1513276
0
0.144365
    
0.1808528
0.1679375
0.1782244
0.1515303
0.1458968
0
0.1453392
0.1496628
0.1441459
    
0.2489258
0.2708253
0
0.282541
0.2589036
0.1781738
0.1608996
0
0.1349539
    
0.2994157
0.2858967
0.2322462
0.2307339
0
0.2029849
0.2178165
0.1798205
0.1652127
    
0.1976001
0.2101608
0.1896375
0.1684545
0
0.1586767
0.1521067
0.1491877
0.1570728
    
0.2494271
0.2347923
0.2284635
0
0.2320888
0.2510049
0.2137089
0.1714874
0
    
0.2399806
0.2529529
0.2174426
0.2277383
0
0.1865141
0.1956553
0.1687049
0.1622744
    
0.3596915
0.335715
0.323406
0
0.3410127
0.3480197
0.2347132
0.2171026
0
    
0.5601563
0.6053632
0
0.6182392
0.5902432
0.6060522
0
0.5579674
0.4593734
    
0.5882714
0.5372704
0.4926645
0
0.3895876
0.3099601
0.3268757
0.3291468
0
    
0
0.5687389
0.5872708
0.5313069
0.3783871
0
0.3493715
0.2487754
0.2722514
    
0.4672984
0
0.3929274
0.3563162
0.3312133
0.3133073
0
0.3127888
0.2698588
    
0.5627
0.4436156
1.306387
0.07576758
0
0.03876434
0.03362755
0.02155541
0.01960109
    
0.4276296
0
0.4608612
0.3418877
0.2939333
0.2372029
0
0.2063452
0.1792989
    
0.4095816
0
0.3223109
0.242812
0.1863993
0.159079
0
0.1386241
0.1319958
    
0.3603454
0.3459912
0.3105525
0.2592266
0
0.1696735
0.1377111
0.1433416
0.1116902
    
0.116985
0.1348597
0
0.2119877
0.1045875
0.09927916
0.09771641
0
0.09046921
    
0.3392622
0
0.2835332
0.239887
0.2380659
0.1586474
0
0.1425231
0.1171191
    
0.1550856
0
0.1366973
0.1146567
0.1037303
0.09756197
0
0.1089518
0.1062328
    
0.1880821
0.1708347
0.1374406
0.1371614
0
0.1140838
0.112487
0.1106985
0.110781
    
0.1850034
0.1299686
0
0.1003649
0.09133967
0.0829633
0.06906269
0
0.06891237
    
0.1142868
0.1187053
0.1219126
0
0.1239335
0.1041441
0.08288646
0.07557677
0
    
0.1954633
0
0.2062355
0.2019252
0.161081
0
0.12628
0.1309169
0.1221078
    
0
0.3904259
0
0
0.2489904
0
0
0.2372102
0
    
0.2646652
0
0
0.2712736
0
0.280154
0
0
0.2226351
    
0
0
0.2334729
0
0.1840497
0
0
0.1917626
0
    
0
0.2221245
0
0.178651
0
0.1406038
0
0
0.1162224
    
0.2353225
0
0.1677254
0
0
0.1577499
0
0.131595
0
    
0.1313033
0.1222831
0.1081596
0.0928896
0
0.0725711
0.05540835
0.04320034
0.04198696
    
0.1149732
0.1148427
0.1168748
0.1132133
0
0.107539
0.08772425
0.08301059
0.08152711
    
0.2532042
0.2066402
0.1640292
0.1520012
0
0.1660908
0.1236983
0.09978876
0.09531645
    
0.1224497
0
0.1267331
0.1035336
0.0899178
0.0836475
0
0.0760288
0.08282844
    
0.1411843
0.1286196
0.1213782
0
0.1116349
0.1019306
0.1121487
0.09637997
0.08182078
    
0
0.169341
0.1195442
0.1213104
0.09782566
0
0.08272114
0.07860605
0.08075609
    
0
0.0780541
0.09232287
0.08514207
0.08560636
0
0.06379715
0.05733462
0.05266852
    
0.1428017
0.1174672
0.1034088
0
0.09300252
0.07917754
0.06971072
0
0.07026803
    
0.1436695
0.1478187
0.1388781
0.1191438
0
0.102161
0.09794306
0.1039928
0.09355197
    
0.1795195
0.17419
0.1268263
0.09886769
0
0.09094832
0.09452664
0.09606746
0.08307474
    
0.2008589
0.1379808
0
0.1039774
0.107474
0.1229272
0
0.1051409
0.09583751
    
0.138901
0
0.1284711
0.1108358
0.1070438
0
0.1032046
0.1149079
0.1036881
    
0.193469
0.1621494
0
0.1417071
0.119716
0.1098034
0.1009047
0
0.09926768
    
0.1561356
0.1425452
0
0.1451413
0.1342621
0.1304514
0.107448
0
0.09212896
    
0.2629952
0.268249
0.2041108
0
0.1886893
0.1672854
0.1485267
0.1384824
0
    
0
0.1268495
0.1134717
0.1066672
0.09900226
0
0.08416256
0.08434413
0.06548189
    
0.2010695
0
0.1662244
0.1220418
0.08298077
0.06943254
0
0.06149908
0.06372386
    
0.1076653
0
0.1013935
0.06534153
0.05719504
0
0.05347914
0.05221498
0.04450194
    
0.1364494
0.153455
0.126521
0.1066806
0
0.08736376
0.07911949
0.07559041
0.07147534
    
0.1045262
0.1064931
0.08090132
0.06811645
0
0.05893586
0.04933348
0.05188852
0.05094701
    
0.2306239
0.2161034
0.1766217
0
0.1193394
0.09410895
0.07924572
0.08606729
0
    
0.2447836
0
0.1809079
0.1568425
0.06203461
0.05287309
0
0.04746537
0.02613962
    
0.1468604
0.1330549
0.1295941
0.1122378
0
0.08455745
0.06859084
0.05653809
0.0587531
    
0
0.110262
0.1137459
0.1047371
0.08262029
0
0.06701792
0.05793455
0.05326757
    
0.1518418
0.1121727
0
0.09528675
0.07328965
0.05486575
0.0507383
0.04593215
0
    
0.1628986
0.1553466
0
0.1526791
0.1031459
0.08280241
0.01449593
0
0.02945349
    
0.1449761
0.119944
0.1057822
0
0.05928407
0.04698661
0.03436299
0.03396919
0
    
0.1084595
0.1146851
0
0.1179365
0.1023019
0.07755714
0
0.05677228
0.0474561
    
0.1526833
0
0.1571297
0.1029497
0.1002844
0.07050937
0
0.04063246
0.03829896
    
0.1202727
0.1201334
0.09539052
0.09104645
0
0.0780711
0.08126397
0.08169971
0.05929821
    
0.1089874
0.09950705
0.1064988
0
0.08354819
0.06004174
0.08291764
0.06142841
0
    
0.09584825
0
0.09256968
0.0784523
0.06816918
0.05499975
0
0.04744336
0.04447006
    
0.1871912
0.1334459
0.1098112
0
0.09928177
0.09352729
0.09519553
0.09408414
0
    
0.1464729
0.1065642
0
0.106414
0.1057856
0.1154476
0.09940682
0
0.07838216
    
0
0.1593711
0.1283223
0.1003757
0
0.09452464
0.08956939
0.08154438
0.07308895
    
0.1516245
0.157599
0.123586
0
0.1004198
0.08065926
0.07433695
0.07776774
0
    
0.1503852
0.1168712
0.0793476
0
0.07653402
0.06469761
0.06015894
0.05332414
0
    
0.126626
0.1327154
0.09925297
0
0.07538698
0.07676528
0.07170548
0.0716916
0
    
0.107586
0.09242982
0.08750068
0
0.09086741
0.0863679
0.08068844
0.07081704
0
    
0.1347039
0
0.1183438
0.09461158
0.09288688
0.1022365
0
0.1091346
0.09731055
    
0.1311615
0
0.1295217
0.1021864
0.08421373
0.07558307
0
0.07467109
0.07533347
    
0.1494485
0.1447938
0.1403438
0
0.1257144
0.1249143
0.1010398
0
0.09459178
    
0.1683078
0
0.160782
0.1497723
0.1442513
0.1371019
0
0.134698
0.1044619
    
0.1622993
0
0.129339
0.1226975
0.1165615
0.1099389
0
0.08059938
0.06647433
    
0.1104355
0.1056022
0
0.1166093
0.1114376
0.1171905
0.08596561
0
0.07688093
    
0.1607025
0
0.1628252
0.1142644
0.1010807
0.07463405
0
0.07737648
0.05015009
    
0
0.1352145
0.09084653
0.07476154
0.0814248
0
0.07433993
0.0811284
0.06981134
    
0
0.1557338
0.1464535
0.1122605
0.06724009
0
0.0579562
0.05385856
0.04575784
    
0.09996391
0
0.101808
0.1090441
0.1093473
0.120956
0
0.09684926
0.09856019
    
0.1220815
0
0.1169745
0.1173185
0.1236501
0.1154169
0
0.09043743
0.06846033
    
0.1813187
0.1477645
0.1085325
0
0.1034244
0.1143958
0.114628
0.09589901
0.08305438
    
0
0.1501752
0.1305313
0.1120006
0.1147818
0
0.11701
0.109216
0.09178742
    
0
0.2088304
0.1814154
0.1573004
0.09495806
0
0.08633754
0.08790254
0.08971439
    
0.1591884
0.1603694
0
0.1255853
0.1349596
0.1274747
0.1140029
0
0.1106496
    
/n
0.161182
0.1559797
0
0.147127
0.137554
0.1380989
0.1169085
0
0.1254828
    
0.1200201
0.1191179
0
0.1295277
0.1225464
0.1168588
0.1091115
0
0.1071537
    
0.155938
0.1572845
0.1567228
0.1488305
0
0.1477497
0.1306278
0.1238833
0.1194309
    
0.2362053
0.1823439
0.1371041
0.1060651
0
0.1110582
0.1182614
0.1236024
0
    
0.1987992
0.1699182
0
0.1413304
0.1385288
0.1164789
0.1068928
0
0.1037616
    
0
0.1511209
0.143705
0.1318248
0.133232
0
0.1298607
0.1230884
0.1205621
    
0.1765588
0.1740152
0.1445392
0
0.1194477
0.1029938
0.1050454
0.1120917
0
    
0.1363324
0.1315931
0.1169836
0.1022043
0
0.09304345
0.08806092
0.08534975
0.0858413
    
0.1410682
0.1248881
0.1160554
0.10286
0
0.09712279
0.1006115
0.107139
0.1025842
    
0.1258337
0.1181972
0.1212409
0
0.1039557
0.09245485
0.08485433
0.08556017
0
    
0
0.1721268
0.1498633
0.1148959
0.1049689
0
0.1016021
0.1050542
0.09719692
    
0
0.1434743
0.1241674
0.1193984
0.122332
0
0.1283719
0.123382
0.1205554
    
0.1550564
0.1328052
0
0.1276489
0.1191644
0.1181897
0.1199492
0
0.1203989
    
0.1412287
0.150052
0.1420578
0.1157422
0
0.09386849
0.09742651
0.09240361
0.08965728
    
0.1240035
0.1295803
0.1399915
0
0.1376884
0.117827
0.09735882
0.08972839
0
    
0.1953357
0.1789217
0.163178
0.1558241
0
0.1399616
0.1376139
0.1199104
0.09711407
    
0.1076186
0.09599419
0.08674841
0.08277337
0
0.08551517
0.0870777
0.07763294
0
    
0.1286546
0.1307105
0
0.1186874
0.1097404
0.1010324
0.09053075
0
0.09652402
    
0.2000349
0.1890003
0.1741455
0
0.1659588
0.145132
0.1435979
0.1251982
0
    
0.1548718
0.1331639
0.1162397
0.1185126
0
0.1275635
0.1447694
0.1184825
0
    
0.122644
0.1151501
0.105814
0
0.105144
0.1055801
0.1042383
0.09877732
0
    
0.1318325
0
0.1283575
0.1364049
0.1368088
0.1350613
0
0.1210143
0.1086947
    
0
0.16127
0.1329536
0.1035056
0.09944876
0
0.09945687
0.0999752
0.08941014
    
0.169604
0.1402805
0.1257162
0
0.11003
0.1004458
0.09728128
0.0943317
0
    
0.164625
0.140625
0.1208081
0
0.1038424
0.09806827
0.09422674
0.1046347
0
    
0.0986986
0
0.1016192
0.09874554
0.09101482
0.08970693
0
0.08379701
0.08040537
    
0.1477534
0.1307457
0
0.1117362
0.09877634
0.09745245
0.10792
0
0.1110208
    
0.1508677
0.1426155
0.1408659
0
0.1363574
0.130314
0.128203
0.1246171
0
    
0
0.1206615
0.1032179
0.1010175
0.1005239
0
0.1072813
0.1049436
0.09561545
    
0.1348956
0.1339538
0.1510619
0.1318612
0
0.1184136
0.1203172
0.11062
0
    
0.150038
0.1373717
0
0.1228746
0.1148278
0.1174554
0.1212437
0
0.1329478
    
0.1457291
0.1505257
0
0.1472985
0.1020349
0.08916408
0.09258882
0
0.08671761
    
0.1199134
0.1081061
0
0.1107304
0.09373292
0.08613423
0.07093883
0
0.06427896
    
0.1331539
0.1262867
0
0.119364
0.1214313
0.1338219
0.1441687
0
0.1085794
    
0
0.1335201
0.1389037
0.1596362
0.1524252
0
0.1237849
0.1052929
0.09454434
    
0.1539606
0.1382842
0.1140576
0
0.1110225
0.1059139
0.1163038
0.100672
0
    
0.1328654
0
0.1425686
0.1563165
0.1291026
0.1226104
0.09591994
0
0.08426455
    
0.1432138
0
0.1490514
0.1461355
0.1263386
0.1002199
0
0.08571275
0.08666904
    
0.173042
0.1459524
0.1466431
0
0.1312657
0.1280867
0.109611
0.08869784
0
    
0.1601268
0.1430646
0.1068189
0
0.09451243
0.0904759
0.09965265
0
0.1012289
    
0.1066349
0
0.1035055
0.1056189
0.1003759
0.07525386
0
0.07091966
0.06201479
    
0.1205597
0.1334189
0.1378305
0
0.1204994
0.09971216
0.09379388
0.08948998
0
    
0.11519
0.1162475
0
0.1186458
0.1247976
0.1171973
0
0.09807228
0.09988942
    
0.1417676
0
0.1296138
0.1083111
0.1090885
0
0.1074146
0.09515759
0.07659823
    
0.1247859
0.1262479
0.1345221
0.1067693
0
0.08402938
0.08213843
0.08514087
0.09295129
    
0.1194174
0.1189356
0
0.1286397
0.1525772
0.1495413
0.1179476
0
0.09487581
    
0.1466593
0.1334089
0.1298282
0.127791
0
0.1298399
0.1206732
0.1027631
0.0950764
    
0.1704009
0.1471817
0.138401
0
0.1270501
0.1261576
0.1143851
0.1001343
0
    
0.1227673
0.1444715
0
0.1641788
0.1536515
0.1267244
0.1102642
0
0.1029905
    
0.1448798
0
0.1722174
0.143666
0.1396336
0.1066275
0
0.08201464
0.0906694
    
0.1476374
0.1245123
0.1095106
0
0.1166373
0.1288278
0.1242279
0.1056263
0
    
0.1787584
0.1489083
0
0.1389413
0.1108024
0.1070277
0.1153735
0
0.1003779
    
0.1457403
0.141688
0.1352157
0.0924168
0
0.07860255
0.08360156
0.09020116
0.08769614
    
0.1701772
0.1892956
0.1661706
0
0.1540359
0.1188149
0.0956799
0.09168926
0
    
0.1911673
0.1744679
0.1802524
0.1522647
0
0.1137583
0.104888
0.10639
0.1102742
    
0.1403674
0.1619332
0
0.1457637
0.1339453
0.09637661
0.08335041
0
0.09446125
    
0.1683028
0
0.1482376
0.1295406
0.129693
0
0.1100711
0.1067503
0.0798269
    
0.2020117
0.2060829
0.142552
0
0.1155708
0.1023607
0.09991042
0.09200293
0
    
0
0.1171071
0.1113114
0.1182138
0.1025945
0
0.1136802
0.1035706
0.09486495
    
0
0.1206096
0.1367269
0.1362211
0.1210822
0
0.09872331
0.09451728
0.0964407
    
0.1048728
0.1156077
0.1326735
0.1269484
0
0.1068601
0.08686355
0.0770927
0.08431549
    
0
0.1763321
0.1563701
0.1308953
0.123867
0
0.1346306
0.1229153
0.1173524
    
0.1468658
0.1362595
0
0.1478285
0.1185393
0.1061398
0.09775592
0
0.1001388
    
0.1569448
0.1404089
0
0.1448594
0.150874
0.1328835
0.1188842
0
0.09465554
    
0.1246705
0.1398503
0.1169257
0
0.1197038
0.1220115
0.1036445
0.09739444
0.08406754
    
0.1433697
0.1404562
0.1559668
0
0.1489349
0.151521
0.1159791
0.1018141
0
    
0.1649306
0.1774247
0
0.1415874
0.1254616
0.1303494
0.1135642
0
0.1144742
    
0.1463222
0.1523166
0.1287493
0.1097505
0
0.1027253
0.1162544
0.1182507
0.1037825
    
0.1210294
0.1164304
0
0.108979
0.07886277
0.07720342
0.08706094
0
0.06738476
    
0.1211297
0.1151954
0
0.1077845
0.1009409
0.09165871
0.08281529
0
0.07960137
    
0.116389
0.1166758
0.1051684
0.09402895
0
0.0847899
0.08953586
0.0804451
0.07546345
    
0.1739723
0.1230473
0.1150775
0.09219761
0
0.07378999
0.07292805
0.0743321
0
    
0.1188836
0
0.1203236
0.09409082
0.08025231
0.07148145
0
0.07673667
0.07465631
    
0.1190281
0
0.1379208
0.116695
0.1021194
0.0776784
0
0.06710892
0.07161973
    
0.1000627
0.1039188
0
0.09919749
0.08487901
0.07235035
0.06675573
0
0.06161581
    
0.1029345
0.09196923
0
0.07230255
0.07320498
0.06534309
0.06219005
0
0.05522064
    
0.08798287
0.09274618
0.0779245
0.08621605
0
0.07532802
0.06353734
0.05728868
0.04904485
    
0.09735235
0.1069156
0.1205965
0.09948489
0
0.08176532
0.07503106
0.08370619
0.08246847
    
0.1270202
0.09766839
0.08199971
0
0.09144893
0.0945165
0.08435114
0
0.071516
    
0.10769
0.09370974
0.0836916
0.08403304
0
0.09096155
0.09449346
0.0855522
0.06830198
    
0.1459938
0.1484115
0.162861
0.09478045
0
0.07604323
0.08092733
0.08143261
0.08446765
    
0.09369837
0.09630988
0
0.08648169
0.08246493
0.08448496
0.09640157
0.097055
0
    
0.1310684
0
0.1227705
0.1071916
0.0911608
0.08649872
0
0.08034682
0.07954511
    
0.1184069
0.1123939
0.09463471
0
0.09569877
0.0955245
0.09226811
0.07059284
0
    
0.08603308
0.07734712
0.06726775
0
0.07225639
0.06950238
0.0732497
0.06571015
0
    
0.08304249
0
0.09407707
0.1012038
0.09062587
0.07209139
0
0.0626836
0.06509461
    
0.09333567
0.09705833
0.09453367
0
0.08485845
0.07252353
0.0703305
0.07685438
0
    
0.1058205
0.1110982
0
0.09180477
0.08135557
0.07816873
0.09212438
0
0.08861901
    
0
0.08981545
0.09104621
0.0922022
0.08681413
0
0.07566039
0.06757142
0.06834902
    
0.08811378
0.08924003
0
0.09538858
0.09763906
0.09856611
0.09768351
0
0.07273666
    
0.1080114
0.08501232
0
0.0710657
0.0669328
0.0709457
0.07190179
0
0.06618564
    
0.09351019
0
0.0879421
0.08072159
0.07497273
0.07712596
0
0.05770784
0.05126812
    
0.1030129
0.1013525
0.09782533
0
0.086698
0.07825941
0.06944631
0.06179602
0
    
0.1256415
0.1237423
0.1234854
0
0.1158623
0.09768026
0.07638238
0.06555022
0
    
0.1236867
0.1421897
0
0.1208274
0.1027586
0.07582021
0.06656321
0
0.072883
    
0.1592034
0.1249687
0.1145741
0.1023528
0
0.09152125
0.07581459
0.06542474
0.06133595
    
0.1045301
0.1069922
0
0.09239562
0.08349151
0.07894212
0.07390468
0
0.07640216
    
0.1362954
0.1415659
0.1044835
0.08493041
0
0.06950133
0.06446324
0.06805613
0.06380849
    
0.1061422
0.1058283
0
0.09159116
0.09044688
0.08111182
0.07035386
0
0.06933068
    
/n
