    
    
    
    
    
    
    
(333.2, 186.9, 103.7)
(333.2, 186.9, 103.7)
(323.1, 196.4, 104.2)
(316.8, 202.2, 113.3)
(315.7, 206.7, 115.4)
(315.7, 206.7, 115.4)
(324.8, 222.9, 105.2)
(332.1, 232.6, 100.2)
(336.0, 239.8, 97.0)
(331.3, 245.5, 90.3)
    
(344.4, 174.6, 88.5)
(337.2, 186.0, 91.2)
(339.3, 207.5, 95.1)
(340.9, 221.8, 99.8)
(340.9, 221.8, 99.8)
(339.7, 229.5, 100.9)
(336.5, 231.6, 97.7)
(334.4, 234.0, 90.2)
(331.4, 236.9, 81.7)
(331.4, 236.9, 81.7)
    
(342.3, 181.7, 81.0)
(348.5, 190.3, 86.6)
(350.3, 195.0, 88.4)
(346.4, 199.0, 84.9)
(346.4, 199.0, 84.9)
(341.1, 202.2, 79.5)
(335.1, 205.2, 76.2)
(327.9, 208.7, 75.7)
(324.2, 212.1, 76.3)
(324.2, 212.1, 76.3)
    
(335.4, 162.6, 82.1)
(337.2, 175.5, 89.2)
(343.8, 190.2, 97.9)
(343.8, 190.2, 97.9)
(348.2, 202.8, 104.8)
(342.1, 210.1, 102.6)
(336.4, 214.8, 94.5)
(332.5, 222.0, 87.9)
(332.5, 222.0, 87.9)
(329.9, 230.1, 82.6)
    
(346.0, 185.8, 83.7)
(342.9, 190.8, 81.7)
(341.8, 193.9, 82.6)
(341.8, 193.9, 82.6)
(344.2, 195.4, 85.6)
(346.5, 195.6, 87.4)
(346.2, 196.2, 86.9)
(344.4, 197.9, 84.7)
(344.4, 197.9, 84.7)
(342.6, 200.2, 82.5)
    
(336.2, 171.7, 80.6)
(332.5, 180.9, 79.9)
(332.5, 180.9, 79.9)
(332.8, 186.6, 83.9)
(333.7, 188.7, 88.5)
(334.4, 189.3, 91.4)
(331.5, 190.3, 88.6)
(331.5, 190.3, 88.6)
(327.7, 192.3, 84.2)
(323.8, 195.4, 81.4)
    
(347.1, 169.6, 100.6)
(351.1, 178.7, 102.6)
(347.8, 185.2, 99.5)
(339.4, 189.6, 94.8)
(332.3, 191.1, 92.1)
(332.3, 191.1, 92.1)
(329.3, 192.6, 91.9)
(329.2, 196.2, 92.0)
(328.4, 201.5, 90.9)
(325.9, 207.5, 89.1)
    
(342.2, 179.6, 97.5)
(342.9, 187.3, 100.6)
(343.0, 194.5, 99.8)
(338.5, 201.1, 96.9)
(338.5, 201.1, 96.9)
(331.2, 206.3, 94.1)
(325.5, 212.6, 92.5)
(323.8, 220.5, 91.3)
(323.8, 220.5, 91.3)
(327.2, 230.0, 90.0)
    
(342.3, 184.3, 89.8)
(342.9, 190.9, 92.1)
(345.3, 197.7, 92.5)
(345.3, 197.7, 92.5)
(341.1, 202.9, 90.5)
(334.3, 204.8, 89.7)
(327.8, 206.3, 90.1)
(326.0, 207.9, 91.1)
(326.0, 207.9, 91.1)
(328.6, 211.0, 90.6)
    
(345.5, 175.9, 91.7)
(337.4, 179.0, 90.1)
(332.4, 182.8, 91.6)
(331.5, 185.9, 94.4)
(331.5, 185.9, 94.4)
(332.8, 189.2, 95.2)
(332.8, 193.6, 93.3)
(328.8, 196.9, 92.0)
(324.3, 200.2, 90.9)
(324.3, 200.2, 90.9)
    
(338.5, 174.6, 102.5)
(333.3, 182.8, 100.1)
(328.6, 195.0, 94.2)
(328.6, 195.0, 94.2)
(322.4, 204.6, 91.0)
(318.9, 208.6, 91.7)
(320.9, 212.4, 93.2)
(320.9, 212.4, 93.2)
(323.0, 219.5, 90.7)
(325.1, 226.5, 88.9)
    
(351.9, 177.8, 87.1)
(348.5, 181.9, 87.9)
(345.4, 184.9, 89.5)
(344.9, 188.7, 90.7)
(344.1, 193.9, 90.8)
(344.1, 193.9, 90.8)
(339.6, 198.1, 90.2)
(332.5, 201.8, 89.6)
(327.8, 205.5, 89.3)
(326.7, 210.1, 89.3)
    
(354.1, 176.3, 97.7)
(350.3, 180.7, 97.0)
(343.6, 182.5, 95.4)
(343.6, 182.5, 95.4)
(337.7, 185.4, 94.7)
(333.8, 189.5, 96.4)
(335.6, 194.7, 98.8)
(335.0, 198.7, 99.1)
(335.0, 198.7, 99.1)
(332.1, 200.8, 98.6)
    
(335.4, 178.8, 98.5)
(330.9, 181.3, 100.6)
(330.9, 181.3, 100.6)
(327.2, 185.3, 100.4)
(325.1, 191.4, 99.8)
(323.7, 197.1, 99.8)
(322.9, 200.8, 100.4)
(322.9, 200.8, 100.4)
(321.4, 203.2, 100.9)
(319.3, 204.8, 100.8)
    
(344.5, 182.8, 90.4)
(344.5, 182.8, 90.4)
(342.4, 186.4, 89.4)
(340.0, 190.6, 87.8)
(336.8, 195.1, 86.8)
(333.6, 198.9, 87.9)
(333.6, 198.9, 87.9)
(331.8, 201.3, 90.5)
(331.3, 203.5, 90.8)
(332.2, 206.5, 88.3)
    
(357.7, 177.1, 88.8)
(349.3, 181.3, 87.1)
(336.2, 182.3, 87.3)
(331.9, 185.5, 89.4)
(331.9, 185.5, 89.4)
(335.0, 192.6, 91.9)
(337.5, 199.3, 91.7)
(335.9, 204.8, 89.6)
(331.2, 208.0, 88.0)
(331.2, 208.0, 88.0)
    
(3.1, 177.4, 104.2)
(0.9, 184.7, 104.0)
(354.8, 188.7, 103.1)
(354.8, 188.7, 103.1)
(348.6, 190.7, 103.1)
(345.2, 192.0, 104.1)
(344.4, 195.4, 103.7)
(343.2, 199.4, 101.5)
(343.2, 199.4, 101.5)
(340.9, 202.9, 99.7)
    
(353.0, 180.4, 106.0)
(350.8, 182.1, 106.6)
(347.4, 185.2, 105.7)
(344.6, 190.4, 104.1)
(343.6, 194.6, 103.9)
(340.7, 198.2, 103.1)
(340.7, 198.2, 103.1)
(337.6, 201.9, 101.9)
(336.3, 206.6, 100.9)
(335.4, 211.1, 100.7)
    
(351.3, 173.4, 104.2)
(346.6, 180.6, 106.2)
(339.3, 190.3, 108.9)
(339.3, 190.3, 108.9)
(332.3, 200.6, 111.6)
(330.5, 210.2, 113.3)
(330.0, 213.2, 112.4)
(326.1, 212.6, 111.0)
(326.1, 212.6, 111.0)
(320.1, 210.6, 111.0)
    
(344.1, 191.9, 109.8)
(339.8, 202.0, 106.7)
(336.4, 209.0, 107.6)
(334.2, 214.2, 106.7)
(336.5, 221.2, 102.1)
(336.5, 221.2, 102.1)
(336.9, 227.5, 95.5)
(327.0, 235.0, 89.1)
(320.1, 242.3, 85.2)
(323.3, 248.2, 83.3)
    
(2.0, 176.1, 106.2)
(1.6, 183.0, 107.8)
(1.0, 191.9, 107.8)
(355.4, 196.6, 107.8)
(346.7, 197.3, 108.4)
(346.7, 197.3, 108.4)
(341.6, 196.6, 109.7)
(343.6, 200.0, 108.8)
(345.1, 204.8, 106.6)
(343.5, 209.4, 103.1)
    
(354.1, 186.5, 101.7)
(349.5, 191.9, 101.1)
(343.3, 195.8, 100.4)
(337.2, 200.0, 100.2)
(337.2, 200.0, 100.2)
(333.9, 207.3, 99.7)
(330.4, 216.9, 99.9)
(329.4, 224.0, 99.2)
(330.2, 228.1, 95.9)
(330.2, 228.1, 95.9)
    
(351.4, 187.1, 103.6)
(350.4, 189.9, 103.6)
(354.0, 196.0, 103.1)
(353.2, 203.0, 101.4)
(346.8, 209.1, 97.8)
(346.8, 209.1, 97.8)
(338.0, 213.1, 95.9)
(325.9, 216.2, 95.6)
(323.4, 221.6, 93.4)
(327.7, 228.1, 90.3)
    
(356.8, 188.2, 111.4)
(347.4, 193.7, 110.0)
(336.5, 198.7, 107.5)
(333.3, 210.7, 100.7)
(333.3, 210.7, 100.7)
(333.8, 229.2, 92.5)
(323.6, 247.4, 93.4)
(315.8, 254.2, 95.9)
(321.9, 259.8, 97.0)
(321.9, 259.8, 97.0)
    
(347.0, 151.7, 105.9)
(345.8, 156.9, 124.7)
(352.8, 180.4, 143.4)
(352.8, 180.4, 143.4)
(349.0, 210.7, 147.3)
(353.1, 234.8, 127.3)
(352.2, 254.2, 103.6)
(352.2, 254.2, 103.6)
(338.7, 284.5, 90.1)
(344.4, 304.6, 83.0)
    
(351.1, 164.7, 105.7)
(347.0, 188.2, 113.3)
(340.0, 210.4, 116.2)
(329.8, 224.3, 117.2)
(329.8, 224.3, 117.2)
(325.2, 226.5, 112.8)
(321.0, 230.6, 107.9)
(316.0, 237.2, 104.1)
(315.7, 256.5, 91.6)
(315.7, 256.5, 91.6)
    
(356.5, 163.0, 109.0)
(356.5, 163.0, 109.0)
(349.8, 182.8, 108.6)
(342.8, 213.3, 104.9)
(338.4, 243.6, 102.3)
(335.1, 258.5, 101.7)
(335.1, 258.5, 101.7)
(337.0, 261.4, 98.6)
(337.9, 265.7, 86.4)
(337.9, 277.0, 73.6)
    
(0.7, 167.0, 103.4)
(349.8, 185.3, 103.8)
(349.8, 185.3, 103.8)
(345.9, 202.2, 99.0)
(343.1, 216.9, 92.5)
(336.7, 226.1, 85.8)
(335.4, 235.5, 80.7)
(335.4, 235.5, 80.7)
(332.4, 249.3, 79.1)
(328.7, 260.3, 80.3)
    
(358.6, 180.7, 96.2)
(1.3, 214.7, 110.4)
(6.4, 242.9, 113.7)
(9.7, 256.3, 102.5)
(3.5, 264.0, 85.7)
(3.5, 264.0, 85.7)
(351.5, 270.5, 74.0)
(342.9, 274.7, 63.3)
(346.6, 272.4, 59.5)
(0.1, 266.0, 59.4)
    
(0.4, 173.3, 102.5)
(357.2, 191.5, 98.9)
(357.2, 191.5, 98.9)
(355.9, 215.1, 95.1)
(0.1, 230.7, 92.5)
(2.4, 240.7, 90.6)
(359.6, 245.8, 89.2)
(359.6, 245.8, 89.2)
(356.0, 248.9, 86.9)
(355.5, 252.3, 81.8)
    
(11.1, 193.8, 96.3)
(9.2, 216.1, 97.8)
(9.2, 216.1, 97.8)
(8.2, 229.9, 95.8)
(3.1, 235.3, 91.1)
(352.0, 238.3, 84.1)
(345.5, 241.6, 79.3)
(345.5, 241.6, 79.3)
(348.5, 244.1, 76.1)
(357.8, 244.1, 74.9)
    
(356.4, 164.4, 93.8)
(356.5, 180.6, 94.3)
(358.1, 198.7, 94.4)
(358.5, 214.0, 91.7)
(358.5, 223.4, 85.1)
(358.5, 223.4, 85.1)
(356.3, 228.4, 81.0)
(352.2, 233.6, 79.0)
(349.8, 240.5, 78.9)
(353.7, 244.6, 79.5)
    
(7.1, 181.1, 91.9)
(7.6, 183.0, 91.1)
(10.5, 187.0, 91.3)
(10.5, 187.0, 91.3)
(8.5, 193.0, 90.5)
(4.2, 195.8, 89.8)
(358.8, 198.0, 88.3)
(357.7, 200.4, 86.3)
(357.7, 200.4, 86.3)
(0.2, 203.0, 85.7)
    
(8.7, 162.9, 87.9)
(9.1, 179.9, 90.7)
(9.1, 179.9, 90.7)
(8.2, 193.9, 92.4)
(6.4, 203.4, 92.2)
(0.6, 210.5, 91.5)
(356.4, 213.4, 88.1)
(356.4, 213.4, 88.1)
(356.7, 215.6, 85.2)
(359.3, 217.0, 83.2)
    
(9.9, 181.9, 94.3)
(3.8, 187.4, 93.4)
(3.8, 187.4, 93.4)
(1.1, 191.1, 93.5)
(1.6, 192.8, 94.2)
(1.0, 193.6, 94.9)
(0.8, 195.6, 93.6)
(0.8, 195.6, 93.6)
(0.2, 199.7, 92.8)
(359.2, 203.8, 91.9)
    
(4.5, 178.8, 91.7)
(10.3, 188.8, 97.0)
(13.8, 197.0, 100.7)
(10.0, 200.7, 99.5)
(4.0, 203.3, 97.1)
(4.0, 203.3, 97.1)
(1.4, 205.5, 96.0)
(1.0, 207.6, 95.3)
(2.6, 210.1, 94.9)
(4.0, 213.0, 93.9)
    
(16.8, 181.7, 93.7)
(13.5, 190.2, 92.5)
(6.7, 192.3, 91.3)
(6.7, 192.3, 91.3)
(1.5, 192.7, 91.2)
(1.0, 193.1, 92.6)
(4.3, 194.4, 94.5)
(5.8, 195.3, 93.9)
(5.8, 195.3, 93.9)
(5.5, 195.9, 91.8)
    
(16.1, 174.2, 90.7)
(7.6, 174.8, 87.8)
(3.1, 177.0, 87.3)
(2.9, 180.6, 87.8)
(2.9, 180.6, 87.8)
(4.1, 184.5, 88.4)
(1.6, 186.7, 87.1)
(359.5, 188.0, 85.7)
(358.6, 188.9, 85.1)
(358.6, 188.9, 85.1)
    
(3.0, 173.4, 96.1)
(5.6, 179.8, 95.8)
(5.6, 179.8, 95.8)
(6.9, 187.3, 96.1)
(2.8, 193.7, 94.1)
(355.6, 196.8, 91.4)
(355.6, 196.8, 91.4)
(349.8, 198.5, 90.3)
(347.5, 200.4, 90.0)
(351.5, 204.6, 90.8)
    
(11.2, 184.4, 99.2)
(11.2, 184.4, 99.2)
(358.9, 192.0, 90.9)
(358.9, 192.0, 90.9)
(358.9, 192.0, 90.9)
(349.0, 195.5, 89.6)
(349.0, 195.5, 89.6)
(349.0, 195.5, 89.6)
(357.2, 202.4, 80.1)
(357.2, 202.4, 80.1)
    
(13.4, 178.4, 90.7)
(17.2, 183.8, 94.7)
(17.2, 183.8, 94.7)
(17.2, 183.8, 94.7)
(12.5, 189.9, 91.3)
(12.5, 189.9, 91.3)
(3.1, 198.5, 89.7)
(3.1, 198.5, 89.7)
(3.1, 198.5, 89.7)
(3.7, 204.1, 87.5)
    
(10.6, 190.7, 102.4)
(10.6, 190.7, 102.4)
(10.6, 190.7, 102.4)
(350.6, 187.6, 95.5)
(350.6, 187.6, 95.5)
(345.4, 187.4, 93.0)
(345.4, 187.4, 93.0)
(345.4, 187.4, 93.0)
(355.4, 194.9, 97.8)
(355.4, 194.9, 97.8)
    
(1.8, 169.6, 100.5)
(1.8, 169.6, 100.5)
(358.6, 175.9, 97.9)
(358.6, 175.9, 97.9)
(350.7, 178.1, 97.4)
(350.7, 178.1, 97.4)
(349.8, 179.1, 97.1)
(349.8, 179.1, 97.1)
(349.8, 179.1, 97.1)
(347.9, 180.3, 95.1)
    
(7.3, 171.7, 95.6)
(8.4, 181.5, 99.2)
(8.4, 181.5, 99.2)
(3.8, 182.2, 97.6)
(3.8, 182.2, 97.6)
(3.8, 182.2, 97.6)
(357.7, 183.7, 96.7)
(357.7, 183.7, 96.7)
(359.3, 185.4, 97.0)
(359.3, 185.4, 97.0)
    
(6.2, 175.5, 95.2)
(8.6, 180.9, 95.9)
(4.1, 184.6, 95.6)
(356.3, 186.7, 94.7)
(352.5, 188.2, 93.4)
(352.5, 188.2, 93.4)
(353.7, 189.3, 92.9)
(355.6, 189.7, 92.6)
(356.5, 189.6, 92.1)
(356.4, 190.1, 91.5)
    
(4.5, 180.9, 98.1)
(359.0, 180.4, 95.9)
(353.9, 180.8, 93.9)
(354.2, 183.6, 93.4)
(355.8, 187.2, 93.6)
(355.8, 187.2, 93.6)
(356.5, 190.3, 93.8)
(354.3, 191.4, 92.8)
(351.0, 192.0, 91.1)
(348.3, 193.2, 90.1)
    
(13.2, 177.4, 105.7)
(13.6, 190.0, 108.3)
(5.7, 193.0, 103.3)
(354.2, 192.4, 98.0)
(348.2, 193.1, 96.0)
(348.2, 193.1, 96.0)
(349.8, 198.2, 98.1)
(353.4, 201.8, 99.5)
(354.3, 202.7, 98.1)
(350.6, 203.9, 93.9)
    
(4.6, 179.8, 97.4)
(3.5, 183.1, 94.1)
(3.5, 183.1, 94.1)
(358.7, 187.1, 90.9)
(353.2, 189.4, 89.3)
(349.6, 190.7, 88.8)
(349.3, 191.4, 89.1)
(349.3, 191.4, 89.1)
(351.5, 192.0, 88.6)
(353.1, 193.6, 86.9)
    
(5.2, 185.1, 96.9)
(2.3, 187.9, 95.7)
(0.3, 190.1, 94.3)
(359.9, 192.0, 92.7)
(359.9, 192.0, 92.7)
(1.2, 192.9, 89.3)
(356.8, 194.6, 87.5)
(345.4, 198.5, 85.1)
(344.6, 201.6, 81.9)
(353.6, 201.6, 79.8)
    
(13.3, 183.5, 97.2)
(13.3, 183.5, 97.2)
(5.6, 187.4, 95.8)
(0.7, 188.9, 97.7)
(357.2, 190.5, 101.3)
(358.6, 192.5, 101.0)
(358.6, 192.5, 101.0)
(0.9, 194.7, 98.2)
(1.3, 196.4, 95.2)
(359.9, 197.8, 91.8)
    
(8.0, 179.6, 98.5)
(8.0, 179.6, 98.5)
(8.3, 180.5, 97.4)
(5.4, 182.7, 95.0)
(2.3, 185.2, 93.7)
(0.7, 187.9, 93.6)
(0.7, 187.9, 93.6)
(1.3, 189.1, 93.9)
(2.3, 189.7, 93.6)
(1.9, 190.2, 92.0)
    
(6.6, 175.2, 102.7)
(8.4, 180.9, 103.5)
(10.7, 184.9, 102.9)
(9.1, 186.7, 100.7)
(9.1, 186.7, 100.7)
(5.3, 187.9, 100.0)
(1.5, 188.0, 100.0)
(0.9, 187.4, 99.6)
(0.9, 187.4, 99.6)
(2.3, 188.1, 98.3)
    
(9.7, 173.3, 100.5)
(11.1, 178.2, 98.9)
(9.9, 183.8, 98.3)
(6.8, 188.3, 99.5)
(4.2, 190.6, 100.0)
(4.2, 190.6, 100.0)
(2.3, 191.6, 97.8)
(0.8, 193.5, 95.1)
(359.0, 196.5, 92.5)
(358.4, 199.5, 91.1)
    
(0.7, 178.4, 97.8)
(1.7, 185.6, 98.2)
(4.5, 194.1, 99.6)
(3.8, 196.6, 98.5)
(358.7, 195.9, 93.6)
(358.7, 195.9, 93.6)
(350.7, 195.9, 88.5)
(347.0, 198.1, 86.8)
(349.9, 200.9, 88.7)
(354.8, 203.0, 90.0)
    
(14.4, 182.5, 105.9)
(8.0, 189.6, 103.5)
(356.8, 188.6, 96.3)
(356.8, 188.6, 96.3)
(351.1, 187.7, 92.0)
(351.3, 189.4, 90.1)
(354.9, 194.1, 90.6)
(354.9, 194.1, 90.6)
(355.8, 197.5, 90.9)
(354.5, 199.7, 89.6)
    
(9.4, 178.3, 96.5)
(7.2, 183.0, 92.8)
(7.2, 183.0, 92.8)
(2.6, 186.5, 89.7)
(356.4, 188.7, 88.8)
(354.3, 189.2, 90.5)
(354.3, 189.2, 90.5)
(358.1, 191.4, 91.5)
(1.3, 195.3, 90.6)
(359.0, 198.4, 87.5)
    
(356.5, 178.9, 98.3)
(356.9, 186.7, 100.9)
(355.9, 192.3, 102.0)
(355.9, 192.3, 102.0)
(352.9, 195.5, 101.6)
(352.3, 197.9, 99.4)
(352.5, 198.7, 95.6)
(350.2, 199.6, 92.1)
(350.2, 199.6, 92.1)
(346.1, 200.9, 89.0)
    
(12.5, 184.6, 105.7)
(8.1, 187.2, 104.4)
(4.3, 188.8, 103.9)
(4.3, 188.8, 103.9)
(4.6, 192.1, 105.0)
(5.8, 196.3, 105.3)
(3.7, 199.5, 103.4)
(359.7, 200.3, 100.8)
(359.7, 200.3, 100.8)
(357.0, 200.7, 97.7)
    
(10.8, 173.3, 104.9)
(3.7, 183.0, 102.2)
(1.0, 194.4, 99.6)
(2.0, 201.7, 97.9)
(2.0, 201.7, 97.9)
(1.3, 207.6, 95.8)
(359.7, 212.1, 93.4)
(357.5, 215.3, 90.0)
(353.6, 218.6, 87.4)
(353.6, 218.6, 87.4)
    
(3.2, 184.6, 98.0)
(3.2, 184.6, 98.0)
(4.7, 189.2, 99.3)
(3.1, 192.5, 98.3)
(359.5, 195.3, 95.6)
(356.6, 198.1, 93.2)
(356.6, 198.1, 93.2)
(354.2, 200.2, 92.0)
(352.4, 202.4, 92.2)
(353.4, 203.8, 92.3)
    
(356.2, 173.5, 109.9)
(345.5, 182.8, 103.1)
(345.5, 182.8, 103.1)
(354.2, 195.4, 99.6)
(0.2, 202.1, 100.0)
(357.8, 202.5, 99.0)
(351.4, 201.9, 97.1)
(351.4, 201.9, 97.1)
(349.4, 201.5, 95.0)
(354.3, 201.8, 93.3)
    
(3.5, 180.9, 95.7)
(3.6, 184.5, 98.3)
(3.6, 184.5, 98.3)
(4.9, 188.7, 102.5)
(5.9, 190.5, 103.3)
(6.0, 191.0, 102.2)
(6.0, 191.0, 102.2)
(5.4, 191.2, 100.8)
(4.8, 191.5, 99.3)
(4.4, 192.0, 98.2)
    
(13.3, 169.8, 99.0)
(4.7, 173.8, 96.2)
(3.5, 180.9, 96.4)
(6.7, 186.5, 99.8)
(8.9, 190.0, 101.8)
(8.9, 190.0, 101.8)
(6.8, 191.1, 100.6)
(1.1, 190.8, 96.8)
(358.4, 191.6, 94.8)
(358.6, 193.4, 94.7)
    
(10.0, 184.5, 95.9)
(10.9, 187.4, 96.6)
(12.1, 191.5, 98.0)
(10.9, 193.4, 98.1)
(9.1, 194.2, 97.9)
(9.1, 194.2, 97.9)
(7.2, 193.7, 98.0)
(7.0, 193.5, 97.9)
(7.7, 193.8, 97.3)
(7.5, 194.8, 96.6)
    
(19.4, 175.2, 96.9)
(13.5, 185.4, 95.1)
(3.9, 194.7, 92.4)
(355.2, 201.3, 90.2)
(355.2, 201.3, 90.2)
(354.6, 202.6, 88.6)
(357.5, 202.5, 87.9)
(357.6, 202.4, 87.2)
(354.4, 204.0, 86.6)
(354.4, 204.0, 86.6)
    
(7.4, 168.1, 93.4)
(357.8, 182.3, 90.3)
(357.8, 182.3, 90.3)
(354.1, 193.4, 89.2)
(353.0, 201.1, 90.1)
(351.5, 202.8, 89.5)
(349.6, 203.8, 88.1)
(349.6, 203.8, 88.1)
(349.0, 204.8, 87.9)
(350.4, 204.9, 88.8)
    
(12.6, 177.7, 94.9)
(10.2, 183.4, 93.8)
(6.6, 188.2, 92.3)
(1.4, 192.5, 90.9)
(357.2, 195.5, 91.1)
(357.2, 195.5, 91.1)
(356.3, 196.2, 91.6)
(357.0, 196.1, 92.3)
(357.1, 196.5, 92.1)
(357.2, 197.5, 91.5)
    
(13.6, 170.3, 99.9)
(13.6, 170.3, 99.9)
(10.6, 174.1, 98.2)
(7.4, 178.6, 98.4)
(4.3, 182.3, 99.5)
(3.7, 184.0, 100.4)
(3.7, 184.0, 100.4)
(3.8, 184.5, 100.2)
(3.3, 184.9, 99.6)
(2.2, 185.0, 98.8)
    
(4.3, 188.7, 92.2)
(5.0, 195.9, 94.5)
(2.6, 198.7, 94.5)
(2.6, 198.7, 94.5)
(357.8, 200.4, 93.1)
(354.3, 200.8, 91.9)
(353.7, 200.6, 91.5)
(354.9, 200.4, 91.2)
(356.3, 200.8, 90.6)
(356.3, 200.8, 90.6)
    
(3.4, 181.5, 93.7)
(3.3, 189.1, 92.5)
(1.4, 195.8, 90.5)
(1.4, 195.8, 90.5)
(350.9, 202.8, 90.5)
(344.6, 207.3, 91.7)
(349.7, 210.5, 94.1)
(358.0, 207.8, 95.7)
(358.0, 207.8, 95.7)
(1.8, 201.4, 93.9)
    
(14.4, 182.0, 96.3)
(8.3, 188.6, 96.2)
(0.5, 193.0, 96.0)
(355.6, 196.7, 95.4)
(355.6, 196.7, 95.4)
(358.5, 197.1, 94.7)
(3.0, 196.1, 93.7)
(2.9, 195.0, 93.0)
(359.9, 194.1, 91.8)
(359.9, 194.1, 91.8)
    
(7.1, 176.3, 98.7)
(5.9, 179.4, 97.7)
(7.0, 184.5, 97.6)
(7.0, 184.5, 97.6)
(7.4, 190.9, 98.2)
(4.5, 195.1, 98.7)
(0.7, 196.5, 98.3)
(0.7, 196.5, 98.3)
(359.0, 196.2, 97.0)
(359.6, 195.4, 95.3)
    
(8.3, 180.6, 96.8)
(4.2, 186.9, 95.3)
(4.2, 186.9, 95.3)
(357.1, 193.4, 93.9)
(354.6, 197.3, 93.9)
(354.0, 201.2, 94.2)
(355.6, 202.1, 94.4)
(355.6, 202.1, 94.4)
(355.9, 201.1, 93.3)
(355.4, 200.1, 91.8)
    
(9.8, 177.3, 94.3)
(4.6, 181.9, 94.3)
(2.0, 186.9, 94.6)
(2.7, 190.0, 94.3)
(4.1, 192.6, 93.7)
(4.1, 192.6, 93.7)
(3.2, 194.7, 92.9)
(1.4, 197.6, 92.9)
(358.9, 200.8, 93.3)
(357.7, 202.7, 93.3)
    
(20.0, 170.3, 90.9)
(13.0, 175.2, 88.3)
(4.7, 180.1, 86.3)
(357.7, 185.3, 84.6)
(357.7, 185.3, 84.6)
(355.6, 189.0, 87.0)
(356.4, 191.3, 90.3)
(357.2, 195.2, 92.7)
(354.6, 196.7, 89.0)
(354.6, 196.7, 89.0)
    
(10.7, 187.9, 92.4)
(0.3, 189.6, 90.7)
(0.3, 189.6, 90.7)
(0.2, 191.9, 89.3)
(6.0, 193.9, 88.2)
(8.8, 195.1, 87.5)
(5.0, 195.3, 85.5)
(5.0, 195.3, 85.5)
(356.9, 196.0, 83.5)
(352.7, 196.6, 81.8)
    
(4.1, 173.3, 99.6)
(2.8, 183.0, 101.4)
(3.0, 188.2, 100.5)
(1.9, 189.9, 97.2)
(1.9, 189.9, 97.2)
(357.5, 190.5, 93.4)
(353.8, 191.6, 90.8)
(351.4, 194.7, 90.2)
(351.7, 198.6, 90.4)
(351.7, 198.6, 90.4)
    
(6.3, 176.5, 95.3)
(8.2, 181.1, 99.1)
(5.4, 181.9, 97.1)
(5.4, 181.9, 97.1)
(359.4, 183.3, 93.8)
(354.5, 186.3, 91.8)
(351.9, 191.1, 90.8)
(352.0, 194.8, 91.2)
(352.0, 194.8, 91.2)
(352.9, 196.5, 91.1)
    
(14.4, 174.4, 96.2)
(14.4, 174.4, 96.2)
(11.3, 181.7, 97.1)
(4.7, 184.9, 95.7)
(358.8, 186.2, 94.7)
(358.8, 186.2, 94.7)
(356.4, 187.5, 94.7)
(358.0, 190.4, 95.4)
(359.2, 193.2, 95.4)
(358.6, 195.3, 94.7)
    
(13.9, 173.5, 99.3)
(8.0, 178.7, 97.6)
(6.7, 185.8, 97.8)
(6.2, 190.5, 98.5)
(6.2, 190.5, 98.5)
(3.8, 192.2, 98.4)
(0.8, 192.4, 96.5)
(360.0, 193.3, 94.9)
(0.7, 194.9, 94.1)
(0.7, 194.9, 94.1)
    
(7.9, 178.0, 95.9)
(5.0, 185.5, 96.9)
(4.8, 189.2, 97.1)
(2.6, 190.7, 95.6)
(2.6, 190.7, 95.6)
(0.3, 192.3, 93.0)
(359.6, 194.0, 91.9)
(359.8, 195.7, 92.0)
(359.5, 196.7, 92.2)
(359.5, 196.7, 92.2)
    
(17.3, 176.3, 100.9)
(12.7, 181.7, 100.5)
(8.6, 187.5, 103.1)
(8.1, 190.2, 105.2)
(8.1, 190.2, 105.2)
(9.1, 191.2, 105.1)
(8.9, 192.0, 102.6)
(7.1, 192.9, 100.7)
(4.2, 193.7, 99.3)
(4.2, 193.7, 99.3)
    
(8.5, 186.2, 102.6)
(4.7, 187.8, 103.4)
(4.9, 189.3, 103.4)
(6.5, 191.2, 101.9)
(6.5, 191.2, 101.9)
(4.7, 193.3, 100.4)
(1.4, 195.0, 99.1)
(359.1, 196.7, 98.4)
(358.6, 198.2, 98.2)
(358.6, 198.2, 98.2)
    
(11.6, 180.2, 104.0)
(9.5, 185.3, 103.6)
(9.5, 185.3, 103.6)
(2.6, 186.7, 102.8)
(357.8, 185.6, 102.5)
(358.7, 187.3, 101.8)
(0.8, 190.3, 100.8)
(0.8, 190.3, 100.8)
(359.4, 193.2, 98.2)
(356.3, 194.9, 95.6)
    
(10.2, 183.8, 102.0)
(10.8, 189.3, 102.3)
(10.8, 189.3, 102.3)
(8.6, 193.5, 101.8)
(4.3, 194.3, 100.4)
(0.4, 194.1, 98.8)
(358.4, 193.7, 97.2)
(358.4, 193.7, 97.2)
(358.8, 194.3, 96.1)
(359.3, 195.4, 95.0)
    
(10.4, 176.3, 98.9)
(6.8, 181.1, 98.0)
(7.1, 185.9, 97.1)
(6.6, 190.7, 96.8)
(6.6, 190.7, 96.8)
(3.6, 194.3, 95.7)
(358.9, 197.5, 94.5)
(354.8, 199.2, 92.9)
(354.8, 199.2, 92.9)
(353.7, 201.0, 92.0)
    
(18.8, 178.7, 87.1)
(18.6, 184.9, 88.6)
(18.6, 184.9, 88.6)
(18.6, 189.9, 89.9)
(17.3, 193.3, 88.8)
(13.4, 196.3, 87.2)
(5.9, 199.6, 85.3)
(5.9, 199.6, 85.3)
(0.5, 203.3, 83.3)
(0.9, 205.0, 81.5)
    
(11.7, 182.7, 85.3)
(12.0, 189.7, 86.4)
(12.0, 189.7, 86.4)
(8.3, 193.5, 85.6)
(0.9, 197.0, 83.7)
(357.2, 200.6, 81.6)
(360.0, 203.7, 80.6)
(360.0, 203.7, 80.6)
(1.5, 205.5, 79.8)
(1.2, 206.2, 78.2)
    
(16.4, 172.0, 83.4)
(11.7, 175.6, 82.0)
(6.2, 179.0, 80.5)
(6.2, 179.0, 80.5)
(2.0, 183.6, 79.5)
(3.2, 187.5, 80.0)
(6.6, 192.0, 82.1)
(7.1, 194.0, 82.3)
(7.1, 194.0, 82.3)
(3.5, 195.2, 79.5)
    
(356.6, 183.5, 91.0)
(359.3, 189.0, 90.3)
(359.3, 189.0, 90.3)
(11.3, 195.9, 91.3)
(10.9, 199.0, 90.2)
(1.0, 199.7, 87.4)
(353.5, 200.0, 84.0)
(353.5, 200.0, 84.0)
(352.6, 200.3, 80.6)
(355.9, 199.9, 79.4)
    
(11.8, 183.4, 86.6)
(11.8, 183.4, 86.6)
(2.8, 187.4, 84.2)
(1.1, 188.0, 81.7)
(3.6, 187.1, 79.6)
(8.2, 186.7, 77.9)
(8.2, 186.7, 77.9)
(6.7, 188.0, 75.9)
(1.9, 190.5, 73.9)
(356.2, 192.7, 72.3)
    
(5.7, 183.2, 79.9)
(5.7, 183.2, 79.9)
(13.3, 190.1, 82.3)
(15.6, 196.6, 84.5)
(8.5, 198.9, 83.0)
(0.4, 198.2, 80.2)
(0.4, 198.2, 80.2)
(355.3, 197.2, 77.8)
(356.5, 196.3, 76.7)
(359.2, 195.4, 75.9)
    
(14.2, 177.0, 82.5)
(7.5, 177.4, 79.3)
(7.5, 177.4, 79.3)
(1.0, 178.9, 77.0)
(356.7, 181.3, 75.8)
(356.0, 184.3, 76.3)
(358.3, 187.6, 77.8)
(358.3, 187.6, 77.8)
(359.0, 189.9, 78.1)
(358.3, 192.4, 77.5)
    
(9.0, 185.2, 89.5)
(12.1, 185.5, 85.7)
(12.1, 185.5, 85.7)
(6.5, 186.4, 83.0)
(358.0, 188.5, 82.2)
(351.9, 192.6, 82.4)
(352.1, 196.9, 81.5)
(352.1, 196.9, 81.5)
(356.0, 198.8, 80.1)
(357.7, 199.0, 78.1)
    
(14.0, 175.1, 84.6)
(13.4, 183.2, 86.1)
(9.5, 187.2, 85.9)
(3.2, 187.3, 83.8)
(3.2, 187.3, 83.8)
(358.7, 188.2, 81.2)
(358.5, 191.4, 79.5)
(2.0, 195.0, 79.1)
(4.1, 197.4, 79.8)
(2.2, 199.0, 80.4)
    
(19.0, 178.1, 91.1)
(19.0, 178.1, 91.1)
(15.8, 183.4, 90.7)
(10.2, 185.9, 87.7)
(1.2, 187.3, 84.9)
(353.7, 190.8, 83.7)
(353.7, 190.8, 83.7)
(354.8, 195.5, 84.6)
(1.4, 199.6, 87.4)
(5.3, 202.2, 88.2)
    
(13.7, 179.2, 91.2)
(13.7, 179.2, 91.2)
(11.3, 189.1, 91.9)
(7.8, 197.1, 92.2)
(360.0, 201.4, 90.1)
(354.8, 200.5, 85.1)
(354.8, 200.5, 85.1)
(354.7, 200.4, 80.6)
(354.6, 202.5, 78.3)
(355.3, 205.1, 77.5)
    
(9.0, 183.7, 77.6)
(5.6, 190.0, 78.3)
(7.7, 194.4, 80.9)
(7.7, 194.4, 80.9)
(7.5, 197.2, 79.9)
(4.3, 200.5, 75.9)
(357.6, 204.9, 73.0)
(353.3, 208.8, 71.3)
(353.3, 208.8, 71.3)
(352.3, 212.0, 71.0)
    
/n
(8.3, 181.8, 103.4)
(10.9, 186.5, 112.6)
(5.5, 190.2, 106.4)
(5.5, 190.2, 106.4)
(359.4, 193.5, 99.3)
(354.8, 198.0, 97.0)
(355.8, 202.7, 101.3)
(358.6, 206.2, 101.8)
(358.6, 206.2, 101.8)
(358.5, 209.5, 96.2)
    
(2.5, 180.2, 92.8)
(2.7, 182.9, 95.7)
(5.2, 186.0, 96.7)
(5.2, 186.0, 96.7)
(3.5, 190.0, 95.2)
(358.8, 193.5, 91.6)
(355.5, 197.1, 89.2)
(355.3, 200.5, 87.5)
(355.3, 200.5, 87.5)
(357.3, 203.9, 86.4)
    
(6.7, 172.5, 93.5)
(8.1, 177.5, 92.6)
(7.6, 182.7, 92.4)
(6.8, 187.8, 90.9)
(4.3, 192.1, 88.8)
(4.3, 192.1, 88.8)
(1.5, 196.0, 86.3)
(359.2, 198.9, 85.9)
(357.1, 200.9, 86.9)
(356.6, 202.8, 87.2)
    
(4.2, 177.1, 91.9)
(6.7, 190.3, 97.7)
(5.9, 198.2, 95.4)
(0.9, 199.0, 91.2)
(353.8, 199.1, 86.9)
(353.8, 199.1, 86.9)
(347.3, 201.2, 84.6)
(349.1, 206.8, 82.7)
(355.7, 213.1, 81.0)
(355.7, 213.1, 81.0)
    
(15.7, 185.9, 99.3)
(11.6, 195.9, 99.7)
(7.9, 201.6, 97.3)
(7.9, 201.6, 97.3)
(6.8, 205.4, 94.2)
(4.8, 208.6, 90.5)
(2.0, 211.0, 87.9)
(358.6, 213.3, 85.5)
(358.6, 213.3, 85.5)
(355.2, 215.3, 83.7)
    
(14.8, 186.8, 86.4)
(14.8, 186.8, 86.4)
(10.3, 190.2, 86.5)
(6.9, 192.4, 86.9)
(5.1, 195.1, 86.4)
(2.9, 198.4, 84.5)
(2.9, 198.4, 84.5)
(0.1, 202.0, 82.6)
(356.5, 205.1, 81.7)
(355.1, 208.4, 81.1)
    
(10.9, 173.2, 90.6)
(8.2, 181.4, 92.5)
(8.8, 190.5, 93.2)
(8.9, 195.7, 92.9)
(8.9, 195.7, 92.9)
(5.4, 197.2, 91.0)
(2.2, 197.9, 89.0)
(0.5, 198.6, 87.0)
(0.3, 201.1, 84.9)
(0.3, 201.1, 84.9)
    
(18.6, 182.1, 98.1)
(13.9, 187.0, 98.8)
(10.6, 191.7, 99.9)
(9.5, 195.3, 99.9)
(9.3, 197.4, 97.5)
(9.3, 197.4, 97.5)
(9.3, 198.6, 94.5)
(7.8, 199.4, 91.8)
(5.9, 200.1, 89.5)
(4.8, 201.2, 87.9)
    
(10.4, 183.4, 94.7)
(8.5, 189.6, 97.5)
(7.1, 193.8, 97.5)
(4.3, 196.8, 94.2)
(0.7, 197.8, 89.9)
(0.7, 197.8, 89.9)
(359.5, 199.5, 86.7)
(359.1, 202.7, 85.6)
(359.1, 207.0, 86.5)
(0.6, 211.0, 88.5)
    
(11.7, 183.2, 91.6)
(6.9, 186.6, 90.5)
(4.8, 189.9, 90.9)
(5.7, 194.1, 91.6)
(5.7, 194.1, 91.6)
(5.8, 196.8, 90.4)
(3.6, 197.6, 87.9)
(0.3, 197.9, 85.1)
(358.5, 198.8, 83.3)
(358.5, 198.8, 83.3)
    
(7.3, 184.3, 95.3)
(7.3, 184.3, 95.3)
(6.8, 194.1, 95.9)
(8.6, 201.7, 95.9)
(8.2, 204.5, 94.7)
(5.6, 205.3, 93.8)
(5.6, 205.3, 93.8)
(1.7, 206.5, 91.4)
(359.2, 208.7, 88.8)
(359.5, 209.7, 85.7)
    
(16.9, 191.8, 96.6)
(16.9, 191.8, 96.6)
(15.1, 195.6, 96.0)
(10.7, 196.8, 93.5)
(5.2, 197.4, 90.6)
(2.1, 199.3, 88.9)
(2.1, 199.3, 88.9)
(2.1, 202.8, 87.8)
(2.5, 206.5, 86.6)
(1.8, 209.6, 85.3)
    
(16.6, 182.0, 99.2)
(10.9, 186.2, 99.9)
(6.6, 188.5, 99.1)
(6.6, 188.5, 99.1)
(3.9, 190.7, 97.5)
(2.5, 193.0, 95.9)
(0.6, 195.3, 94.2)
(358.5, 198.2, 93.0)
(358.5, 198.2, 93.0)
(356.3, 201.5, 92.7)
    
(19.4, 177.0, 95.7)
(14.3, 181.3, 94.8)
(10.7, 187.0, 95.6)
(10.7, 192.7, 98.1)
(10.9, 195.7, 99.5)
(10.9, 195.7, 99.5)
(7.5, 196.3, 97.8)
(5.3, 197.9, 95.0)
(5.1, 200.0, 93.3)
(5.5, 202.1, 92.6)
    
(23.6, 179.7, 93.6)
(17.0, 182.2, 92.8)
(9.4, 184.5, 92.7)
(9.0, 190.1, 94.5)
(9.0, 190.1, 94.5)
(11.5, 196.8, 96.4)
(12.3, 200.9, 96.6)
(9.2, 201.9, 94.8)
(3.1, 201.6, 92.4)
(3.1, 201.6, 92.4)
    
(18.6, 185.5, 94.9)
(13.9, 192.8, 98.0)
(8.9, 198.5, 98.5)
(5.9, 203.0, 94.2)
(3.7, 207.4, 88.0)
(3.7, 207.4, 88.0)
(1.3, 211.8, 84.5)
(358.1, 216.9, 82.8)
(357.1, 220.8, 81.6)
(357.3, 222.5, 79.4)
    
(14.0, 179.2, 93.1)
(12.4, 183.2, 92.8)
(11.3, 186.0, 91.2)
(9.4, 187.8, 89.4)
(7.6, 189.4, 88.4)
(7.6, 189.4, 88.4)
(5.2, 192.0, 88.1)
(4.0, 195.3, 87.8)
(4.5, 197.8, 87.6)
(4.5, 197.8, 87.6)
    
(18.7, 175.7, 96.6)
(15.3, 180.1, 96.7)
(14.2, 185.5, 98.3)
(14.2, 185.5, 98.3)
(13.7, 189.6, 98.6)
(12.3, 191.9, 97.2)
(7.4, 192.0, 93.5)
(4.3, 193.1, 91.2)
(4.3, 193.1, 91.2)
(2.1, 195.2, 89.8)
    
(23.3, 174.9, 92.8)
(19.0, 182.8, 92.4)
(13.6, 189.0, 92.2)
(9.5, 193.5, 91.6)
(9.5, 193.5, 91.6)
(6.3, 197.9, 90.8)
(4.0, 201.4, 89.4)
(357.7, 204.1, 88.2)
(351.4, 207.3, 88.2)
(351.4, 207.3, 88.2)
    
(12.5, 182.2, 90.1)
(10.2, 189.1, 90.5)
(8.6, 193.0, 90.4)
(5.7, 194.6, 89.5)
(2.3, 196.5, 87.8)
(2.3, 196.5, 87.8)
(359.5, 200.1, 86.1)
(357.3, 206.2, 85.9)
(357.2, 210.4, 85.5)
(357.2, 210.4, 85.5)
    
(14.2, 184.3, 94.5)
(11.7, 187.6, 94.4)
(11.0, 190.3, 94.4)
(10.0, 192.5, 94.5)
(10.0, 192.5, 94.5)
(8.8, 194.6, 94.1)
(6.7, 196.9, 92.7)
(3.3, 199.2, 90.7)
(0.5, 201.2, 88.8)
(0.5, 201.2, 88.8)
    
(16.4, 184.8, 96.2)
(10.8, 185.5, 94.2)
(10.8, 185.5, 94.2)
(6.5, 187.2, 92.1)
(5.2, 191.7, 92.4)
(5.2, 197.3, 93.2)
(5.1, 202.6, 93.2)
(5.1, 202.6, 93.2)
(3.5, 205.7, 92.5)
(1.0, 207.3, 91.0)
    
(7.2, 188.7, 97.4)
(7.2, 188.7, 97.4)
(5.0, 195.2, 99.5)
(3.5, 198.5, 99.2)
(1.2, 199.7, 96.6)
(359.3, 201.0, 93.5)
(359.3, 201.0, 93.5)
(357.4, 203.3, 91.5)
(355.9, 206.5, 91.0)
(355.8, 209.0, 90.5)
    
(23.6, 173.7, 96.3)
(20.6, 182.5, 98.5)
(15.7, 187.1, 97.4)
(10.3, 190.1, 95.2)
(10.3, 190.1, 95.2)
(6.4, 192.2, 93.1)
(4.8, 194.5, 91.8)
(4.7, 197.2, 90.4)
(5.5, 199.7, 89.1)
(5.5, 199.7, 89.1)
    
(12.7, 178.8, 87.5)
(11.4, 187.0, 92.3)
(13.7, 193.5, 94.1)
(14.9, 197.2, 93.3)
(14.9, 197.2, 93.3)
(11.8, 197.7, 89.6)
(4.2, 197.2, 84.4)
(359.5, 198.6, 82.3)
(357.2, 201.4, 81.9)
(357.2, 201.4, 81.9)
    
(7.2, 183.5, 87.3)
(7.7, 186.2, 88.2)
(7.7, 186.2, 88.2)
(8.9, 189.2, 88.8)
(7.0, 192.1, 88.0)
(3.5, 194.3, 86.8)
(0.3, 196.3, 85.0)
(0.3, 196.3, 85.0)
(359.3, 197.9, 83.4)
(359.4, 199.4, 82.5)
    
(19.3, 176.0, 93.3)
(16.0, 183.0, 95.7)
(14.4, 188.3, 95.1)
(14.4, 188.3, 95.1)
(14.9, 190.4, 91.8)
(12.8, 190.2, 87.2)
(8.7, 192.3, 86.6)
(3.1, 195.9, 87.3)
(3.1, 195.9, 87.3)
(1.0, 199.9, 87.1)
    
(19.4, 184.8, 89.0)
(14.7, 190.3, 88.8)
(10.3, 194.6, 88.7)
(7.9, 198.3, 88.9)
(7.9, 198.3, 88.9)
(7.8, 201.6, 87.6)
(6.9, 204.0, 84.3)
(4.3, 206.3, 80.7)
(1.1, 209.2, 78.8)
(1.1, 209.2, 78.8)
    
(15.9, 184.5, 94.9)
(15.9, 184.5, 94.9)
(14.5, 188.3, 95.1)
(12.9, 190.1, 93.5)
(10.7, 191.3, 91.3)
(8.2, 193.3, 90.5)
(8.2, 193.3, 90.5)
(6.0, 196.4, 90.6)
(4.7, 199.6, 89.6)
(4.5, 201.2, 87.3)
    
(17.0, 176.0, 91.7)
(12.6, 179.4, 92.1)
(11.0, 183.4, 93.0)
(11.0, 188.6, 94.6)
(9.3, 191.7, 93.7)
(9.3, 191.7, 93.7)
(5.8, 193.5, 91.2)
(0.3, 195.4, 89.0)
(357.6, 197.9, 88.2)
(357.6, 197.9, 88.2)
    
(21.3, 174.7, 93.3)
(19.2, 181.9, 94.2)
(16.0, 186.6, 93.7)
(16.0, 186.6, 93.7)
(12.3, 189.2, 91.7)
(8.5, 190.7, 89.4)
(5.9, 193.0, 88.7)
(4.0, 196.6, 89.0)
(4.0, 196.6, 89.0)
(2.3, 201.6, 89.2)
    
(9.8, 182.6, 91.9)
(6.2, 187.1, 93.6)
(4.0, 193.2, 92.6)
(4.0, 193.2, 92.6)
(2.8, 198.0, 88.7)
(359.9, 198.6, 84.0)
(356.0, 198.9, 80.4)
(351.4, 199.9, 78.8)
(351.4, 199.9, 78.8)
(351.1, 202.7, 77.5)
    
(18.6, 169.1, 94.0)
(14.6, 173.6, 93.4)
(11.4, 177.1, 93.6)
(11.4, 177.1, 93.6)
(8.7, 180.6, 94.3)
(7.4, 183.5, 94.8)
(7.2, 186.1, 94.7)
(6.7, 186.9, 92.9)
(6.7, 186.9, 92.9)
(5.3, 187.1, 90.7)
    
(16.9, 183.3, 97.7)
(13.5, 187.4, 95.9)
(9.1, 189.7, 92.8)
(9.1, 189.7, 92.8)
(6.2, 191.5, 90.7)
(4.6, 193.9, 91.5)
(3.7, 198.1, 92.6)
(3.2, 203.8, 90.9)
(3.2, 203.8, 90.9)
(1.5, 205.9, 88.0)
    
(15.6, 180.2, 99.5)
(15.6, 180.2, 99.5)
(9.4, 180.9, 99.4)
(7.0, 183.7, 99.0)
(6.0, 190.7, 98.7)
(5.9, 197.4, 97.3)
(5.9, 197.4, 97.3)
(2.5, 200.2, 94.4)
(355.3, 201.5, 91.6)
(350.6, 203.0, 90.2)
    
(20.5, 178.2, 100.6)
(17.1, 184.5, 101.8)
(12.4, 187.9, 102.4)
(8.5, 189.0, 101.0)
(8.5, 189.0, 101.0)
(6.1, 190.2, 98.4)
(5.3, 191.9, 95.7)
(3.3, 194.7, 94.3)
(1.1, 196.8, 94.1)
(1.1, 196.8, 94.1)
    
(24.8, 177.8, 97.9)
(15.6, 179.3, 97.4)
(15.6, 179.3, 97.4)
(8.3, 183.6, 95.3)
(3.2, 190.0, 94.4)
(3.9, 195.1, 94.6)
(5.0, 199.5, 94.6)
(2.7, 200.5, 92.6)
(2.7, 200.5, 92.6)
(358.3, 200.6, 90.2)
    
(13.8, 181.9, 95.9)
(8.1, 186.6, 95.7)
(8.1, 186.6, 95.7)
(5.7, 192.7, 96.3)
(6.8, 199.3, 96.4)
(5.5, 203.1, 95.1)
(1.1, 203.4, 92.0)
(1.1, 203.4, 92.0)
(356.1, 203.5, 89.3)
(352.4, 204.5, 88.0)
    
(19.3, 169.0, 95.6)
(20.8, 176.2, 105.4)
(17.7, 181.5, 106.3)
(11.6, 186.5, 101.3)
(11.6, 186.5, 101.3)
(6.1, 190.9, 96.9)
(1.4, 196.0, 94.3)
(360.0, 200.0, 93.4)
(0.8, 201.7, 92.4)
(0.8, 201.7, 92.4)
    
(17.5, 176.4, 96.9)
(16.7, 185.6, 100.2)
(15.4, 192.7, 101.8)
(13.0, 194.8, 100.0)
(13.0, 194.8, 100.0)
(9.0, 194.6, 96.1)
(4.3, 195.1, 94.0)
(1.3, 197.5, 93.6)
(1.3, 197.5, 93.6)
(2.0, 201.1, 93.8)
    
(14.7, 177.1, 92.9)
(7.9, 180.6, 91.7)
(7.9, 180.6, 91.7)
(4.7, 184.3, 92.3)
(5.5, 189.0, 93.9)
(6.5, 193.3, 95.1)
(5.1, 194.8, 93.4)
(5.1, 194.8, 93.4)
(1.7, 194.9, 90.1)
(357.9, 194.9, 86.9)
    
(14.3, 178.1, 93.4)
(11.3, 181.1, 95.6)
(10.6, 186.3, 96.5)
(9.2, 192.1, 96.3)
(9.2, 192.1, 96.3)
(6.7, 195.6, 95.1)
(3.4, 196.9, 92.9)
(358.9, 197.3, 90.7)
(356.9, 199.0, 89.5)
(356.9, 199.0, 89.5)
    
(22.1, 178.9, 94.8)
(18.3, 181.5, 96.1)
(14.6, 183.4, 98.5)
(14.6, 183.4, 98.5)
(12.8, 186.6, 98.4)
(11.0, 190.7, 95.3)
(7.4, 193.5, 91.2)
(7.4, 193.5, 91.2)
(4.2, 195.2, 88.5)
(2.6, 197.4, 87.0)
    
(18.4, 178.8, 97.2)
(14.9, 185.0, 97.5)
(14.9, 185.0, 97.5)
(7.3, 188.3, 95.0)
(2.5, 191.0, 92.6)
(1.0, 194.4, 89.5)
(1.0, 194.4, 89.5)
(2.4, 198.2, 87.6)
(2.8, 200.8, 86.7)
(0.6, 202.1, 85.4)
    
(17.5, 175.7, 90.2)
(14.7, 180.0, 91.1)
(12.4, 184.9, 92.0)
(10.9, 190.8, 93.2)
(10.0, 193.9, 92.1)
(10.0, 193.9, 92.1)
(7.1, 194.4, 89.9)
(3.1, 194.9, 88.2)
(0.6, 196.6, 87.3)
(0.9, 199.5, 86.3)
    
(19.3, 172.4, 92.2)
(17.5, 176.1, 92.9)
(12.8, 177.6, 94.7)
(12.8, 177.6, 94.7)
(7.7, 179.9, 96.9)
(5.8, 186.8, 95.9)
(4.6, 194.3, 94.8)
(3.1, 198.2, 93.5)
(3.1, 198.2, 93.5)
(0.7, 199.6, 90.8)
    
(15.0, 176.4, 93.7)
(14.5, 181.0, 95.4)
(9.9, 184.6, 92.8)
(4.5, 187.8, 89.5)
(359.7, 191.4, 88.4)
(359.7, 191.4, 88.4)
(357.4, 195.5, 90.6)
(357.7, 199.5, 91.9)
(357.6, 201.7, 89.8)
(355.7, 203.0, 85.7)
    
(14.1, 175.3, 81.6)
(12.7, 182.5, 84.8)
(9.3, 187.6, 84.0)
(4.6, 191.5, 82.3)
(4.6, 191.5, 82.3)
(359.8, 194.6, 81.0)
(355.0, 198.3, 80.7)
(352.9, 201.4, 80.8)
(353.2, 202.9, 80.1)
(353.2, 202.9, 80.1)
    
(19.7, 177.9, 87.0)
(12.5, 179.7, 85.4)
(9.5, 184.0, 87.3)
(9.5, 184.0, 87.3)
(9.8, 191.1, 90.5)
(9.1, 196.9, 91.1)
(3.8, 199.4, 88.3)
(357.4, 200.7, 84.4)
(357.4, 200.7, 84.4)
(355.4, 202.2, 81.5)
    
(12.7, 174.5, 91.2)
(11.2, 177.5, 95.6)
(11.2, 177.5, 95.6)
(12.4, 184.2, 100.2)
(9.8, 189.6, 98.6)
(4.1, 193.7, 96.1)
(355.6, 193.8, 91.9)
(355.6, 193.8, 91.9)
(353.9, 193.4, 89.2)
(355.8, 194.8, 89.3)
    
(16.5, 178.2, 91.0)
(15.3, 184.7, 90.1)
(10.0, 187.6, 87.2)
(4.7, 189.1, 85.4)
(4.7, 189.1, 85.4)
(360.0, 191.5, 84.9)
(359.9, 195.9, 85.4)
(2.4, 200.2, 85.9)
(1.3, 202.6, 85.0)
(1.3, 202.6, 85.0)
    
(8.4, 174.8, 85.3)
(5.1, 183.1, 89.4)
(4.0, 188.8, 91.0)
(4.0, 188.8, 91.0)
(2.7, 192.7, 90.9)
(359.0, 194.3, 89.0)
(354.5, 196.1, 87.3)
(350.5, 199.4, 86.2)
(350.5, 199.4, 86.2)
(352.1, 202.6, 85.3)
    
(10.1, 173.9, 80.9)
(6.4, 180.1, 80.9)
(5.5, 186.2, 82.2)
(5.1, 191.1, 84.1)
(2.9, 191.3, 83.1)
(2.9, 191.3, 83.1)
(358.7, 190.7, 78.8)
(355.4, 192.0, 75.5)
(353.9, 195.1, 74.6)
(354.4, 198.1, 74.9)
    
(19.6, 177.2, 92.1)
(11.6, 182.9, 90.8)
(7.8, 190.3, 93.1)
(6.9, 196.8, 96.3)
(6.9, 196.8, 96.3)
(6.7, 202.1, 96.2)
(3.7, 202.9, 92.2)
(357.2, 201.6, 86.1)
(352.3, 201.8, 81.8)
(352.3, 201.8, 81.8)
    
(20.2, 181.2, 99.3)
(9.2, 184.9, 94.8)
(0.2, 191.1, 90.2)
(354.2, 199.1, 86.3)
(358.1, 203.6, 84.1)
(358.1, 203.6, 84.1)
(0.4, 205.1, 82.8)
(357.4, 206.3, 81.3)
(353.1, 208.7, 77.7)
(350.4, 212.3, 73.1)
    
(16.8, 175.5, 80.3)
(12.2, 180.5, 80.6)
(10.5, 187.1, 82.8)
(10.5, 187.1, 82.8)
(9.1, 192.9, 85.1)
(5.6, 196.4, 86.2)
(358.6, 196.6, 82.3)
(352.8, 197.1, 78.4)
(352.8, 197.1, 78.4)
(350.4, 199.3, 76.0)
    
(12.5, 178.6, 88.3)
(12.5, 186.2, 89.9)
(12.5, 186.2, 89.9)
(10.1, 191.0, 89.3)
(4.3, 193.6, 87.4)
(355.0, 196.8, 85.2)
(355.0, 196.8, 85.2)
(354.2, 199.9, 83.7)
(357.6, 202.9, 83.4)
(358.4, 204.3, 82.0)
    
(12.9, 182.1, 90.6)
(7.3, 190.2, 94.0)
(6.4, 200.1, 93.1)
(5.8, 203.8, 90.3)
(5.8, 203.8, 90.3)
(359.8, 204.2, 86.0)
(350.8, 205.6, 81.6)
(347.8, 208.5, 77.1)
(352.7, 210.0, 74.2)
(352.7, 210.0, 74.2)
    
(11.0, 178.3, 91.5)
(11.0, 178.3, 91.5)
(6.8, 181.3, 90.0)
(0.9, 183.9, 89.0)
(356.3, 186.5, 88.3)
(357.4, 189.3, 87.8)
(357.4, 189.3, 87.8)
(0.5, 193.0, 88.0)
(359.5, 196.2, 87.9)
(353.9, 198.8, 86.1)
    
(15.2, 169.9, 87.8)
(15.2, 169.9, 87.8)
(9.9, 173.8, 86.8)
(8.4, 179.0, 88.6)
(10.3, 184.5, 90.3)
(10.5, 188.0, 90.2)
(10.5, 188.0, 90.2)
(6.0, 189.3, 88.3)
(358.8, 189.8, 85.4)
(357.6, 192.0, 84.2)
    
(22.1, 177.6, 83.2)
(18.1, 179.7, 83.0)
(16.1, 182.9, 83.4)
(14.6, 188.0, 85.2)
(12.8, 192.0, 85.6)
(12.8, 192.0, 85.6)
(9.3, 193.5, 82.6)
(4.9, 193.2, 78.5)
(1.9, 192.7, 76.3)
(1.1, 193.8, 76.2)
    
(16.2, 176.2, 86.7)
(16.2, 176.2, 86.7)
(15.0, 184.0, 89.5)
(11.5, 189.2, 91.0)
(6.4, 191.6, 89.8)
(0.0, 193.5, 87.5)
(0.0, 193.5, 87.5)
(356.1, 197.4, 84.5)
(356.5, 201.6, 82.9)
(358.7, 204.9, 81.8)
    
(13.9, 175.5, 88.6)
(10.5, 181.3, 91.2)
(9.4, 186.9, 92.4)
(9.4, 186.9, 92.4)
(9.7, 193.3, 93.4)
(6.4, 196.0, 92.1)
(1.4, 197.0, 89.9)
(354.9, 197.5, 88.6)
(354.9, 197.5, 88.6)
(350.6, 199.3, 88.2)
    
(16.2, 179.0, 95.4)
(14.6, 184.1, 99.1)
(10.9, 187.3, 99.9)
(10.9, 187.3, 99.9)
(6.8, 190.6, 97.6)
(3.9, 194.7, 94.0)
(0.4, 198.3, 92.1)
(356.5, 200.6, 90.7)
(356.5, 200.6, 90.7)
(353.0, 200.6, 89.0)
    
(10.3, 175.8, 99.0)
(10.6, 179.5, 97.3)
(11.2, 184.5, 94.8)
(8.5, 187.3, 93.9)
(8.5, 187.3, 93.9)
(4.7, 189.9, 93.6)
(359.4, 192.9, 93.3)
(356.6, 195.2, 91.8)
(356.8, 196.8, 89.5)
(357.8, 197.3, 87.1)
    
(16.7, 181.4, 96.7)
(15.7, 185.0, 97.4)
(13.0, 187.9, 94.8)
(9.3, 192.4, 92.8)
(9.3, 192.4, 92.8)
(5.5, 197.7, 92.4)
(1.6, 202.9, 92.5)
(359.3, 204.7, 90.3)
(357.7, 203.9, 86.2)
(357.7, 203.9, 86.2)
    
(20.1, 172.5, 92.4)
(20.1, 179.7, 97.6)
(17.8, 187.4, 95.8)
(17.8, 187.4, 95.8)
(10.1, 190.2, 91.4)
(4.6, 192.8, 87.8)
(2.9, 196.3, 85.6)
(3.4, 199.4, 85.3)
(3.4, 199.4, 85.3)
(3.2, 202.0, 86.1)
    
(19.0, 175.8, 92.9)
(19.1, 182.8, 96.6)
(18.3, 189.9, 99.5)
(14.0, 192.5, 98.0)
(6.1, 192.0, 94.4)
(6.1, 192.0, 94.4)
(359.2, 192.1, 92.0)
(355.5, 194.4, 92.0)
(358.2, 199.0, 92.8)
(2.3, 202.5, 92.8)
    
(8.7, 166.8, 75.8)
(8.2, 172.0, 79.2)
(10.5, 177.1, 84.1)
(10.5, 177.1, 84.1)
(11.6, 181.1, 88.3)
(9.3, 182.4, 87.6)
(4.7, 183.3, 84.6)
(0.9, 186.2, 82.3)
(0.9, 186.2, 82.3)
(0.5, 188.2, 81.6)
    
(22.4, 178.8, 99.0)
(19.1, 183.5, 99.5)
(15.8, 187.2, 99.0)
(15.8, 187.2, 99.0)
(12.0, 190.3, 98.5)
(10.0, 193.0, 98.3)
(9.9, 194.7, 97.9)
(8.3, 194.7, 95.2)
(8.3, 194.7, 95.2)
(6.2, 194.2, 91.7)
    
(12.6, 181.2, 95.3)
(11.7, 184.8, 96.3)
(12.6, 189.0, 95.2)
(10.8, 191.2, 92.4)
(5.8, 192.1, 89.4)
(5.8, 192.1, 89.4)
(0.8, 193.0, 87.4)
(358.8, 194.6, 86.9)
(0.5, 196.1, 86.5)
(2.6, 196.7, 85.4)
    
(13.7, 177.7, 95.1)
(7.6, 186.6, 97.4)
(7.7, 192.4, 97.2)
(9.9, 197.0, 96.2)
(7.7, 197.6, 93.7)
(7.7, 197.6, 93.7)
(2.4, 197.2, 90.9)
(356.5, 197.7, 87.5)
(354.0, 199.4, 83.9)
(354.0, 199.4, 83.9)
    
(17.1, 181.5, 93.1)
(12.9, 185.7, 91.9)
(12.9, 185.7, 91.9)
(9.5, 190.3, 92.6)
(7.2, 192.3, 94.1)
(5.3, 192.2, 95.1)
(4.0, 191.7, 90.8)
(4.0, 191.7, 90.8)
(3.4, 191.8, 85.3)
(2.7, 193.4, 82.8)
    
(14.9, 181.9, 95.0)
(11.2, 185.4, 97.0)
(11.2, 185.4, 97.0)
(11.9, 191.8, 95.6)
(14.5, 196.0, 92.4)
(14.1, 197.5, 88.6)
(6.9, 197.2, 86.4)
(6.9, 197.2, 86.4)
(360.0, 197.8, 85.6)
(357.3, 199.5, 85.2)
    
(18.7, 173.8, 89.3)
(16.4, 177.2, 91.0)
(17.3, 181.7, 93.6)
(17.3, 181.7, 93.6)
(17.3, 185.7, 96.5)
(14.3, 187.4, 96.9)
(9.8, 187.5, 94.5)
(6.7, 187.4, 91.2)
(6.7, 187.4, 91.2)
(5.9, 187.2, 88.6)
    
(22.2, 181.1, 91.8)
(20.3, 185.2, 93.0)
(15.9, 187.2, 93.1)
(15.9, 187.2, 93.1)
(11.4, 187.7, 91.2)
(10.0, 188.4, 88.5)
(11.4, 188.9, 86.9)
(10.4, 189.0, 85.9)
(10.4, 189.0, 85.9)
(7.0, 189.1, 84.6)
    
(12.9, 181.2, 96.5)
(14.9, 183.0, 96.4)
(19.7, 185.5, 95.8)
(16.5, 186.5, 94.4)
(8.1, 187.4, 92.6)
(8.1, 187.4, 92.6)
(3.4, 188.2, 90.0)
(4.3, 188.7, 88.4)
(7.4, 188.8, 87.5)
(8.7, 188.4, 86.5)
    
(19.7, 176.9, 91.5)
(13.2, 177.9, 89.2)
(10.0, 181.4, 87.9)
(10.8, 186.5, 88.2)
(11.9, 189.5, 88.5)
(11.9, 189.5, 88.5)
(10.6, 190.0, 87.5)
(4.8, 189.1, 85.3)
(359.2, 189.7, 82.7)
(359.0, 192.0, 80.8)
    
(27.7, 183.1, 101.2)
(24.4, 187.7, 101.3)
(13.8, 185.6, 98.1)
(5.7, 184.5, 97.1)
(5.7, 184.5, 97.1)
(3.3, 186.5, 97.0)
(7.9, 190.8, 96.0)
(11.5, 193.9, 94.5)
(11.5, 193.9, 94.5)
(7.3, 193.9, 91.0)
    
(27.0, 174.7, 93.4)
(26.5, 179.4, 94.2)
(23.7, 181.4, 93.0)
(17.5, 181.4, 90.8)
(9.1, 181.7, 89.7)
(9.1, 181.7, 89.7)
(5.3, 183.6, 90.1)
(7.0, 187.0, 90.5)
(10.9, 189.9, 90.3)
(12.4, 190.3, 89.0)
    
(22.1, 176.2, 92.8)
(13.1, 180.2, 94.2)
(8.2, 186.3, 96.7)
(7.4, 193.9, 99.9)
(7.5, 195.7, 98.9)
(7.5, 195.7, 98.9)
(4.8, 195.2, 96.4)
(358.2, 194.9, 94.1)
(354.2, 196.7, 91.9)
(353.4, 199.6, 89.2)
    
(20.9, 179.2, 96.6)
(18.5, 181.8, 96.5)
(16.9, 184.7, 95.0)
(16.9, 184.7, 95.0)
(14.7, 185.9, 92.0)
(9.8, 186.6, 89.2)
(4.6, 187.7, 87.6)
(3.3, 190.8, 88.4)
(5.9, 194.7, 89.5)
(5.9, 194.7, 89.5)
    
(20.7, 178.1, 93.6)
(16.8, 182.8, 98.8)
(16.8, 182.8, 98.8)
(14.9, 187.8, 99.8)
(14.2, 191.1, 97.5)
(13.6, 192.0, 93.0)
(10.0, 192.6, 88.6)
(10.0, 192.6, 88.6)
(4.6, 193.9, 88.3)
(2.7, 195.6, 89.0)
    
(16.9, 174.7, 98.5)
(16.7, 180.3, 103.1)
(14.4, 184.6, 100.0)
(10.3, 186.5, 95.7)
(10.3, 186.5, 95.7)
(7.9, 189.5, 92.5)
(7.2, 193.5, 91.4)
(8.0, 197.3, 91.8)
(8.5, 198.2, 91.7)
(8.5, 198.2, 91.7)
    
(17.8, 177.9, 93.6)
(19.1, 181.6, 95.0)
(18.6, 183.8, 94.7)
(15.1, 184.2, 93.7)
(15.1, 184.2, 93.7)
(8.5, 184.4, 91.7)
(5.4, 186.0, 90.1)
(5.1, 188.5, 89.1)
(7.9, 190.2, 88.4)
(7.9, 190.2, 88.4)
    
(15.8, 186.1, 95.6)
(12.9, 187.4, 94.8)
(12.9, 187.4, 94.8)
(10.9, 190.1, 95.8)
(11.7, 194.6, 97.1)
(12.2, 197.7, 96.2)
(8.7, 197.6, 92.8)
(8.7, 197.6, 92.8)
(2.8, 196.9, 89.4)
(0.1, 197.7, 87.8)
    
(10.1, 172.2, 91.7)
(7.0, 174.6, 93.9)
(8.2, 178.8, 97.7)
(11.7, 183.5, 99.7)
(11.7, 183.5, 99.7)
(10.6, 185.5, 96.1)
(5.8, 184.9, 90.4)
(1.6, 185.8, 86.8)
(358.3, 188.4, 85.6)
(358.3, 188.4, 85.6)
    
(15.6, 180.6, 98.1)
(12.9, 184.0, 98.8)
(11.8, 187.9, 98.8)
(11.8, 187.9, 98.8)
(11.5, 189.3, 96.0)
(7.8, 189.1, 93.0)
(2.7, 189.5, 92.4)
(358.1, 191.7, 92.7)
(358.1, 191.7, 92.7)
(357.5, 194.8, 90.2)
    
(17.1, 183.1, 92.2)
(17.1, 183.1, 92.2)
(11.9, 184.9, 91.1)
(9.4, 187.4, 91.0)
(10.4, 190.6, 91.4)
(11.2, 193.1, 90.9)
(11.2, 193.1, 90.9)
(8.4, 193.7, 88.1)
(5.1, 193.7, 84.7)
(2.0, 194.4, 81.8)
    
(19.5, 179.4, 95.1)
(19.3, 180.5, 93.6)
(17.9, 181.4, 91.7)
(17.9, 181.4, 91.7)
(13.7, 182.9, 90.1)
(9.5, 186.0, 89.8)
(7.4, 189.8, 90.1)
(9.5, 193.6, 90.5)
(9.5, 193.6, 90.5)
(11.1, 194.4, 89.3)
    
(13.6, 181.1, 94.5)
(13.4, 186.0, 96.4)
(14.3, 188.7, 95.3)
(14.3, 188.7, 95.3)
(13.4, 189.0, 92.4)
(9.9, 189.0, 88.9)
(6.8, 190.4, 87.3)
(6.0, 192.7, 87.6)
(6.0, 192.7, 87.6)
(6.5, 194.5, 88.0)
    
(9.0, 179.3, 96.1)
(7.0, 181.6, 95.4)
(7.0, 181.6, 95.4)
(9.7, 184.3, 94.8)
(11.5, 186.6, 94.2)
(8.7, 188.0, 93.1)
(3.0, 189.5, 92.0)
(3.0, 189.5, 92.0)
(0.9, 190.1, 91.0)
(1.6, 190.5, 90.0)
    
(20.8, 180.3, 95.7)
(18.1, 183.5, 94.7)
(12.1, 186.0, 93.1)
(5.7, 188.1, 91.3)
(5.7, 188.1, 91.3)
(4.1, 190.4, 89.8)
(5.4, 192.5, 88.9)
(7.0, 194.0, 88.0)
(7.4, 195.1, 87.0)
(7.4, 195.1, 87.0)
    
(22.8, 177.6, 90.5)
(17.9, 181.5, 91.5)
(10.0, 184.8, 91.2)
(3.6, 189.0, 90.2)
(3.6, 189.0, 90.2)
(1.7, 193.1, 87.9)
(2.4, 195.4, 85.6)
(1.9, 195.8, 83.6)
(0.0, 195.6, 81.5)
(0.0, 195.6, 81.5)
    
(14.4, 174.4, 88.0)
(9.4, 178.6, 89.2)
(10.2, 185.6, 91.8)
(10.2, 185.6, 91.8)
(13.2, 191.3, 92.6)
(13.7, 194.2, 91.6)
(8.2, 193.3, 87.7)
(1.4, 192.7, 84.0)
(1.4, 192.7, 84.0)
(357.7, 194.3, 82.1)
    
(22.9, 172.0, 87.1)
(18.2, 179.9, 88.7)
(12.1, 184.3, 88.5)
(7.8, 188.6, 88.4)
(7.4, 191.9, 88.6)
(7.4, 191.9, 88.6)
(7.2, 194.0, 87.1)
(4.4, 194.6, 84.2)
(0.2, 194.9, 80.8)
(358.1, 195.4, 77.7)
    
(24.0, 174.6, 96.8)
(17.3, 177.4, 95.3)
(14.4, 181.1, 96.0)
(14.4, 181.1, 96.0)
(15.6, 184.4, 97.2)
(16.6, 186.7, 97.2)
(14.6, 187.2, 94.8)
(8.6, 187.0, 91.9)
(8.6, 187.0, 91.9)
(2.2, 187.9, 89.9)
    
(17.6, 173.1, 99.0)
(12.2, 177.8, 101.1)
(9.2, 184.1, 100.9)
(8.9, 187.9, 98.5)
(7.4, 188.2, 93.9)
(7.4, 188.2, 93.9)
(3.5, 188.1, 90.6)
(359.4, 188.2, 89.2)
(359.3, 189.8, 89.8)
(2.4, 191.7, 89.5)
    
(21.8, 178.3, 101.0)
(22.2, 182.8, 103.9)
(22.6, 186.0, 103.8)
(22.6, 186.0, 103.8)
(18.1, 187.4, 100.0)
(13.1, 188.7, 95.7)
(7.7, 190.0, 92.3)
(5.6, 192.3, 90.9)
(5.6, 192.3, 90.9)
(7.9, 194.9, 90.1)
    
/n
