    
    
    
    
    
    
    
    
    
0
0.189974
0.1872824
0.1760369
0.1652793
0
0.1529189
0.1168016
0.08596934
    
0.1986305
0.1686138
0
0.1295783
0.1283604
0.08917148
0.07909723
0
0.04017579
    
0.1323842
0.1204066
0.1073102
0
0.09188336
0.07913894
0.05683177
0.04927921
0
    
0.1110262
0.09102441
0.0729501
0.06176617
0
0.05745499
0.05209343
0.04586522
0.04285648
    
0.1356326
0.09797296
0
0.08415612
0.06558906
0.05009257
0.04101704
0
0.03552641
    
0
0.1042989
0.08616038
0.07272498
0.06039678
0
0.05359901
0.0525826
0.04799063
    
0.1368146
0.09821921
0.08824264
0
0.06014332
0.03586994
0.02785941
0.02574225
0
    
0
0.1216344
0.08588853
0.07185592
0.07264438
0
0.05108157
0.04849805
0.03856917
    
0.1052013
0.05850474
0.04590546
0.04566387
0
0.04657274
0.0453564
0.04668704
0.04967198
    
0.1198865
0.07005771
0.05400869
0.04217723
0
0.03876961
0.04403637
0.04700257
0.04888111
    
0.05021201
0
0.04253808
0.04165629
0.04381032
0
0.04429928
0.04228502
0.0408328
    
0.1804845
0.1365182
0.1152158
0
0.08440529
0.05688925
0.04829782
0.04142968
0
    
0.1666975
0.1422924
0
0.1033626
0.06340196
0.03673347
0.02415576
0
0.02689156
    
0.1868945
0
0.1352644
0.1105689
0.07609793
0.03910216
0
0.03992955
0.03647505
    
0.1591302
0.1534876
0
0.1292565
0.09620067
0.08197142
0.07855654
0
0.07351693
    
0
0.198885
0.1426785
0.1361397
0.128896
0
0.1166605
0.09382675
0.07312294
    
0.156065
0.1673242
0.168796
0.1508905
0
0.118145
0.09581785
0.08476394
0.08992843
    
0.1956284
0.1709203
0.1620261
0.1520203
0
0.128149
0.1069841
0.09117158
0.09081217
    
0.2338369
0.1706315
0.1464598
0
0.1170093
0.1108236
0.1069507
0.1060037
0
    
0.1195566
0.1335678
0.1267734
0
0.1216785
0.1205716
0.09794374
0.08079411
0
    
0.2031413
0.2068262
0
0.2077266
0.1677986
0.1659922
0.1458347
0
0.1047627
    
0.1666093
0
0.1453139
0.1544064
0.1338679
0.1354404
0
0.1045692
0.09245298
    
0.09801534
0.09909692
0.08258612
0
0.07079165
0.05671087
0.04920465
0.04854206
0
    
0
0.1155993
0.08000648
0.07471704
0.0692308
0
0.07050508
0.06399979
0.0630542
    
0.0676221
0.05561896
0.03863682
0.03764926
0
0.0321022
0.02714814
0.02569932
0.02733393
    
0.1340153
0.1297756
0
0.1177731
0.09808638
0.07478236
0.06411657
0
0.0533742
    
0.1826105
0.1730053
0.1286924
0
0.08450419
0.06294429
0.0619016
0
0.06683624
    
0.1323517
0.08949496
0
0.05102212
0.04493813
0.04758052
0.04482082
0
0.03752579
    
0.1519939
0.1451728
0.1089342
0.1048987
0
0.08433987
0.07939851
0.06261761
0.0588118
    
0.1402441
0.1327534
0.1045811
0.07807247
0.06097174
0
0.05536679
0.0529481
0.05441845
    
0.1407292
0
0.1290332
0.1098875
0.09524197
0.07590943
0
0.06300279
0.05663251
    
0.1672696
0
0.1442854
0.1351095
0.09364644
0.08803632
0
0.07352376
0.0682682
    
0.1267039
0.1379753
0
0.1250496
0.12151
0.117759
0.1107034
0
0.101326
    
0.1409737
0.1247552
0.1294903
0.1124675
0
0.1084794
0.103693
0.09069234
0
    
0.1564282
0.1535203
0.1427842
0
0.1177837
0.1328017
0.1416832
0
0.1123173
    
0.1409071
0
0.1306263
0.1207112
0.1087015
0
0.09845642
0.08305153
0.06999261
    
0.1745191
0
0.1333334
0.09879869
0.06400032
0.04383294
0
0.03266006
0.03312078
    
0.1474678
0.1108328
0
0.1011583
0.08245742
0.08752481
0.07446662
0
0.06793004
    
0.1298469
0.1162536
0
0.08362862
0.06649285
0.04919704
0.04451393
0
0.04112732
    
0.1185852
0.1000428
0.08811295
0.07651634
0
0.07666493
0.06818696
0.05502952
0.04705538
    
0.1390221
0.1233709
0.103755
0
0.06504113
0.0599783
0.06185476
0.06063561
0
    
0.08984071
0
0.07839804
0.08023386
0.06583069
0.06498346
0
0.0575152
0.05895505
    
0.1647152
0.1228335
0
0.1069437
0.1142042
0.1185133
0.1009662
0
0.07458628
    
0
0.1003312
0.08062829
0.07354303
0.07148994
0
0.06455076
0.06108161
0.05400809
    
0.09796979
0.1067681
0.08867503
0
0.08151653
0.06707289
0.07347574
0.07612308
0
    
0.1324801
0.1209692
0
0.09517125
0.07548524
0.0700116
0.06945413
0
0.06697827
    
0.1605077
0.1587102
0
0.1370731
0.1164015
0.103762
0.09286449
0
0.07750033
    
0
0.1520337
0.1373909
0.1115056
0.09222873
0
0.07424697
0.06064421
0.05636712
    
0.1264753
0.1059895
0.09173664
0.0781462
0
0.08137526
0.07458942
0.07180828
0.06290453
    
0.1058821
0
0.1019496
0.09795432
0.08729742
0.07150107
0
0.06693091
0.06823455
    
0
0.1416777
0.1344781
0.1143143
0.08145415
0
0.07805484
0.07390957
0.07482349
    
0
0.1074779
0.09268872
0.07952724
0.06285171
0
0.05060861
0.04689571
0.04246168
    
0.1029491
0
0.08387812
0.08240654
0.06033413
0.05214071
0
0.04466428
0.04371048
    
0.1640401
0
0.1499941
0.1486377
0.1071915
0.08977973
0
0.0759264
0.03730294
    
0.1025798
0
0.08762336
0.09385584
0.06610654
0.05498637
0
0.04690639
0.046331
    
0
0.09029881
0.07666195
0.06551337
0.05896369
0
0.05124421
0.04989777
0.04727865
    
0.09260809
0.08788663
0
0.0652871
0.0578578
0.05018166
0.04701325
0
0.04476419
    
0.1368118
0
0.09438368
0.0918713
0.09698437
0
0.06228473
0.04950333
0.03339735
    
0.0949125
0
0.06769899
0.06084433
0.05254549
0.05500949
0
0.05644641
0.05289594
    
0.05456742
0.04831005
0.04839132
0.04545279
0
0.04523509
0.0442948
0.04230518
0.04041908
    
0.1027808
0
0.08226614
0.07205023
0.0607726
0.0628145
0
0.0543658
0.04524483
    
0
0.1400577
0.1345318
0.0955407
0
0.08650432
0.08101191
0.06810866
0.06344728
    
0.1264845
0.1301606
0.1024715
0
0.09335934
0.08102845
0.06869466
0.06382316
0
    
0.1654005
0.148205
0
0.1290054
0.1160985
0.1080412
0.07730691
0
0.07127281
    
0.1314103
0.11134
0.1039868
0.09286693
0
0.07806782
0.07685591
0.0721228
0.07506681
    
0
0.1441094
0.1299241
0.1170694
0.1101733
0
0.1019544
0.08560016
0.06910977
    
0.1579237
0.1278294
0.1171279
0.0936901
0
0.08199131
0.07651681
0.07231104
0.069471
    
0
0.1773665
0.1566053
0.1183473
0.1104027
0
0.08365826
0.08131775
0.05478883
    
0.1582846
0.1286457
0.1147772
0.1271415
0
0.1163703
0.110257
0.08874459
0.06925255
    
0.1466302
0.1580501
0
0.1264254
0.1171556
0.09384996
0.09718217
0
0.07481856
    
0.1222531
0.1354377
0.1196758
0
0.1150637
0.09670588
0.07551742
0.0668422
0
    
0.1711791
0.156044
0.1475759
0
0.1344774
0.1232442
0.109125
0.1132006
0
    
0.151994
0
0.1345654
0.1317249
0.1307047
0.1136222
0
0.1089697
0.09237365
    
0.1295462
0.1218859
0.1232294
0
0.1219473
0.1119662
0.09167702
0.06309957
0
    
0.1705126
0.1303149
0.1126593
0.08817287
0
0.07511616
0.07011893
0.0629452
0
    
0.1764583
0.1692984
0.1614589
0
0.1498921
0.1314951
0.1072437
0.08326171
0
    
0
0.1324268
0.1290179
0.1008806
0.08091955
0
0.08405275
0.08477396
0.07160746
    
0.1515859
0.1351729
0.1126994
0
0.1115154
0.1002413
0.1020857
0.08309416
0
    
0.117084
0.1019551
0
0.08955843
0.07749763
0.06686214
0.05004824
0
0.04360488
    
0.1276815
0
0.1198668
0.1137348
0.1114069
0.1033867
0
0.08643313
0.07079194
    
0.1660412
0.1483398
0.1379692
0
0.1321146
0.09738209
0.081333
0.07016687
0
    
/n
0.1789874
0.1525738
0
0.1473044
0.1255479
0.0939409
0.07009519
0
0.06510835
    
0.2410178
0.1746412
0.1387479
0.113856
0
0.1160888
0.1201103
0.1218379
0.1104013
    
0.1944545
0.174383
0
0.1563299
0.1437923
0.1078454
0.09186056
0
0.0858312
    
0.2314638
0.225887
0.2315292
0.1891517
0
0.156485
0.09407268
0.0927802
0.09385036
    
0.2147572
0
0.175462
0.1429978
0.1395044
0.1383305
0
0.136864
0.1141276
    
0.2262889
0.1873899
0.1558275
0.1567475
0
0.1370348
0.1232364
0.1035475
0.0859137
    
0.2363265
0.2164414
0
0.1807779
0.1494766
0.1282932
0
0.1161782
0.1037931
    
0.174549
0.1768867
0.1436443
0
0.1029009
0.09569897
0.09743858
0.09040231
0
    
0.1795382
0.1867053
0.1539085
0.104244
0
0.06951557
0.06112286
0.05856553
0.05134129
    
0.1328078
0
0.1066703
0.100349
0.1018783
0.09684758
0
0.09078248
0.08411349
    
0.1509919
0.1104406
0.09489234
0
0.08789036
0.08666781
0.08572583
0.06999242
0
    
0.1625634
0.1637489
0
0.1383292
0.1439009
0.1090294
0.07335642
0
0.05397459
    
0.1527104
0
0.1288003
0.106603
0.08742391
0.07213122
0
0.07050154
0.06537836
    
0.2052984
0.1915482
0.1385253
0
0.09499934
0.08023067
0.07534976
0.07864353
0
    
0.1439696
0.12658
0.1036702
0.09059755
0
0.07186262
0.06949216
0.05515449
0.05009938
    
0
0.1530957
0.1227102
0.1251657
0.09897957
0
0.08552294
0.06564073
0.05778321
    
0.170063
0.1333713
0
0.1213546
0.1219484
0.1114845
0.0830286
0.0663118
0
    
0.138025
0.1235388
0.1033909
0
0.08975281
0.07586093
0.06725544
0.0627019
0
    
0
0.1477298
0.1348255
0.09465767
0.07883763
0
0.07380745
0.06285556
0.06049032
    
0.1689821
0.1412935
0.1434467
0.1308552
0
0.09891558
0.07794309
0.06327618
0
    
0.1347221
0.1264874
0
0.118797
0.1112687
0.07989738
0.07396837
0
0.0648124
    
0
0.1598417
0.1330342
0.1116305
0.1094884
0
0.1024363
0.08872478
0.07750835
    
0.136235
0.1357044
0.1282039
0.1171142
0
0.1153618
0.08077632
0.0784293
0
    
0.1742948
0
0.1652974
0.142196
0.1139741
0.09461009
0
0.08431442
0.07094125
    
0.1548245
0.1379294
0.1134265
0.09493702
0
0.08377412
0.08711902
0.0747019
0.07105295
    
0.1404822
0.1395461
0.1261609
0
0.1138672
0.09421743
0.07679083
0.06453554
0
    
0.1580407
0.1391584
0
0.1260999
0.1361278
0.09758528
0.07340401
0
0.05013352
    
0.1573398
0.1255518
0.1048275
0.1018189
0
0.09006391
0.09238453
0.07539771
0.06705122
    
0.1472421
0.14044
0
0.1218732
0.1060312
0.09367928
0.08815672
0
0.08259973
    
0.1276665
0.117238
0.1195804
0
0.08740108
0.09727717
0.08929986
0
0.06424002
    
0.1359868
0.144506
0.1316247
0.1215218
0
0.1113381
0.1049014
0.09376208
0.09943098
    
0
0.1472123
0.1347314
0.1093162
0.09533797
0
0.07505551
0.07552085
0.08092396
    
0.145133
0.1247464
0.1233044
0
0.1156045
0.08789203
0.06972577
0.06174144
0
    
0.1486696
0.1289038
0
0.1221723
0.1265041
0.1026742
0.09535066
0
0.06893755
    
0.1502824
0.1349876
0
0.1135599
0.09474149
0.08927258
0.07589722
0
0.06915381
    
0
0.139103
0.1378478
0.1018441
0
0.09787254
0.07786185
0.05564776
0.05134556
    
0.1775309
0.1375585
0.1260017
0
0.09852514
0.09058524
0.07791092
0.06672373
0
    
0.1310089
0.1255944
0.1120872
0
0.09151302
0.08788164
0.07379591
0.07438524
0
    
0.1243043
0.1277587
0
0.1175432
0.09509441
0.06903654
0.04962382
0
0.04124866
    
0.1337324
0.1054093
0.09350131
0
0.07641491
0.06864579
0.06704715
0.06574561
0
    
0.1251644
0
0.1229158
0.1186043
0.1265883
0.09105887
0
0.07878582
0.07152705
    
0.1658925
0.1384687
0.09683774
0
0.0736456
0.0679735
0.06451947
0.05699012
0
    
0
0.1421512
0.0889435
0.08770857
0
0.07952495
0.06977332
0.05262148
0.04172171
    
0.1458406
0
0.1349849
0.1420356
0.1207737
0.09136215
0
0.06782171
0.04982482
    
0.1255873
0.1035231
0.07564871
0.07198355
0
0.06643695
0.05258689
0.05590596
0.05344938
    
0.131954
0.1406763
0
0.1365661
0.1023268
0.08466908
0.05108859
0
0.05239773
    
0.2048552
0.166923
0.120181
0
0.1032552
0.07745229
0.06324984
0.05624568
0
    
0.1588745
0.1246927
0
0.1218653
0.1121646
0.09351996
0.07456366
0
0.060898
    
0.1600504
0.1344179
0.1345195
0
0.103495
0.09947049
0.07638536
0.06530254
0
    
0.1383393
0
0.1059293
0.09121378
0.07333486
0.06427541
0
0.0667356
0.06761313
    
0.164964
0.1360355
0
0.1121899
0.1106948
0.08928265
0.06600465
0
0.05487178
    
0.1606474
0.1199989
0.1029596
0
0.07391872
0.05162968
0.05291962
0.03071065
0
    
0
0.1327409
0.119222
0.09812866
0.076918
0
0.06537037
0.06000221
0.05369141
    
0.1287295
0.1118007
0.08481269
0.07542527
0
0.05422296
0.0504358
0.04080163
0
    
0.157699
0.1387668
0.1120247
0
0.1111751
0.09697444
0.08309247
0.06485567
0
    
0.1705241
0.1437542
0.1145864
0.09723403
0
0.07815978
0.0557007
0.03702142
0.03161199
    
0
0.09239417
0.07754487
0.06629964
0
0.06058407
0.04917702
0.03977882
0.03714975
    
0.1411523
0.1416465
0
0.1217669
0.1028045
0.07304905
0.07503895
0
0.06488315
    
0.09956012
0
0.09382264
0.09789236
0.08580723
0.0935258
0
0.07690195
0.04966969
    
0.120057
0.1132302
0.1172757
0.1068761
0
0.08534605
0.06832524
0.06358517
0
    
0.09543258
0.08784541
0.0770522
0
0.06797879
0.05706621
0.04767706
0.04130831
0
    
0.1279823
0.1094752
0.09936311
0.08829825
0
0.07829329
0.08035498
0.06904357
0.06358769
    
0
0.0832771
0.06908519
0.07436145
0.05712212
0
0.04888652
0.03585257
0.03009423
    
0.1179604
0.1123554
0
0.1033005
0.08325385
0.07743925
0.06547759
0
0.05714478
    
0.1299115
0
0.1143252
0.09586854
0.08689439
0.0726883
0
0.07781252
0.07522268
    
0
0.08178526
0.05720318
0.050092
0.04706633
0
0.03573655
0.02948695
0.02718136
    
0.1070205
0
0.09393518
0.08293257
0.08602539
0.06441308
0
0.06446279
0.05453745
    
0.1062659
0
0.07847995
0.07287837
0.06954969
0.0550595
0
0.04288533
0.03934419
    
0.0908586
0.06570863
0.05226084
0.04454553
0
0.04186931
0.03849963
0.03768164
0.03361507
    
0.07264528
0.06333623
0
0.05352515
0.04557313
0.04558512
0.04376961
0
0.0444144
    
0.1251042
0.1041092
0.07545077
0.06322605
0
0.04597777
0.04425927
0.03754564
0.0302041
    
/n
