    
    
    
    
    
    
    
    
    
(305.7, 347.1, 180.1)
(305.7, 347.1, 180.1)
(314.3, 346.4, 180.4)
(322.3, 344.7, 183.2)
(329.8, 343.4, 186.2)
(337.6, 342.7, 188.1)
(337.6, 342.7, 188.1)
(345.8, 345.8, 188.2)
(350.0, 349.7, 187.3)
(351.8, 350.2, 186.5)
    
(312.4, 334.0, 191.7)
(322.9, 330.2, 196.1)
(330.4, 334.3, 194.1)
(330.4, 334.3, 194.1)
(334.9, 338.7, 191.4)
(340.6, 339.3, 191.2)
(345.4, 336.3, 193.3)
(349.2, 333.8, 196.5)
(349.2, 333.8, 196.5)
(349.3, 335.1, 197.4)
    
(314.4, 342.7, 185.7)
(320.9, 336.3, 191.6)
(326.6, 333.7, 195.7)
(331.1, 335.2, 196.4)
(331.1, 335.2, 196.4)
(334.1, 338.7, 195.1)
(337.3, 340.6, 194.3)
(339.6, 339.3, 195.2)
(341.1, 337.4, 197.2)
(341.1, 337.4, 197.2)
    
(323.9, 325.3, 196.8)
(328.6, 326.3, 195.4)
(332.1, 325.9, 197.3)
(334.6, 324.5, 200.6)
(336.9, 321.7, 203.5)
(336.9, 321.7, 203.5)
(339.2, 319.7, 204.3)
(341.5, 317.2, 205.1)
(344.3, 313.4, 206.8)
(348.0, 308.7, 210.4)
    
(318.3, 355.5, 178.2)
(325.3, 349.2, 185.8)
(330.0, 351.3, 186.2)
(330.0, 351.3, 186.2)
(332.4, 356.3, 180.6)
(334.5, 353.0, 181.4)
(335.4, 350.0, 183.5)
(335.3, 350.6, 184.5)
(335.3, 350.6, 184.5)
(334.6, 352.7, 184.3)
    
(323.1, 353.8, 174.5)
(323.1, 353.8, 174.5)
(326.4, 347.5, 180.7)
(328.8, 346.2, 184.0)
(330.5, 346.6, 185.7)
(331.4, 348.2, 185.9)
(331.4, 348.2, 185.9)
(332.3, 348.1, 187.4)
(333.5, 346.0, 190.8)
(335.0, 343.6, 194.2)
    
(322.5, 348.6, 188.7)
(328.6, 348.3, 186.8)
(332.6, 349.2, 184.7)
(336.2, 349.9, 183.6)
(336.2, 349.9, 183.6)
(337.4, 351.3, 183.6)
(336.8, 351.7, 184.1)
(335.3, 350.8, 185.0)
(334.2, 348.8, 186.6)
(334.2, 348.8, 186.6)
    
(318.6, 3.3, 177.4)
(318.6, 3.3, 177.4)
(325.1, 6.4, 171.2)
(328.1, 5.0, 169.4)
(330.1, 2.3, 171.6)
(332.1, 1.6, 175.0)
(332.1, 1.6, 175.0)
(332.3, 2.6, 176.3)
(332.1, 3.8, 176.2)
(331.1, 3.1, 177.0)
    
(325.5, 352.4, 179.1)
(329.4, 354.2, 177.3)
(329.8, 353.6, 177.1)
(329.1, 351.7, 178.5)
(329.0, 349.5, 180.5)
(329.0, 349.5, 180.5)
(329.2, 348.6, 182.0)
(329.2, 349.6, 182.2)
(329.1, 351.5, 182.1)
(329.7, 353.2, 182.7)
    
(325.9, 356.1, 175.6)
(331.7, 355.5, 175.7)
(333.1, 356.4, 176.4)
(333.5, 357.2, 176.4)
(333.2, 357.3, 175.9)
(333.2, 357.3, 175.9)
(332.7, 357.8, 175.8)
(333.0, 357.7, 176.7)
(332.9, 357.5, 178.2)
(332.8, 356.9, 180.3)
    
(324.7, 346.4, 181.1)
(325.8, 347.5, 179.8)
(325.8, 347.5, 179.8)
(325.7, 348.1, 180.2)
(325.7, 349.2, 180.5)
(325.9, 350.0, 181.4)
(325.9, 350.0, 181.4)
(325.9, 349.9, 182.8)
(325.6, 349.8, 183.9)
(325.5, 350.1, 184.5)
    
(311.5, 347.2, 182.8)
(322.1, 343.3, 190.4)
(329.0, 348.2, 188.4)
(334.2, 353.7, 184.1)
(334.2, 353.7, 184.1)
(336.8, 354.5, 182.1)
(337.6, 351.0, 184.3)
(337.3, 348.5, 187.5)
(336.4, 348.5, 189.1)
(336.4, 348.5, 189.1)
    
(307.5, 10.1, 163.6)
(315.7, 359.6, 175.8)
(323.4, 353.8, 181.3)
(323.4, 353.8, 181.3)
(328.2, 350.3, 183.7)
(329.8, 349.2, 183.9)
(329.9, 349.2, 183.0)
(328.3, 349.9, 181.9)
(328.3, 349.9, 181.9)
(326.8, 350.0, 181.9)
    
(311.9, 345.9, 187.8)
(322.4, 342.5, 193.6)
(322.4, 342.5, 193.6)
(328.9, 343.2, 192.2)
(332.9, 344.2, 188.3)
(334.6, 346.8, 184.5)
(333.6, 348.8, 184.0)
(333.6, 348.8, 184.0)
(331.8, 350.0, 184.6)
(330.6, 351.4, 184.4)
    
(325.6, 356.4, 178.4)
(332.3, 355.6, 180.3)
(339.6, 357.1, 182.1)
(339.6, 357.1, 182.1)
(344.3, 2.2, 182.5)
(345.9, 5.8, 182.2)
(346.0, 4.6, 183.5)
(347.2, 359.7, 186.9)
(347.2, 359.7, 186.9)
(349.2, 357.4, 189.8)
    
(349.6, 341.1, 212.9)
(349.6, 341.1, 212.9)
(355.9, 349.3, 207.3)
(359.5, 352.0, 208.3)
(3.1, 353.3, 211.2)
(8.0, 353.3, 216.2)
(8.0, 353.3, 216.2)
(12.8, 354.7, 220.1)
(14.4, 355.0, 222.8)
(13.4, 356.1, 223.9)
    
(311.7, 17.5, 162.7)
(317.2, 14.4, 161.9)
(325.4, 12.1, 164.6)
(333.0, 7.7, 171.6)
(338.1, 1.5, 179.8)
(338.1, 1.5, 179.8)
(340.2, 0.3, 183.2)
(341.5, 3.1, 183.3)
(342.9, 5.6, 183.9)
(344.8, 7.1, 186.4)
    
(333.5, 352.5, 208.5)
(341.6, 2.0, 197.8)
(347.4, 9.0, 191.4)
(353.6, 9.2, 194.4)
(359.9, 7.1, 201.6)
(359.9, 7.1, 201.6)
(4.0, 8.2, 206.7)
(5.0, 12.4, 208.9)
(3.5, 15.3, 209.7)
(4.6, 15.6, 212.4)
    
(328.7, 349.6, 214.4)
(343.0, 358.0, 206.4)
(351.7, 2.6, 204.9)
(356.1, 4.3, 207.2)
(356.1, 4.3, 207.2)
(356.9, 4.0, 212.0)
(359.3, 4.4, 216.4)
(3.2, 6.1, 219.9)
(7.6, 8.0, 223.1)
(7.6, 8.0, 223.1)
    
(310.8, 5.4, 170.3)
(314.4, 5.3, 170.5)
(319.4, 3.9, 172.8)
(324.1, 0.4, 177.5)
(324.1, 0.4, 177.5)
(328.7, 356.7, 182.4)
(332.8, 354.8, 185.5)
(335.8, 356.6, 184.7)
(338.0, 359.2, 182.4)
(338.0, 359.2, 182.4)
    
(297.8, 9.6, 171.7)
(306.2, 359.1, 182.9)
(316.1, 359.5, 184.2)
(316.1, 359.5, 184.2)
(325.8, 3.4, 181.4)
(333.4, 1.2, 181.9)
(342.0, 354.1, 185.7)
(350.3, 348.7, 189.8)
(350.3, 348.7, 189.8)
(353.3, 352.1, 191.4)
    
(312.0, 350.0, 187.8)
(319.3, 350.5, 184.6)
(319.3, 350.5, 184.6)
(324.8, 351.5, 182.9)
(331.8, 354.1, 182.2)
(337.9, 354.6, 183.4)
(344.2, 352.8, 186.9)
(344.2, 352.8, 186.9)
(346.9, 353.3, 189.9)
(348.2, 356.6, 190.4)
    
(335.2, 344.8, 187.4)
(337.4, 345.3, 187.8)
(340.8, 348.1, 189.7)
(343.0, 352.8, 190.8)
(343.0, 352.8, 190.8)
(343.9, 355.8, 191.3)
(342.6, 355.1, 193.0)
(341.0, 353.5, 194.7)
(340.4, 353.8, 195.7)
(340.4, 353.8, 195.7)
    
(334.6, 351.2, 188.0)
(334.6, 351.2, 188.0)
(338.7, 359.3, 183.3)
(338.5, 359.0, 183.0)
(337.3, 354.5, 186.9)
(337.8, 352.7, 190.1)
(337.8, 352.7, 190.1)
(339.0, 352.1, 192.4)
(339.4, 352.7, 194.3)
(339.3, 353.4, 196.1)
    
(333.1, 355.3, 186.1)
(333.9, 355.3, 185.6)
(334.3, 358.4, 183.1)
(333.7, 359.4, 182.9)
(332.3, 358.6, 184.4)
(332.3, 358.6, 184.4)
(330.9, 356.3, 186.5)
(329.4, 354.3, 188.2)
(328.7, 353.6, 189.1)
(328.6, 352.3, 190.4)
    
(310.6, 8.5, 176.5)
(316.1, 3.9, 179.5)
(321.2, 0.0, 180.5)
(321.2, 0.0, 180.5)
(326.1, 358.7, 180.5)
(329.7, 358.0, 180.9)
(331.6, 356.9, 182.6)
(332.1, 355.3, 184.7)
(332.1, 355.3, 184.7)
(331.9, 354.3, 185.9)
    
(313.9, 355.9, 178.4)
(323.0, 348.9, 185.6)
(332.6, 343.3, 191.3)
(336.7, 344.2, 191.6)
(336.7, 344.2, 191.6)
(336.5, 348.8, 187.4)
(336.6, 351.9, 183.6)
(337.2, 351.5, 184.6)
(337.2, 351.5, 184.6)
(338.7, 350.9, 187.4)
    
(329.0, 357.8, 182.6)
(336.2, 355.9, 184.1)
(338.5, 356.6, 181.7)
(338.5, 356.6, 181.7)
(337.1, 357.5, 178.4)
(335.3, 358.1, 178.5)
(334.5, 357.2, 181.0)
(333.7, 355.9, 183.3)
(333.7, 355.9, 183.3)
(332.1, 353.9, 185.0)
    
(313.3, 1.7, 183.2)
(320.8, 0.6, 184.2)
(326.6, 357.8, 185.3)
(330.2, 354.9, 186.2)
(333.7, 354.4, 185.7)
(333.7, 354.4, 185.7)
(337.0, 356.0, 184.6)
(339.9, 357.4, 184.2)
(341.1, 358.3, 184.6)
(341.6, 359.3, 185.0)
    
(321.4, 353.7, 186.3)
(327.5, 356.6, 180.3)
(334.7, 358.6, 176.0)
(339.2, 357.0, 177.2)
(340.1, 355.4, 180.3)
(340.0, 356.3, 181.3)
(340.0, 356.3, 181.3)
(340.1, 357.2, 181.8)
(340.1, 357.3, 183.1)
(340.1, 357.0, 185.0)
    
(321.3, 354.7, 187.3)
(327.0, 356.8, 183.4)
(327.0, 356.8, 183.4)
(333.1, 1.7, 180.1)
(338.6, 5.1, 179.6)
(342.0, 6.3, 180.4)
(342.9, 6.8, 181.7)
(342.9, 6.8, 181.7)
(343.4, 8.1, 182.0)
(343.6, 9.0, 182.4)
    
(320.5, 359.1, 182.9)
(329.5, 356.5, 186.3)
(329.5, 356.5, 186.3)
(336.5, 0.9, 186.0)
(342.0, 7.8, 184.2)
(343.7, 10.3, 183.6)
(345.2, 10.0, 184.7)
(345.2, 10.0, 184.7)
(345.5, 9.3, 186.5)
(344.6, 9.9, 187.8)
    
(330.6, 350.1, 207.1)
(335.3, 351.5, 205.2)
(340.9, 353.3, 204.7)
(340.9, 353.3, 204.7)
(344.6, 355.3, 205.6)
(347.7, 356.7, 207.6)
(351.4, 358.3, 210.2)
(355.1, 359.7, 213.2)
(355.1, 359.7, 213.2)
(357.7, 0.6, 215.8)
    
(306.6, 4.0, 178.8)
(313.3, 5.5, 177.6)
(318.4, 1.1, 181.7)
(324.2, 354.6, 187.2)
(328.9, 353.8, 188.6)
(328.9, 353.8, 188.6)
(332.9, 357.0, 187.1)
(336.8, 1.6, 184.2)
(340.6, 2.5, 183.7)
(340.6, 2.5, 183.7)
    
(306.7, 353.0, 183.0)
(312.7, 352.4, 180.7)
(319.3, 359.8, 172.4)
(327.0, 6.5, 165.9)
(327.0, 6.5, 165.9)
(330.9, 6.5, 167.3)
(334.6, 2.2, 172.5)
(339.1, 359.9, 179.4)
(339.1, 359.9, 179.4)
(341.9, 0.3, 183.0)
    
(315.0, 356.5, 184.9)
(320.4, 352.1, 188.6)
(320.4, 352.1, 188.6)
(325.1, 350.5, 189.0)
(329.5, 351.9, 187.5)
(333.7, 354.0, 185.9)
(333.7, 354.0, 185.9)
(337.7, 355.6, 185.6)
(339.9, 356.5, 186.1)
(340.5, 356.4, 187.1)
    
(326.8, 354.5, 192.6)
(337.3, 358.5, 191.5)
(337.3, 358.5, 191.5)
(344.8, 356.6, 191.3)
(348.0, 351.4, 191.8)
(347.8, 350.4, 192.1)
(346.1, 354.7, 190.4)
(346.1, 354.7, 190.4)
(344.2, 359.3, 188.4)
(343.0, 0.7, 187.8)
    
(313.4, 352.7, 187.8)
(321.0, 350.1, 188.1)
(325.1, 351.2, 187.4)
(325.1, 351.2, 187.4)
(327.1, 353.8, 185.7)
(329.1, 355.1, 183.9)
(332.5, 354.1, 184.2)
(335.4, 352.5, 186.4)
(335.4, 352.5, 186.4)
(337.1, 352.2, 188.6)
    
(321.4, 353.2, 184.6)
(328.0, 350.7, 184.6)
(333.9, 351.6, 183.9)
(333.9, 351.6, 183.9)
(336.9, 354.3, 181.9)
(337.9, 358.0, 179.6)
(338.2, 359.5, 179.1)
(338.5, 358.4, 180.1)
(338.5, 358.4, 180.1)
(338.6, 357.5, 181.6)
    
(320.0, 353.1, 191.7)
(324.8, 354.9, 191.0)
(327.4, 355.5, 188.3)
(329.3, 352.7, 187.1)
(331.8, 350.6, 188.3)
(331.8, 350.6, 188.3)
(334.8, 350.6, 189.1)
(336.8, 352.8, 189.4)
(337.2, 355.6, 188.7)
(337.2, 357.2, 188.5)
    
(318.6, 4.6, 175.0)
(324.6, 358.5, 181.9)
(329.9, 358.6, 184.1)
(333.6, 4.3, 180.8)
(333.6, 4.3, 180.8)
(334.7, 8.6, 177.8)
(335.9, 10.3, 176.9)
(337.3, 10.1, 178.5)
(337.9, 9.2, 181.0)
(337.9, 9.2, 181.0)
    
(322.4, 2.8, 175.0)
(324.2, 356.0, 181.3)
(324.2, 356.0, 181.3)
(326.3, 356.7, 182.7)
(329.6, 3.1, 180.2)
(331.9, 6.6, 179.5)
(333.4, 6.9, 181.0)
(333.4, 6.9, 181.0)
(334.2, 5.2, 183.6)
(334.6, 2.2, 187.2)
    
(315.4, 343.9, 198.5)
(321.0, 350.8, 196.5)
(321.6, 353.7, 193.8)
(321.6, 353.7, 193.8)
(322.6, 348.6, 193.3)
(327.8, 342.4, 193.9)
(334.7, 342.3, 193.8)
(338.6, 347.3, 193.6)
(338.6, 347.3, 193.6)
(338.8, 353.3, 192.3)
    
(333.5, 353.1, 190.6)
(333.5, 353.1, 190.6)
(335.1, 354.9, 187.4)
(336.8, 356.0, 185.6)
(338.9, 356.5, 186.3)
(340.4, 358.3, 187.8)
(340.4, 358.3, 187.8)
(341.0, 0.5, 189.2)
(341.6, 4.5, 188.6)
(342.0, 5.6, 188.9)
    
(333.2, 13.2, 172.8)
(337.3, 11.6, 174.4)
(341.9, 9.9, 178.7)
(342.1, 10.5, 183.0)
(342.1, 10.5, 183.0)
(339.6, 12.5, 185.5)
(337.5, 12.5, 186.3)
(336.9, 10.2, 189.2)
(337.6, 7.3, 193.7)
(337.6, 7.3, 193.7)
    
(320.6, 357.9, 189.9)
(327.0, 359.5, 189.2)
(333.0, 2.0, 186.3)
(333.0, 2.0, 186.3)
(336.5, 4.1, 184.2)
(338.1, 6.2, 183.5)
(339.0, 7.5, 184.8)
(339.7, 8.1, 186.6)
(339.7, 8.1, 186.6)
(339.9, 8.3, 188.2)
    
(316.0, 10.4, 175.3)
(322.6, 2.1, 184.0)
(329.5, 1.9, 186.2)
(329.5, 1.9, 186.2)
(334.2, 7.0, 183.4)
(337.9, 10.2, 180.8)
(340.9, 8.3, 182.5)
(343.5, 4.5, 185.8)
(343.5, 4.5, 185.8)
(345.1, 2.6, 188.2)
    
(321.0, 338.0, 201.5)
(321.0, 338.0, 201.5)
(326.0, 345.3, 194.9)
(331.6, 351.5, 187.8)
(336.8, 352.6, 186.5)
(340.0, 351.6, 189.5)
(340.0, 351.6, 189.5)
(340.4, 352.6, 192.2)
(338.9, 354.1, 193.8)
(338.5, 354.9, 194.9)
    
(316.7, 7.4, 181.3)
(322.0, 5.5, 181.9)
(324.9, 3.0, 182.7)
(325.8, 0.5, 183.7)
(327.5, 0.1, 184.5)
(327.5, 0.1, 184.5)
(330.1, 1.6, 184.5)
(332.5, 3.6, 184.6)
(334.6, 5.2, 185.2)
(335.8, 4.7, 186.4)
    
(329.2, 359.1, 182.9)
(331.9, 355.7, 184.0)
(331.9, 355.7, 184.0)
(335.2, 353.7, 185.7)
(338.7, 355.2, 187.2)
(340.7, 358.3, 187.9)
(340.9, 0.7, 187.6)
(340.9, 0.7, 187.6)
(341.0, 1.6, 188.0)
(341.3, 2.6, 189.5)
    
(321.8, 2.9, 180.8)
(321.8, 2.9, 180.8)
(326.8, 357.6, 184.1)
(332.5, 352.2, 187.2)
(336.2, 350.8, 187.5)
(336.5, 353.2, 186.8)
(336.5, 353.2, 186.8)
(336.4, 356.8, 186.1)
(339.0, 356.6, 187.8)
(342.0, 355.2, 190.2)
    
(328.9, 354.1, 187.6)
(328.9, 354.1, 187.6)
(333.5, 351.2, 190.6)
(336.0, 349.7, 192.3)
(337.1, 351.1, 191.6)
(338.3, 352.0, 190.7)
(338.3, 352.0, 190.7)
(339.3, 351.3, 191.4)
(340.0, 350.0, 193.0)
(340.1, 349.8, 194.1)
    
(338.1, 2.1, 193.0)
(341.7, 353.7, 197.8)
(341.7, 353.7, 197.8)
(345.1, 348.3, 201.9)
(347.3, 348.2, 203.8)
(347.2, 352.1, 202.6)
(346.6, 355.8, 200.6)
(346.6, 355.8, 200.6)
(346.6, 356.5, 201.0)
(347.2, 355.9, 202.7)
    
(320.7, 358.2, 189.1)
(329.5, 346.7, 198.9)
(329.5, 346.7, 198.9)
(335.4, 346.2, 202.0)
(339.2, 356.3, 196.9)
(342.6, 0.4, 192.8)
(346.1, 357.8, 192.8)
(346.1, 357.8, 192.8)
(346.9, 352.1, 197.3)
(346.0, 350.9, 199.9)
    
(323.9, 352.6, 184.0)
(327.4, 352.5, 183.3)
(327.4, 352.5, 183.3)
(330.6, 355.3, 182.7)
(334.9, 359.1, 182.8)
(336.4, 359.0, 184.1)
(336.6, 357.7, 185.5)
(336.6, 357.7, 185.5)
(336.6, 357.0, 186.0)
(336.8, 358.0, 186.1)
    
(327.2, 346.3, 195.4)
(327.2, 346.3, 195.4)
(329.3, 350.7, 192.5)
(331.7, 353.1, 189.6)
(333.6, 354.5, 188.6)
(334.8, 355.7, 188.6)
(334.8, 355.7, 188.6)
(335.2, 356.7, 189.1)
(335.5, 357.5, 189.6)
(335.9, 357.1, 190.3)
    
(320.9, 1.1, 181.6)
(324.7, 3.0, 181.0)
(327.9, 1.5, 182.2)
(327.9, 1.5, 182.2)
(329.7, 1.1, 182.9)
(330.9, 3.2, 182.5)
(331.9, 6.5, 181.3)
(333.0, 8.3, 181.1)
(333.0, 8.3, 181.1)
(333.4, 7.3, 182.9)
    
(328.0, 348.1, 196.8)
(329.1, 354.2, 191.0)
(329.1, 354.2, 191.0)
(331.8, 355.3, 189.4)
(335.8, 353.6, 190.2)
(340.7, 349.2, 194.6)
(340.7, 349.2, 194.6)
(342.5, 349.0, 195.9)
(342.3, 351.7, 194.3)
(340.9, 354.8, 191.0)
    
(330.0, 354.8, 185.9)
(334.6, 356.3, 185.6)
(334.6, 356.3, 185.6)
(337.2, 356.7, 186.2)
(338.3, 357.8, 186.8)
(338.3, 359.4, 187.4)
(338.2, 1.5, 188.4)
(338.2, 1.5, 188.4)
(337.7, 2.6, 189.8)
(336.8, 3.0, 190.8)
    
(328.6, 356.2, 190.1)
(329.8, 357.3, 190.1)
(330.6, 357.8, 190.8)
(331.6, 358.0, 191.3)
(332.7, 357.7, 192.1)
(332.7, 357.7, 192.1)
(334.0, 356.8, 193.3)
(335.0, 354.9, 195.6)
(335.5, 353.0, 198.0)
(335.9, 352.3, 199.5)
    
(330.0, 352.0, 197.4)
(332.1, 355.3, 194.4)
(332.1, 355.3, 194.4)
(333.5, 356.8, 192.0)
(335.1, 356.8, 191.1)
(337.1, 357.1, 191.1)
(339.7, 358.8, 190.8)
(339.7, 358.8, 190.8)
(341.6, 1.1, 190.9)
(342.2, 2.7, 191.3)
    
(326.0, 351.1, 193.7)
(326.0, 351.1, 193.7)
(331.9, 350.8, 192.7)
(335.9, 347.5, 191.8)
(337.8, 348.8, 190.5)
(337.8, 348.8, 190.5)
(339.9, 353.7, 188.0)
(341.7, 358.5, 186.3)
(342.4, 359.7, 187.6)
(343.0, 358.4, 189.7)
    
(321.3, 356.0, 189.7)
(324.2, 355.9, 187.7)
(328.1, 354.2, 184.8)
(332.2, 351.3, 185.8)
(332.2, 351.3, 185.8)
(335.7, 349.6, 187.8)
(337.3, 351.5, 189.0)
(338.6, 355.3, 188.6)
(339.8, 356.3, 189.7)
(339.8, 356.3, 189.7)
    
(322.0, 1.7, 184.1)
(328.9, 358.3, 190.3)
(333.3, 3.0, 191.0)
(333.3, 3.0, 191.0)
(336.8, 6.2, 189.5)
(341.3, 2.8, 188.6)
(345.6, 358.3, 189.7)
(347.2, 358.9, 190.7)
(347.2, 358.9, 190.7)
(347.9, 1.6, 191.3)
    
(325.0, 355.6, 192.9)
(327.7, 353.7, 189.7)
(330.3, 351.1, 189.1)
(333.7, 351.3, 188.0)
(336.6, 352.6, 187.5)
(336.6, 352.6, 187.5)
(338.4, 353.4, 188.1)
(339.7, 352.2, 189.7)
(341.2, 350.0, 192.4)
(343.2, 348.1, 195.4)
    
(321.0, 360.0, 195.5)
(321.0, 360.0, 195.5)
(326.4, 2.7, 193.0)
(331.0, 0.9, 192.9)
(334.9, 357.4, 194.4)
(338.8, 355.8, 195.5)
(338.8, 355.8, 195.5)
(342.1, 356.7, 195.5)
(343.6, 358.2, 195.2)
(344.5, 358.7, 195.0)
    
(326.5, 349.7, 199.4)
(331.6, 0.7, 192.9)
(336.5, 4.9, 189.4)
(340.7, 2.9, 189.1)
(343.0, 0.6, 191.0)
(343.0, 0.6, 191.0)
(344.6, 0.7, 192.2)
(345.9, 1.8, 193.0)
(347.9, 1.9, 193.5)
(350.6, 0.5, 194.4)
    
(318.0, 7.6, 180.8)
(318.0, 7.6, 180.8)
(326.6, 359.2, 188.8)
(333.5, 356.2, 191.3)
(336.6, 0.0, 188.4)
(339.0, 5.8, 184.0)
(339.0, 5.8, 184.0)
(341.6, 6.3, 183.5)
(344.2, 3.6, 185.0)
(344.8, 0.9, 186.0)
    
(322.7, 356.1, 194.5)
(327.0, 5.1, 185.8)
(329.5, 12.7, 177.6)
(331.5, 13.0, 176.9)
(334.9, 5.8, 183.0)
(334.9, 5.8, 183.0)
(339.3, 358.8, 189.2)
(343.6, 354.1, 193.3)
(345.3, 355.6, 193.2)
(345.4, 359.7, 190.5)
    
(320.6, 356.9, 192.5)
(327.5, 350.1, 199.0)
(334.7, 350.6, 199.9)
(334.7, 350.6, 199.9)
(338.1, 355.0, 196.9)
(340.2, 358.6, 192.8)
(343.0, 358.7, 192.1)
(346.7, 357.3, 193.2)
(346.7, 357.3, 193.2)
(348.3, 357.1, 194.9)
    
(308.2, 347.3, 203.9)
(314.6, 342.7, 206.6)
(322.0, 338.4, 207.7)
(326.7, 340.8, 204.2)
(326.7, 340.8, 204.2)
(330.3, 346.7, 198.6)
(332.7, 352.6, 194.4)
(334.4, 355.1, 192.7)
(335.5, 355.6, 192.4)
(335.5, 355.6, 192.4)
    
(319.0, 354.5, 198.0)
(325.2, 356.4, 196.9)
(331.5, 352.7, 199.3)
(339.0, 345.2, 202.6)
(339.0, 345.2, 202.6)
(345.5, 338.7, 204.3)
(348.8, 339.1, 203.0)
(349.5, 343.4, 199.8)
(350.4, 346.5, 195.2)
(350.4, 346.5, 195.2)
    
(317.2, 345.7, 200.5)
(320.9, 353.8, 192.5)
(320.9, 353.8, 192.5)
(325.0, 357.8, 190.5)
(328.9, 357.8, 193.4)
(333.7, 352.6, 200.0)
(338.5, 348.2, 205.4)
(338.5, 348.2, 205.4)
(342.8, 346.6, 208.5)
(344.0, 348.9, 206.1)
    
(315.5, 355.8, 187.2)
(319.1, 359.5, 184.2)
(322.7, 359.7, 184.4)
(327.5, 357.3, 186.7)
(327.5, 357.3, 186.7)
(333.2, 355.9, 188.6)
(338.3, 356.7, 189.0)
(341.7, 357.1, 187.5)
(341.9, 355.7, 185.7)
(341.9, 355.7, 185.7)
    
(324.2, 338.6, 204.6)
(332.9, 340.6, 202.7)
(337.5, 345.0, 200.6)
(340.2, 348.1, 199.0)
(341.0, 348.5, 198.0)
(341.0, 348.5, 198.0)
(341.5, 348.3, 197.3)
(342.6, 348.4, 196.8)
(343.5, 348.6, 197.0)
(343.5, 348.6, 197.0)
    
(310.8, 17.2, 169.6)
(318.1, 18.7, 168.5)
(323.5, 14.9, 173.3)
(328.4, 6.8, 182.1)
(328.4, 6.8, 182.1)
(334.1, 1.1, 188.9)
(338.9, 2.0, 190.1)
(342.3, 4.5, 187.5)
(343.7, 5.6, 184.7)
(343.7, 5.6, 184.7)
    
(324.7, 340.2, 200.0)
(324.7, 340.2, 200.0)
(328.7, 342.6, 198.0)
(332.3, 347.8, 195.4)
(333.8, 352.4, 193.9)
(335.1, 353.9, 193.4)
(335.1, 353.9, 193.4)
(336.8, 354.3, 193.1)
(339.6, 353.5, 192.9)
(341.9, 352.8, 193.1)
    
(309.9, 6.5, 186.0)
(316.7, 6.0, 185.2)
(321.4, 5.7, 183.7)
(324.4, 6.2, 182.3)
(324.4, 6.2, 182.3)
(327.5, 7.1, 181.4)
(331.1, 5.8, 182.7)
(335.1, 3.1, 185.3)
(337.8, 1.1, 186.9)
(337.8, 1.1, 186.9)
    
(327.1, 4.5, 188.1)
(329.8, 10.1, 183.7)
(332.8, 13.2, 182.1)
(332.8, 13.2, 182.1)
(335.6, 11.8, 183.6)
(337.7, 8.5, 185.2)
(338.9, 6.5, 185.7)
(339.0, 6.9, 185.5)
(339.0, 6.9, 185.5)
(338.6, 8.2, 185.3)
    
(321.7, 9.4, 182.5)
(325.5, 10.1, 183.4)
(325.5, 10.1, 183.4)
(328.5, 8.9, 185.2)
(331.8, 6.8, 187.3)
(336.0, 3.4, 189.8)
(339.8, 1.7, 191.1)
(339.8, 1.7, 191.1)
(342.0, 2.2, 190.9)
(343.2, 3.1, 190.2)
    
(323.1, 351.1, 197.4)
(327.7, 357.7, 194.3)
(332.0, 358.8, 192.5)
(337.2, 355.4, 192.6)
(337.2, 355.4, 192.6)
(342.8, 351.7, 193.8)
(345.2, 352.2, 194.2)
(345.7, 354.2, 194.1)
(346.4, 355.2, 193.6)
(346.4, 355.2, 193.6)
    
/n
(2.3, 175.5, 112.4)
(358.2, 183.1, 114.3)
(353.8, 188.3, 116.3)
(353.8, 188.3, 116.3)
(348.9, 192.8, 119.4)
(346.3, 196.9, 122.3)
(347.0, 200.1, 124.4)
(348.5, 202.0, 124.5)
(348.5, 202.0, 124.5)
(348.3, 203.4, 122.7)
    
(13.4, 177.8, 128.1)
(4.7, 189.7, 133.7)
(1.5, 196.8, 137.2)
(0.6, 200.1, 138.6)
(358.8, 200.9, 137.0)
(358.8, 200.9, 137.0)
(355.9, 201.5, 135.0)
(352.3, 203.4, 132.9)
(349.4, 208.0, 132.2)
(348.3, 212.7, 132.5)
    
(13.4, 185.4, 126.6)
(6.8, 190.7, 128.5)
(358.8, 194.0, 127.4)
(358.8, 194.0, 127.4)
(352.5, 197.8, 126.5)
(349.1, 202.3, 128.3)
(348.6, 205.7, 130.6)
(348.4, 208.7, 132.1)
(348.4, 208.7, 132.1)
(347.9, 210.8, 133.4)
    
(15.8, 156.1, 111.0)
(9.5, 164.5, 111.4)
(6.0, 177.3, 114.4)
(0.8, 191.9, 118.4)
(357.9, 201.5, 124.1)
(357.9, 201.5, 124.1)
(357.0, 206.3, 130.7)
(355.9, 207.0, 131.8)
(353.9, 207.1, 131.5)
(351.2, 209.1, 131.1)
    
(15.8, 192.0, 131.0)
(10.7, 202.4, 134.7)
(10.7, 202.4, 134.7)
(7.3, 207.7, 136.2)
(3.7, 209.7, 136.0)
(0.2, 211.7, 134.7)
(357.7, 216.3, 133.8)
(357.7, 216.3, 133.8)
(355.9, 222.5, 133.9)
(354.2, 226.3, 134.0)
    
(9.6, 169.0, 117.9)
(5.8, 180.6, 121.1)
(3.9, 188.3, 122.5)
(0.1, 192.3, 122.4)
(355.2, 196.1, 121.8)
(355.2, 196.1, 121.8)
(352.0, 199.9, 121.8)
(349.2, 202.8, 123.2)
(348.1, 204.5, 125.2)
(349.1, 205.8, 125.8)
    
(19.9, 176.3, 123.8)
(10.5, 185.3, 125.0)
(1.5, 191.4, 126.7)
(1.5, 191.4, 126.7)
(356.8, 195.5, 128.1)
(356.2, 199.9, 129.3)
(356.0, 203.8, 129.5)
(356.0, 203.8, 129.5)
(354.4, 206.4, 127.7)
(352.2, 207.9, 126.2)
    
(11.8, 172.0, 124.7)
(6.4, 178.7, 128.3)
(1.6, 185.9, 131.8)
(1.1, 192.0, 135.0)
(1.1, 192.0, 135.0)
(1.3, 194.7, 136.4)
(0.7, 196.2, 136.6)
(358.8, 197.5, 136.0)
(356.4, 198.5, 135.4)
(356.4, 198.5, 135.4)
    
(4.4, 173.7, 122.8)
(357.0, 178.3, 122.8)
(351.1, 185.5, 124.6)
(350.0, 191.7, 127.8)
(351.8, 193.8, 130.0)
(351.8, 193.8, 130.0)
(351.8, 191.6, 129.4)
(348.1, 187.7, 127.5)
(345.1, 186.1, 126.7)
(344.8, 187.2, 126.3)
    
(14.8, 187.9, 132.7)
(11.7, 191.6, 134.8)
(11.7, 191.6, 134.8)
(8.8, 192.9, 134.2)
(6.2, 194.1, 133.8)
(4.2, 195.9, 133.9)
(2.6, 198.3, 134.6)
(2.6, 198.3, 134.6)
(0.6, 199.6, 134.1)
(358.4, 199.8, 132.9)
    
(9.4, 182.0, 127.3)
(12.4, 194.0, 136.1)
(10.8, 197.7, 139.8)
(7.1, 196.8, 138.3)
(7.1, 196.8, 138.3)
(4.1, 195.8, 136.1)
(1.9, 196.4, 134.5)
(1.3, 198.8, 134.1)
(1.6, 200.2, 134.5)
(1.6, 200.2, 134.5)
    
(6.2, 166.0, 114.1)
(4.5, 173.9, 117.3)
(0.0, 180.8, 118.2)
(0.0, 180.8, 118.2)
(355.9, 186.7, 118.7)
(351.8, 193.3, 120.8)
(351.1, 198.0, 124.2)
(352.5, 200.3, 127.3)
(352.5, 200.3, 127.3)
(353.8, 200.8, 129.4)
    
(14.8, 191.6, 134.4)
(10.1, 197.1, 136.5)
(10.1, 197.1, 136.5)
(4.7, 199.3, 135.8)
(1.8, 201.2, 135.5)
(0.6, 202.4, 135.6)
(0.7, 203.2, 135.4)
(0.7, 203.2, 135.4)
(0.6, 203.5, 134.5)
(359.3, 203.2, 133.0)
    
(14.6, 164.7, 121.4)
(11.1, 177.8, 126.2)
(7.1, 190.7, 130.1)
(7.2, 198.8, 134.3)
(7.2, 198.8, 134.3)
(7.0, 200.9, 136.3)
(4.4, 198.9, 134.8)
(1.1, 196.7, 132.3)
(358.4, 195.9, 130.3)
(358.4, 195.9, 130.3)
    
(15.7, 180.9, 124.9)
(12.8, 188.1, 126.5)
(10.0, 193.4, 127.1)
(6.6, 195.7, 127.5)
(3.5, 196.9, 127.1)
(3.5, 196.9, 127.1)
(2.0, 198.1, 127.2)
(0.8, 199.4, 127.3)
(360.0, 199.9, 127.3)
(359.3, 199.9, 127.3)
    
(14.1, 183.3, 126.3)
(14.1, 183.3, 126.3)
(11.3, 188.8, 129.0)
(8.0, 191.5, 129.9)
(3.5, 194.0, 129.9)
(0.5, 195.9, 129.6)
(0.5, 195.9, 129.6)
(359.4, 197.5, 129.8)
(360.0, 198.1, 131.1)
(359.9, 198.5, 132.1)
    
(15.0, 173.9, 125.3)
(12.7, 180.9, 129.7)
(10.4, 184.6, 131.4)
(10.4, 184.6, 131.4)
(6.7, 186.5, 132.1)
(1.9, 189.3, 132.2)
(358.7, 192.7, 132.1)
(358.5, 194.8, 133.1)
(359.3, 194.9, 134.9)
(359.3, 194.9, 134.9)
    
(10.2, 182.2, 128.0)
(5.4, 184.0, 127.6)
(2.8, 187.8, 127.2)
(1.8, 191.4, 127.8)
(1.8, 191.4, 127.8)
(1.0, 193.4, 128.9)
(359.2, 193.4, 129.4)
(357.6, 193.0, 129.5)
(357.0, 193.8, 129.8)
(357.0, 193.8, 129.8)
    
(6.2, 170.6, 120.3)
(6.2, 170.6, 120.3)
(1.4, 176.2, 122.8)
(359.5, 181.7, 126.4)
(0.1, 185.2, 129.1)
(0.7, 187.4, 129.9)
(0.7, 187.4, 129.9)
(0.2, 188.7, 129.5)
(359.0, 189.0, 129.3)
(357.2, 188.9, 129.3)
    
(16.9, 174.5, 129.2)
(14.3, 180.7, 131.1)
(10.1, 184.4, 131.0)
(4.3, 187.8, 130.4)
(358.8, 190.5, 130.3)
(358.8, 190.5, 130.3)
(356.7, 192.1, 130.5)
(357.8, 193.4, 131.2)
(358.9, 193.3, 131.9)
(358.9, 193.3, 131.9)
    
(17.8, 174.7, 125.4)
(15.8, 179.3, 126.6)
(12.9, 183.3, 127.2)
(12.9, 183.3, 127.2)
(9.0, 186.5, 127.7)
(5.1, 189.0, 128.2)
(3.5, 190.1, 128.5)
(3.2, 191.2, 129.1)
(3.2, 191.2, 129.1)
(3.4, 191.7, 129.7)
    
(11.0, 181.1, 130.2)
(11.0, 181.1, 130.2)
(6.8, 185.4, 132.2)
(6.6, 189.7, 134.5)
(6.6, 192.6, 135.8)
(3.1, 193.0, 135.8)
(3.1, 193.0, 135.8)
(358.2, 192.8, 135.1)
(355.5, 194.2, 134.8)
(355.4, 196.5, 135.0)
    
(19.8, 179.1, 131.5)
(15.6, 181.4, 131.8)
(12.6, 185.3, 131.7)
(9.8, 189.2, 131.7)
(6.3, 191.5, 132.3)
(6.3, 191.5, 132.3)
(1.4, 192.3, 132.9)
(359.7, 193.6, 133.0)
(359.8, 196.2, 133.4)
(359.8, 196.2, 133.4)
    
(14.0, 165.1, 119.4)
(11.5, 175.3, 121.4)
(11.5, 175.3, 121.4)
(8.4, 184.5, 124.8)
(4.3, 189.4, 128.2)
(1.5, 191.2, 131.3)
(358.7, 191.6, 132.2)
(358.7, 191.6, 132.2)
(357.2, 193.1, 132.0)
(357.3, 195.1, 132.0)
    
(18.7, 178.9, 136.8)
(14.8, 185.1, 139.7)
(13.1, 192.6, 141.9)
(12.4, 197.9, 144.0)
(10.8, 199.3, 144.3)
(10.8, 199.3, 144.3)
(8.6, 199.1, 143.2)
(6.4, 200.0, 142.1)
(5.4, 201.9, 142.0)
(4.8, 203.5, 142.6)
    
(12.9, 167.5, 123.8)
(11.6, 173.8, 126.5)
(11.3, 181.5, 129.4)
(9.5, 186.8, 131.9)
(9.5, 186.8, 131.9)
(5.1, 189.0, 133.6)
(2.1, 190.1, 134.3)
(1.5, 191.5, 134.6)
(1.8, 192.9, 134.8)
(1.8, 192.9, 134.8)
    
(20.5, 182.8, 136.3)
(16.0, 185.3, 137.3)
(13.3, 188.6, 137.7)
(13.3, 188.6, 137.7)
(9.8, 191.7, 137.1)
(3.6, 194.4, 137.0)
(359.8, 195.6, 137.3)
(359.1, 195.9, 138.0)
(359.1, 195.9, 138.0)
(1.1, 195.6, 139.0)
    
(21.1, 172.2, 129.0)
(20.7, 181.3, 135.2)
(19.6, 186.0, 138.8)
(16.1, 185.7, 138.2)
(11.0, 184.0, 135.8)
(11.0, 184.0, 135.8)
(8.0, 184.7, 135.2)
(6.8, 187.2, 135.5)
(7.1, 189.4, 136.7)
(7.5, 190.2, 138.2)
    
(20.8, 172.6, 127.2)
(18.1, 179.5, 130.1)
(16.9, 187.1, 133.5)
(16.9, 187.1, 133.5)
(14.6, 190.5, 135.2)
(10.6, 190.1, 134.7)
(6.5, 188.6, 133.3)
(3.3, 188.2, 133.2)
(3.3, 188.2, 133.2)
(1.6, 189.1, 134.0)
    
(8.7, 177.0, 122.7)
(8.1, 182.2, 125.8)
(9.4, 187.8, 128.9)
(8.4, 191.9, 130.4)
(8.4, 191.9, 130.4)
(4.9, 192.2, 130.3)
(359.7, 192.2, 130.1)
(356.3, 192.6, 130.1)
(356.3, 192.6, 130.1)
(356.4, 193.4, 130.6)
    
(32.5, 182.9, 133.8)
(28.2, 185.8, 134.4)
(21.7, 187.4, 133.3)
(15.0, 187.6, 132.1)
(10.1, 187.6, 131.1)
(10.1, 187.6, 131.1)
(8.2, 188.4, 131.1)
(7.5, 190.1, 130.9)
(4.7, 191.2, 130.1)
(0.2, 191.7, 129.0)
    
(22.8, 180.0, 134.3)
(22.8, 180.0, 134.3)
(17.3, 184.3, 135.9)
(11.8, 188.0, 137.1)
(8.9, 191.0, 138.1)
(8.7, 194.0, 139.5)
(8.7, 194.0, 139.5)
(8.2, 195.2, 140.0)
(6.4, 194.8, 139.5)
(3.2, 194.6, 138.3)
    
(24.9, 175.7, 137.8)
(20.2, 175.6, 140.2)
(15.7, 175.8, 141.3)
(11.6, 178.1, 142.5)
(11.6, 178.1, 142.5)
(9.4, 182.7, 144.7)
(8.5, 185.5, 146.0)
(8.3, 186.8, 147.0)
(8.0, 187.4, 147.7)
(8.0, 187.4, 147.7)
    
(23.9, 178.3, 134.1)
(20.6, 182.0, 133.7)
(17.4, 185.3, 133.9)
(17.4, 185.3, 133.9)
(13.2, 187.5, 134.3)
(7.4, 188.7, 133.7)
(3.4, 189.6, 133.4)
(1.9, 191.3, 133.9)
(1.9, 191.3, 133.9)
(2.5, 192.3, 134.5)
    
(11.5, 175.6, 125.5)
(10.3, 182.3, 130.2)
(9.2, 187.7, 133.0)
(9.2, 187.7, 133.0)
(6.4, 189.3, 133.8)
(2.4, 187.9, 133.6)
(358.6, 185.9, 132.5)
(357.6, 186.3, 132.0)
(357.6, 186.3, 132.0)
(358.0, 188.0, 132.8)
    
(20.7, 176.4, 127.5)
(20.7, 176.4, 127.5)
(17.9, 180.5, 129.8)
(12.6, 182.6, 130.8)
(8.3, 183.8, 130.5)
(8.3, 183.8, 130.5)
(5.3, 185.3, 130.3)
(5.9, 186.5, 131.8)
(6.8, 186.4, 133.0)
(6.2, 185.4, 133.5)
    
(21.3, 161.8, 128.6)
(19.7, 172.2, 133.1)
(19.7, 180.0, 137.4)
(16.9, 181.4, 141.1)
(16.9, 181.4, 141.1)
(12.1, 179.0, 140.9)
(8.3, 178.0, 140.0)
(7.8, 180.0, 140.0)
(8.5, 182.4, 141.2)
(8.5, 182.4, 141.2)
    
(26.3, 172.0, 130.2)
(19.9, 173.3, 129.7)
(15.2, 176.5, 129.9)
(13.0, 179.8, 131.0)
(13.0, 179.8, 131.0)
(11.9, 181.8, 132.3)
(10.4, 183.0, 133.6)
(8.3, 183.4, 133.6)
(5.3, 183.8, 133.1)
(5.3, 183.8, 133.1)
    
(17.6, 183.0, 127.3)
(15.0, 187.0, 128.5)
(11.7, 192.9, 129.6)
(11.7, 192.9, 129.6)
(8.8, 198.6, 130.9)
(7.1, 202.4, 133.0)
(6.4, 203.5, 134.9)
(6.3, 203.3, 135.6)
(6.3, 203.3, 135.6)
(5.5, 203.0, 135.7)
    
(20.9, 178.6, 130.0)
(18.0, 184.5, 132.1)
(15.7, 188.0, 134.2)
(13.5, 189.9, 136.1)
(13.5, 189.9, 136.1)
(12.1, 190.6, 136.7)
(11.0, 190.9, 136.7)
(9.6, 191.1, 136.2)
(8.3, 191.5, 135.6)
(8.3, 191.5, 135.6)
    
(27.2, 175.6, 129.7)
(25.9, 179.7, 131.4)
(25.9, 179.7, 131.4)
(23.4, 183.8, 132.5)
(18.8, 186.4, 132.9)
(12.6, 188.5, 133.7)
(10.8, 190.2, 134.3)
(10.8, 190.2, 134.3)
(10.6, 191.7, 135.0)
(10.1, 192.4, 135.3)
    
(21.6, 181.5, 132.9)
(13.8, 186.8, 134.8)
(8.1, 189.9, 136.7)
(7.9, 191.9, 138.9)
(7.9, 191.9, 138.9)
(8.4, 193.0, 140.3)
(7.5, 193.3, 140.5)
(6.2, 193.4, 140.2)
(5.1, 193.4, 139.9)
(5.1, 193.4, 139.9)
    
(21.4, 187.7, 140.5)
(21.4, 187.7, 140.5)
(18.1, 191.5, 143.9)
(14.3, 189.3, 143.5)
(9.5, 186.6, 142.1)
(9.5, 186.6, 142.1)
(7.0, 187.1, 140.9)
(6.8, 190.0, 140.8)
(8.2, 191.6, 142.1)
(9.1, 190.9, 143.5)
    
(23.3, 167.5, 128.3)
(18.5, 169.9, 130.4)
(18.5, 169.9, 130.4)
(15.2, 175.4, 131.6)
(11.7, 183.2, 132.9)
(8.5, 188.2, 135.2)
(6.1, 190.0, 137.2)
(6.1, 190.0, 137.2)
(5.6, 190.3, 137.6)
(5.3, 189.8, 137.6)
    
(23.0, 187.1, 139.0)
(20.7, 193.8, 143.6)
(18.6, 196.4, 147.4)
(15.8, 194.9, 146.8)
(12.7, 193.0, 144.3)
(12.7, 193.0, 144.3)
(10.7, 192.1, 141.7)
(9.9, 192.1, 140.2)
(9.8, 192.6, 138.9)
(9.7, 194.0, 137.9)
    
(26.5, 171.5, 131.8)
(22.3, 175.0, 132.8)
(16.7, 180.0, 134.3)
(16.7, 180.0, 134.3)
(10.8, 185.1, 135.8)
(8.7, 189.1, 137.4)
(10.0, 192.6, 140.3)
(10.4, 192.2, 141.0)
(10.4, 192.2, 141.0)
(9.1, 190.5, 140.7)
    
(16.1, 167.1, 125.9)
(13.0, 181.6, 129.4)
(12.2, 193.6, 133.3)
(9.8, 197.8, 136.4)
(9.8, 197.8, 136.4)
(4.7, 196.8, 138.1)
(1.7, 195.1, 137.6)
(1.2, 195.3, 138.1)
(2.1, 196.5, 139.8)
(2.1, 196.5, 139.8)
    
(27.4, 188.3, 135.1)
(20.0, 189.2, 136.5)
(14.9, 188.7, 137.5)
(14.9, 188.7, 137.5)
(11.2, 190.8, 138.0)
(9.9, 196.0, 139.1)
(9.6, 200.1, 140.9)
(8.4, 200.3, 142.5)
(8.4, 200.3, 142.5)
(6.5, 198.3, 142.3)
    
(25.0, 180.8, 133.8)
(20.2, 185.5, 135.8)
(17.9, 189.3, 137.0)
(15.1, 191.9, 138.5)
(15.1, 191.9, 138.5)
(11.3, 192.2, 138.8)
(7.9, 193.4, 138.5)
(7.3, 195.1, 138.4)
(7.8, 196.1, 138.9)
(7.8, 196.1, 138.9)
    
(24.3, 178.8, 134.7)
(20.5, 184.4, 137.9)
(20.5, 184.4, 137.9)
(18.3, 187.8, 139.4)
(16.4, 188.2, 140.7)
(14.0, 185.7, 140.4)
(11.9, 183.5, 138.5)
(11.9, 183.5, 138.5)
(10.0, 183.7, 136.6)
(8.6, 185.9, 136.3)
    
(21.3, 170.6, 126.7)
(15.1, 175.6, 128.4)
(13.9, 182.0, 129.6)
(13.9, 182.0, 129.6)
(12.9, 187.2, 131.1)
(9.5, 189.9, 132.9)
(5.4, 190.6, 132.2)
(3.7, 191.3, 131.5)
(3.7, 191.3, 131.5)
(3.4, 191.3, 131.9)
    
(16.7, 176.9, 128.3)
(10.8, 182.7, 131.9)
(8.5, 188.2, 134.8)
(7.4, 192.7, 137.7)
(7.4, 192.7, 137.7)
(7.0, 194.0, 139.9)
(5.7, 192.9, 140.6)
(4.2, 192.1, 141.3)
(4.5, 191.7, 141.3)
(4.5, 191.7, 141.3)
    
(26.6, 182.0, 137.2)
(26.6, 182.0, 137.2)
(20.8, 184.7, 138.0)
(16.7, 187.7, 138.5)
(14.7, 190.0, 139.3)
(13.6, 190.5, 139.8)
(13.6, 190.5, 139.8)
(11.2, 189.2, 139.2)
(8.8, 188.5, 138.9)
(7.8, 189.5, 139.2)
    
(32.0, 178.0, 135.4)
(26.3, 182.8, 137.9)
(21.6, 186.5, 140.1)
(19.2, 188.9, 141.6)
(18.0, 190.6, 143.0)
(18.0, 190.6, 143.0)
(17.4, 191.8, 143.3)
(16.3, 192.7, 143.3)
(15.7, 193.2, 143.5)
(15.7, 193.2, 143.5)
    
(37.1, 190.5, 143.2)
(30.8, 196.8, 146.6)
(25.9, 199.9, 148.9)
(22.5, 201.0, 150.0)
(22.5, 201.0, 150.0)
(18.5, 201.7, 150.5)
(14.3, 201.7, 149.9)
(11.2, 201.3, 149.4)
(9.8, 201.1, 149.8)
(9.8, 201.1, 149.8)
    
(29.4, 178.5, 137.3)
(24.4, 187.7, 140.7)
(20.6, 192.7, 143.3)
(16.6, 192.1, 144.7)
(10.5, 188.1, 144.3)
(10.5, 188.1, 144.3)
(6.7, 186.1, 142.7)
(7.8, 187.3, 142.7)
(11.2, 188.5, 144.5)
(12.9, 188.1, 146.1)
    
(23.9, 184.2, 142.1)
(23.9, 184.2, 142.1)
(20.1, 182.7, 142.2)
(16.2, 181.0, 140.4)
(14.0, 181.5, 139.4)
(14.0, 181.5, 139.4)
(13.1, 182.8, 139.6)
(13.3, 183.9, 140.5)
(13.9, 184.2, 141.4)
(13.8, 184.4, 141.5)
    
(28.3, 161.0, 121.4)
(23.3, 167.2, 124.2)
(18.5, 172.8, 128.3)
(18.5, 172.8, 128.3)
(14.8, 175.4, 132.8)
(10.8, 175.3, 135.8)
(8.1, 175.3, 135.3)
(6.3, 177.5, 133.9)
(6.3, 177.5, 133.9)
(6.2, 180.9, 134.8)
    
(26.5, 187.2, 142.7)
(26.5, 189.2, 145.3)
(26.5, 189.2, 145.3)
(23.8, 187.3, 146.4)
(19.0, 185.9, 144.7)
(15.5, 187.4, 142.6)
(12.5, 191.3, 141.4)
(12.5, 191.3, 141.4)
(11.3, 195.1, 142.5)
(11.3, 195.8, 143.9)
    
(27.5, 175.7, 139.2)
(26.4, 180.7, 141.5)
(23.6, 184.5, 142.7)
(19.1, 187.5, 143.4)
(14.7, 189.2, 143.7)
(14.7, 189.2, 143.7)
(12.4, 189.3, 143.9)
(11.7, 189.1, 144.2)
(10.9, 189.7, 144.6)
(10.9, 189.7, 144.6)
    
(23.4, 176.7, 138.5)
(22.4, 181.9, 141.2)
(21.6, 186.3, 143.4)
(19.9, 188.1, 145.3)
(19.9, 188.1, 145.3)
(17.5, 188.0, 146.6)
(15.7, 187.3, 147.0)
(14.9, 186.3, 147.3)
(14.5, 185.5, 147.3)
(14.5, 185.5, 147.3)
    
(32.1, 178.5, 138.6)
(27.0, 180.7, 137.0)
(24.2, 183.5, 138.1)
(22.2, 184.9, 139.8)
(20.0, 183.8, 140.6)
(20.0, 183.8, 140.6)
(17.2, 183.0, 140.2)
(14.2, 182.8, 138.2)
(12.9, 183.7, 137.1)
(12.5, 184.8, 137.4)
    
(22.7, 184.3, 143.8)
(22.7, 184.3, 143.8)
(22.5, 185.1, 146.7)
(20.5, 184.3, 146.7)
(17.2, 184.5, 145.6)
(15.5, 185.4, 145.0)
(15.5, 185.4, 145.0)
(15.3, 185.7, 145.2)
(14.8, 184.2, 144.9)
(13.9, 182.4, 143.9)
    
(28.0, 178.0, 136.8)
(23.0, 179.4, 136.5)
(19.1, 181.0, 136.6)
(19.1, 181.0, 136.6)
(17.4, 182.9, 138.8)
(15.8, 183.4, 141.5)
(13.5, 182.7, 142.9)
(11.2, 181.8, 142.4)
(11.2, 181.8, 142.4)
(9.6, 181.4, 142.0)
    
(29.4, 173.3, 130.9)
(25.1, 177.6, 133.6)
(25.1, 177.6, 133.6)
(23.4, 182.3, 137.0)
(22.3, 184.5, 138.7)
(19.6, 183.4, 138.2)
(16.1, 181.7, 137.3)
(16.1, 181.7, 137.3)
(11.9, 180.4, 135.5)
(9.3, 181.6, 134.4)
    
(23.8, 177.3, 144.0)
(23.8, 177.3, 144.0)
(22.6, 180.0, 146.5)
(21.5, 180.7, 147.2)
(20.4, 181.4, 147.5)
(19.6, 182.0, 147.5)
(19.6, 182.0, 147.5)
(19.5, 182.1, 147.3)
(19.6, 181.3, 146.9)
(19.1, 180.0, 146.0)
    
(32.8, 174.9, 142.3)
(30.1, 178.9, 143.3)
(30.1, 178.9, 143.3)
(30.1, 185.0, 146.8)
(29.7, 188.4, 150.5)
(26.4, 187.4, 151.6)
(23.5, 185.7, 150.4)
(23.5, 185.7, 150.4)
(21.0, 185.2, 149.6)
(20.0, 185.4, 149.4)
    
(32.8, 193.1, 150.1)
(29.6, 194.0, 151.1)
(29.6, 194.0, 151.1)
(28.6, 195.5, 153.0)
(28.1, 197.9, 155.8)
(27.1, 200.5, 158.3)
(26.6, 201.9, 159.4)
(26.6, 201.9, 159.4)
(26.8, 202.4, 159.4)
(26.9, 202.4, 159.0)
    
(25.1, 173.2, 134.2)
(23.5, 176.0, 138.0)
(21.4, 175.9, 138.3)
(19.9, 175.2, 136.8)
(19.2, 175.0, 135.7)
(19.2, 175.0, 135.7)
(18.9, 175.3, 135.0)
(18.8, 175.5, 134.5)
(18.1, 175.4, 133.8)
(17.3, 175.0, 133.2)
    
(25.0, 172.0, 142.4)
(22.5, 172.8, 141.4)
(22.2, 175.4, 141.9)
(22.2, 175.4, 141.9)
(22.7, 177.4, 143.4)
(22.6, 177.7, 144.1)
(21.7, 177.1, 144.0)
(20.7, 176.8, 143.6)
(20.7, 176.8, 143.6)
(19.5, 176.8, 143.5)
    
(21.3, 168.6, 135.8)
(17.9, 174.4, 137.9)
(17.1, 181.4, 140.5)
(17.1, 184.7, 142.9)
(15.9, 183.3, 144.4)
(15.9, 183.3, 144.4)
(14.1, 180.9, 143.9)
(12.7, 180.1, 143.4)
(13.0, 181.4, 143.2)
(14.4, 183.1, 143.6)
    
/n
