    
    
    
    
    
    
    
0.2776293
0.3038431
0.3247097
0.2533094
0
0.2577807
0.2300493
0.1744846
0.1276341
    
0.1945515
0
0.1844247
0.1697545
0.1602372
0.1553772
0
0.1485905
0.1405372
    
0.2314501
0.2224203
0
0.2017501
0.2089363
0.1853697
0.1538815
0
0.1190874
    
0
0.2479164
0.2211052
0.2250022
0.1715588
0
0.1531104
0.1365402
0.1037434
    
0.24918
0.2606694
0.2471842
0
0.2180687
0.2064176
0.1874653
0.1655665
0
    
0.250164
0.2209537
0
0.2441407
0.2529095
0.1802932
0.1771268
0
0.1176025
    
0.2284702
0
0.2505978
0.2121841
0.1671862
0.1267611
0
0.1196405
0.1013181
    
0.1689013
0.1452018
0.1415046
0.1432416
0
0.1325336
0.1216997
0.1028303
0.07433445
    
0.233854
0.2315364
0
0.240768
0.2510644
0.210498
0.2048837
0
0.1570756
    
0.2315669
0
0.204443
0.208052
0.2067661
0.2010498
0
0.1770663
0.1499877
    
0.2444756
0
0.2417709
0.2362169
0.22656
0.2077528
0
0.1632283
0.173488
    
0.2138342
0
0.1985329
0.1803968
0.1356119
0.1177537
0
0.08755337
0.08791903
    
0.2401158
0
0.2291964
0.2154527
0.1764656
0.1707112
0
0.1238843
0.1125633
    
0.2200055
0.2157482
0.207555
0
0.194133
0.1799048
0.167136
0.1674224
0
    
0.2160178
0.2043873
0.1889156
0
0.1700905
0.1780417
0.164485
0.1516136
0
    
0.183575
0.1893573
0
0.1726379
0.1585342
0.1589295
0.129044
0
0.1216845
    
0.1666469
0
0.1795955
0.1665403
0.1723433
0
0.1620127
0.1612528
0.1532003
    
0.2447226
0.2388328
0
0.2359715
0.2120277
0.1898712
0
0.1720249
0.1543451
    
0.2002397
0.1874011
0
0.1623349
0.148374
0.1368155
0.1400234
0
0.134843
    
0.184865
0
0.1802071
0.2042178
0.212707
0.2144732
0
0.1745702
0.1286856
    
0.2700704
0
0.1945303
0.195705
0.2133918
0.2151857
0
0.2188224
0.1686351
    
0.1792022
0.1861821
0.1847761
0
0.2229561
0.177359
0.1747706
0.1516109
0
    
0.1827344
0.188849
1.882825
0
0.02621336
0.02845857
0.03668163
0.03653967
0
    
0.1919187
0.1888161
0.190525
0
0.1796653
0.1848718
0.1480435
0.1439751
0
    
0.3292253
0
0.2485187
0.2748666
0.2595409
0.2220563
0
0.2067008
0.2152832
    
0.17273
0.1708636
0.1770591
0.1814675
0
0.1784903
0.1657435
0.1518258
0.1385374
    
0.1605582
0.1710935
0.1756599
0.1750548
0
0.1585399
0.1387999
0.1288753
0.1220066
    
0.1995671
0.2023555
0
0.2116552
0.1806715
0.1842416
0.1831627
0
0.1768087
    
0.2282653
0
0.2069458
0.1965887
0.1892316
0.1844644
0
0.1646467
0.1537306
    
0.168586
0.1500444
0.1652177
0
0.1374231
0.1335718
0.1138445
0.1130357
0
    
0.2384414
0.1926362
0
0.1642062
0.1653727
0.1386039
0.1332915
0
0.1239178
    
0.1757566
0
0.1771011
0.172164
0.1768832
0.160349
0
0.1715204
0.1286647
    
0.1778067
0.1878854
0
0.1820037
0.1841173
0.1883965
0.1918243
0
0.1507625
    
0.2065568
0.2181995
0.211022
0.2210652
0
0.1829225
0.1816506
0.1883315
0.1556065
    
0
0.2028668
0.1934585
0.1727667
0.1582093
0
0.1293262
0.1219686
0.1072467
    
0.1684553
0.1766365
0.1785516
0
0.1612649
0.1693643
0.138778
0.1262276
0
    
0.1706774
0.1784231
0.1855436
0
0.167875
0.1622958
0.1418098
0.1324679
0
    
0
0.212228
0.2189182
0.2264213
0.2104452
0
0.2140781
0.1999421
0.1697211
    
0.203806
0.1687462
0.1656989
0.1577518
0
0.1440465
0.149329
0.1556142
0.1254779
    
0.1632655
0.1722438
0.178695
0
0.1742497
0.1608953
0.1456673
0.1299483
0
    
0.2190298
0.2253083
0.2297836
0.1939034
0
0.1943035
0.1705927
0.1784506
0.1134821
    
0.1770221
0.1386533
0
0.1350299
0.1215691
0.1238517
0.1403954
0
0.1183994
    
0.231238
0
0.2334853
0.2106909
0.1852407
0.1681612
0
0.1539567
0.1436459
    
0.1919991
0
0.1897084
0.1507116
0.1494375
0.1431921
0
0.1256148
0.1253099
    
0.2970331
0
0.2965069
0.2832335
0.264394
0.2323363
0
0.191616
0.1445565
    
0.1783366
0
0.1569036
0.1476005
0.1280194
0.134276
0
0.1254973
0.1258092
    
0.2432058
0.2437533
0.1951251
0.2057598
0
0.2100421
0.164369
0.146838
0.1240818
    
0.1900603
0.1721113
0.1677579
0
0.1685706
0.1693572
0.163597
0.1467565
0
    
0.2248024
0
0.2640503
0.2424876
0.2040699
0.1763157
0
0.124851
0.1309856
    
0.2018176
0.2177656
0.2075621
0.1910425
0
0.1934583
0.1640192
0.1442649
0.1298499
    
0
0.2096319
0.2166114
0.1915826
0.1951849
0
0.154055
0.1437428
0.1297976
    
0.2222969
0.2418086
0.2002216
0.2069049
0
0.1938363
0.1539775
0.1447504
0.1370711
    
0.2055409
0
0.2031326
0.1821753
0.1788039
0.1475086
0
0.1496063
0.1249914
    
0.230754
0
0.2211284
0.2238792
0.1765025
0
0.1645184
0.1277113
0.12124
    
0.2352502
0
0.1864708
0.1855429
0.1899455
0
0.1589696
0.1316801
0.1189951
    
0.1328194
0.1255966
0.09984615
0
0.08579338
0.08263355
0.0742131
0.06750721
0
    
0.1836338
0
0.1967765
0.1936523
0.1903664
0.1806558
0
0.1568426
0.1325057
    
0.2422458
0.2260327
0.2102932
0.19693
0
0.1684154
0.1563048
0.1581332
0.1614061
    
0.2598475
0.2498008
0.2152279
0
0.1863713
0.1656958
0.1492606
0.1258359
0
    
0.2843712
0.2445481
0.2421801
0.2159436
0
0.187422
0.1513416
0.1639957
0.1105246
    
0.2500982
0.2414868
0
0.2460993
0.2216374
0.1818005
0.1740389
0
0.1536156
    
0.2223137
0
0.2134166
0.2080334
0.2033328
0.1850936
0
0.1494482
0.1359331
    
0.1792958
0
0.1733113
0.1521155
0.1621911
0.1460337
0
0.1597228
0.1217259
    
0.2012875
0.1636103
0.1533331
0.1483671
0
0.1345042
0.134039
0.1184229
0.1014994
    
0.1762539
0.175018
0
0.1745319
0.1708459
0.1531411
0.1240171
0
0.09863808
    
0.212271
0.2241956
0.2299948
0.1989518
0
0.1921692
0.1787857
0.1653974
0.1534321
    
0.1867272
0.1895265
0.1947919
0.1787927
0.1640781
0
0.1521017
0.1479024
0.1385708
    
0.1837926
0
0.1850448
0.1658126
0.1420202
0
0.1280036
0.1180987
0.1100695
    
0.2154918
0.2160714
0.2224057
0
0.2013327
0.1964773
0.1837962
0.1152265
0
    
0.2307262
0.2261258
0.1937573
0
0.1625537
0.1561719
0.1476343
0.1329813
0
    
0.2282307
0.2147179
0
0.2038348
0.1804112
0.1855431
0.1402102
0
0.121773
    
0.2140915
0.1807241
0
0.1646559
0.176583
0.1504535
0.1457883
0
0.1355705
    
0.200917
0.2131097
0.216589
0.2077033
0
0.1855163
0.1616175
0.1411508
0.1524694
    
0.1771091
0
0.1770391
0.172923
0.1707387
0.1702754
0
0.1474128
0.1438163
    
0.2061647
0
0.188834
0.2090722
0.1954655
0.1546308
0
0.1622217
0.1242403
    
0.2279439
0.2209112
0.2403222
0
0.187509
0.1672269
0.1685807
0.1123235
0
    
0.2496144
0
0.2616053
0.2795194
0.2560886
0.2623849
0
0.2590678
0.2326021
    
0.1904336
0
0.1878259
0.1783735
0.1672962
0.1575528
0
0.1474791
0.133797
    
0.2460188
0.2454157
0.2077833
0
0.1992707
0.174549
0.1496399
0.1560757
0
    
0.2721834
0
0.208749
0.1927426
0.1603625
0
0.1389499
0.1327294
0.1135794
    
0.2107809
0.2076741
0.2011541
0
0.1908714
0.1812847
0.1732621
0.1526975
0
    
0
0.2015102
0.1880789
0.1961577
0.1633242
0
0.1472254
0.1295253
0.1268371
    
0.1811581
0
0.1635927
0.1518408
0.1516306
0.1660793
0
0.1612789
0.1681837
    
0.2097526
0.1977322
0.1938996
0
0.1737493
0.173469
0.1717793
0.138887
0
    
0.1803395
0.1573142
0.1529412
0
0.154102
0.1737222
0.1631428
0.1396455
0
    
0.1926103
0.1869364
0.2007062
0.1741136
0
0.1671218
0.1396005
0.1257123
0.1353162
    
0.2037382
0.2059598
0.2151053
0
0.236483
0.2181385
0.1841983
0.1672539
0
    
0.2097942
0.2133695
0
0.2266491
0.1977887
0.1822974
0.1510856
0
0.1436273
    
0.2528637
0.2472437
0
0.2194337
0.1917399
0.1750384
0.1689011
0
0.1218343
    
0.245693
0.2112023
0
0.201829
0.215571
0.1936346
0
0.1589216
0.1406758
    
0.1946073
0
0.1918785
0.1786303
0.1719034
0.1439024
0
0.1416766
0.1233521
    
0.2450814
0.2424783
0.2332457
0
0.2080195
0.1719603
0.1578439
0
0.1555156
    
0.1996334
0
0.1625436
0.1559019
0.1483021
0.1358199
0
0.1135176
0.0932534
    
0.2005799
0.1746628
0.1486713
0
0.1446465
0.1536597
0.1347537
0.129245
0
    
0.2485836
0.2357393
0
0.1955978
0.170985
0.1988102
0.1431266
0
0.1390045
    
0.2315702
0.1786625
0.1556327
0
0.1226212
0.1212456
0.1214063
0.1268384
0
    
0.1901261
0.1669557
0.1599584
0.163743
0
0.1651173
0.1585987
0.1399551
0.1197309
    
0.2057653
0.1912074
0.1845779
0.1538447
0
0.1263901
0.1083788
0.1154296
0.09481004
    
0.2101853
0
0.1929605
0.171539
0.1700869
0.1291016
0
0.1176113
0.09647095
    
/n
0.3499946
0.3741759
0.3294675
0.3483445
0
0.222209
0.1218987
0.1984225
0.2685409
    
0.2240483
0.2142011
0.2204389
0.186557
0
0.1901439
0.1742599
0.1562526
0
    
0.2144784
0.2328875
0
0.2334576
0.2170616
0.2070816
0.2018672
0
0.1927019
    
0.2092505
0.2039175
0
0.2205532
0.2024815
0.2023374
0.1944124
0
0.1864548
    
0.2478058
0.214529
0
0.2057494
0.2150205
0.191073
0.1972125
0
0.1585017
    
0.2421357
0.2304804
0
0.2057881
0.1780331
0.1653931
0.157315
0
0.1630648
    
0.226735
0.2288521
0.2195562
0.2256506
0
0.211122
0.1859615
0.1580802
0.143997
    
0.2550815
0.2639055
0
0.215602
0.1994152
0.2076824
0.2111837
0
0.2053866
    
0.3109059
0
0.2657312
0.2774484
0.1889859
0
0.1856861
0.2030574
0.137818
    
0.2391209
0.2426672
0.2292356
0.2111219
0
0.2002971
0.1946006
0.198028
0.1966621
    
0.1696386
0.178956
0.1890982
0.1865187
0
0.1795779
0.1358518
0.130392
0.1300696
    
0.2101411
0.2074171
0.2076516
0
0.190111
0.1493801
0.1353832
0.1303886
0
    
0.186747
0.2164577
0.1825398
0.1907628
0
0.1940237
0.1792537
0.1712221
0.1746464
    
0.1761938
0.1741225
0
0.1861621
0.2045863
0.200018
0.1954171
0
0.1544926
    
0.2151825
0.2048378
0.1702765
0.1607166
0.1553651
0
0.1677694
0.1440767
0.1302878
    
0.2541795
0.228129
0.1858058
0
0.1476029
0.1440549
0.1572779
0
0.1325312
    
0.237046
0
0.2334144
0.195619
0.1629231
0.1568695
0
0.1514335
0.1531642
    
0.1939959
0.1700835
0.1684539
0.1808622
0
0.1398949
0.1340827
0.1244821
0.1096029
    
0.2143369
0.2136943
0.2163512
0.1814791
0
0.1537099
0.1503
0.1442376
0.1527296
    
0
0.1865707
0.1761763
0.1851289
0.1635179
0
0.1695561
0.1434301
0.1343251
    
0.2199597
0.2297583
0.2100558
0.1547744
0
0.1432282
0.1424659
0.1403167
0.1315778
    
0.1943179
0
0.1827176
0.1606149
0.1459846
0
0.1242727
0.1174672
0.1145541
    
0.20477
0.2149363
0
0.1971673
0.1932701
0.1883973
0.1701131
0
0.1719768
    
0.1913211
0.185057
0.1889945
0
0.1580549
0.1572988
0.1502908
0.1153581
0
    
0.2303034
0.2099388
0
0.2271586
0.2324809
0.1856325
0.1611147
0
0.1249316
    
0.1814764
0.1776505
0
0.1750764
0.1643845
0.158273
0.1114981
0
0.1108396
    
0.185083
0.18963
0.2098131
0.1799437
0
0.1953005
0.1641619
0.1219807
0.105584
    
0.2031133
0.1818809
0
0.1697447
0.1363915
0.1154849
0.1145606
0
0.1116279
    
0.1809933
0.1972293
0.1738208
0.1849013
0
0.1696701
0.1341874
0.1252312
0
    
0.2721371
0
0.2563213
0.2287277
0.1778755
0.1500129
0
0.1356671
0.137182
    
0.2014837
0.2042752
0.1930768
0.1896996
0
0.202577
0.1362078
0.1531819
0.1393699
    
0.1703565
0.1752045
0
0.1801648
0.1827482
0.1759303
0.1942416
0
0.1750901
    
0.2491298
0.2467977
0.2101146
0
0.1729847
0.1880307
0.1265354
0.1422713
0
    
0.1846707
0
0.1919093
0.177165
0.1780877
0.176612
0
0.1433472
0.1302721
    
0.2052538
0.2243715
0
0.2197733
0.2294935
0.2128754
0
0.2121869
0.1758936
    
0.2101837
0
0.2136703
0.1709492
0.1651262
0.1640469
0
0.1548988
0.1444612
    
0.2313107
0
0.236187
0.2248459
0.203349
0.1541492
0
0.1440853
0.1370837
    
0.2331187
0.2428012
0.2750354
0
0.1852349
0.175692
0.1815714
0.1383463
0
    
0.1893167
0.1692328
0
0.1565746
0.141911
0.1363457
0.1446079
0.1515737
0.1450176
    
0
0.2392665
0.2289416
0.1814864
0.1690281
0
0.114616
0.1146678
0.1215601
    
0.1929285
0.1732439
0
0.1680603
0.1621241
0.1591733
0.1535054
0
0.1530164
    
0.1886213
0.1842046
0
0.1997697
0.1462559
0.1405316
0.1303594
0
0.1165452
    
0
0.1932822
0.2081464
0.2309463
0.2180251
0
0.2212996
0.2012385
0.1670322
    
0.1660826
0
0.1588755
0.16212
0.1670676
0.1438071
0
0.1287824
0.1118102
    
0.1794422
0.1617895
0
0.175158
0.1758211
0.1558337
0.141307
0
0.133775
    
0.2012018
0
0.1983907
0.2159563
0.192216
0
0.1778721
0.1556465
0.1484449
    
0.2239531
0.2025726
0
0.2158109
0.2212834
0.1935335
0.2040558
0
0.2067585
    
0.2307553
0.2227039
0
0.1730273
0.1316133
0.1228234
0.1223491
0
0.1220181
    
0.2070069
0
0.2180592
0.2279989
0.1905623
0.1903818
0
0.1758185
0.1528721
    
0.2137359
0.2250335
0.2151961
0.1961731
0
0.1848965
0.1786765
0.1714539
0.1810201
    
0.2682164
0
0.2417498
0.2125574
0.2114895
0.1792593
0
0.1847086
0.138939
    
0.1982981
0.2093794
0.1932701
0.1963746
0
0.1808228
0.1731349
0.1618322
0.1656941
    
0.2098352
0
0.1969445
0.1781382
0.1600094
0.1556483
0
0.143951
0.1244944
    
0.2361933
0
0.2055615
0.1714013
0.1298647
0.1204499
0
0.1139535
0.09694907
    
0.2324601
0.2113672
0.170129
0
0.1536782
0.1525297
0.1451747
0
0.255812
    
0
0.2631719
0.2288843
0.1454006
0.1386726
0
0.142201
0.114065
0.1335212
    
0.1854784
0.1336268
0.1500322
0.1325809
0
0.1138256
0.09363646
0.09000301
0.08193471
    
0.2575941
0.2250696
0.2154117
0.177101
0
0.1658881
0.1356315
0.1272437
0.1350036
    
0.2316948
0.2203539
0.2102846
0.2003339
0
0.1852348
0.1728974
0.1578171
0.1346615
    
0.2096047
0.20435
0
0.1781424
0.1637245
0.1525212
0.1642417
0
0.1193417
    
0.2358628
0
0.2454391
0.2321734
0.2484001
0.1555969
0
0.1459427
0.1336124
    
0
0.1556553
0.1519357
0.1465033
1.91267
0
0.01783551
0.01696104
0.01815725
    
0.1891699
0.1847394
0.1798784
0
0.152767
0.1576246
0.1515839
0.1340768
0
    
0.1777437
0.1833874
0
0.1718435
0.1636244
0.1401985
0.1235787
0
0.1114182
    
0.1770607
0.1765156
0
0.165724
0.142943
0.1466456
0
0.09328339
0.09081207
    
0
0.1729386
0.1904923
0.1701118
0.1511433
0
0.1409401
0.1368957
0.1460887
    
0.1367912
0.1442802
0
0.1393717
0.1292111
0.128956
0.1320541
0
0.1434423
    
0.2037091
0.1971538
0.2015661
0
0.1789186
0.151455
0.1315175
0.1285416
0
    
0
0.1932324
0.1932763
0.1779195
0.1829088
0
0.1510583
0.1506736
0.1234425
    
0.2274262
0
0.2415304
0.2934747
0.2135422
0.2029759
0
0.1752802
0.1298006
    
0.1843863
0.1641578
0.1347117
0.115268
0
0.2223341
0
0.1103259
0.1052223
    
0
0.2131013
0.2268836
0.1675519
0
0.1557961
0.1459699
0.09618621
0.09438021
    
0.2197429
0.2226867
0
0.2002741
0.1748509
0.1547337
0.1375467
0
0.1172451
    
0.1725763
0.1837478
0.1917761
0
0.1921649
0.1474668
0.1458888
0.1452288
0
    
0.2013531
0.177672
0.1653199
0.16778
0
0.1618793
0.1476205
0.1425039
0.1272593
    
0.2971402
0.2745357
0.2326288
0
0.1711226
0.1304589
0.07366212
0.08389661
0
    
0.2148945
0
0.2017135
0.1662536
0.1736628
0.1756586
0
0.1593132
0.1340836
    
0.2194033
0.2022939
0.1979909
0.1701379
0
0.1379256
0.120143
0.09925131
0.07945637
    
0.1858692
0.1855243
0.1532661
0.1595719
0
0.1690468
0.1378798
0.1423341
0.1396648
    
0.1685691
0.1756111
0
0.1776062
0.1532865
0.1762428
0.1387497
0
0.1006548
    
0.3087989
0.2825707
0.2175472
0.1917901
0
0.1508188
0.1330578
0.1119697
0.09197327
    
0.2051643
0.2127871
0.2154243
0
0.185432
0.1717815
0.1403606
0.1136482
0
    
0.2312229
0.2174068
0.2143225
0
0.19739
0.2069863
0.1714631
0.1372454
0
    
0
0.2073195
0.1877303
0.2054923
0.131457
0
0.1217382
0.09858485
0.08993097
    
0.1506047
0.1431876
0.1368227
0.1306811
0
0.1215345
0.1114718
0.1084927
0.1068974
    
0
0.1826315
0.1704369
0.1665967
0.1410349
0
0.1298787
0.1272204
0.1041763
    
0.1814538
0.1735547
0.1517314
0
0.1374407
0.1211001
0.1183912
0.1078793
0
    
0.151727
0.1531712
0.1371653
0.1387426
0
0.1230843
0.1203098
0.1015227
0.09141134
    
0.2107062
0.1710519
0.1501523
0
0.1488114
0.1467142
0.1181921
0.1052535
0
    
0.252342
0.1965884
0.1773818
0
0.1542011
0.1187354
0.1095878
0.1033661
0
    
0.1982582
0.2043732
0.1953347
0.192742
0
0.2025126
0.1659174
0.1513405
0.1106342
    
0.1912925
0.1948987
0.1686242
0.1606031
0
0.137945
0.1130227
0.09767848
0
    
0
0.1694104
0.1634074
0.1372239
0.1393895
0
0.1369018
0.1183432
0.1089025
    
0.1570753
0.1522926
0.1482404
0
0.1467269
0.1482053
0.1409673
0.1402996
0
    
0.1622494
0
0.1437823
0.1274478
0.1178768
0.1070727
0
0.1117312
0.09352463
    
0.1795304
0.17203
0.1666676
0.1637431
0
0.167092
0.1426516
0.1438726
0.125634
    
0.1872521
0.1800827
0.182693
0
0.1724659
0.1787478
0.1664104
0.1360581
0
    
0.2294276
0
0.205716
0.1835024
0.1781913
0.1824342
0
0.9396222
0.03482531
    
/n
