    
    
    
    
    
    
    
(17.4, 175.1, 111.0)
(11.8, 184.9, 112.8)
(4.1, 198.1, 111.6)
(357.5, 214.6, 109.3)
(353.6, 227.3, 106.1)
(353.6, 227.3, 106.1)
(349.8, 240.7, 102.2)
(345.0, 251.3, 98.1)
(342.6, 258.2, 94.9)
(344.5, 261.9, 93.2)
    
(359.6, 175.1, 109.7)
(358.9, 182.6, 112.8)
(358.9, 182.6, 112.8)
(357.9, 189.6, 114.1)
(356.3, 194.6, 114.2)
(354.1, 198.7, 112.9)
(352.0, 203.2, 111.6)
(352.0, 203.2, 111.6)
(350.8, 208.1, 111.3)
(351.7, 213.2, 111.6)
    
(9.9, 184.2, 97.3)
(5.9, 187.3, 108.1)
(3.7, 192.6, 114.7)
(3.7, 192.6, 114.7)
(1.8, 202.3, 116.6)
(1.9, 214.9, 115.4)
(1.1, 223.7, 111.6)
(0.5, 228.5, 107.1)
(0.5, 228.5, 107.1)
(359.6, 231.1, 103.6)
    
(8.0, 177.6, 114.1)
(8.0, 177.6, 114.1)
(2.0, 186.7, 108.6)
(0.1, 195.6, 106.1)
(359.2, 204.7, 105.5)
(357.7, 209.2, 103.8)
(357.7, 209.2, 103.8)
(355.4, 211.8, 100.7)
(353.7, 214.6, 98.0)
(352.8, 217.1, 95.8)
    
(7.8, 188.7, 99.8)
(5.5, 196.8, 105.4)
(5.2, 207.7, 108.7)
(5.2, 218.9, 106.7)
(5.2, 218.9, 106.7)
(4.0, 227.0, 102.4)
(1.0, 233.4, 97.9)
(359.7, 238.8, 93.5)
(0.2, 242.4, 90.5)
(0.2, 242.4, 90.5)
    
(8.2, 181.2, 102.3)
(9.9, 189.5, 109.2)
(6.0, 198.5, 107.7)
(6.0, 198.5, 107.7)
(1.5, 209.4, 104.1)
(358.7, 222.2, 101.8)
(356.9, 230.3, 100.1)
(356.6, 237.1, 99.6)
(356.6, 237.1, 99.6)
(356.2, 238.5, 97.1)
    
(8.1, 178.3, 101.9)
(8.1, 189.6, 106.7)
(8.1, 189.6, 106.7)
(7.3, 203.6, 110.7)
(5.2, 213.6, 109.7)
(2.4, 217.6, 105.4)
(358.5, 218.1, 101.4)
(358.5, 218.1, 101.4)
(354.7, 219.1, 98.6)
(354.6, 220.5, 97.2)
    
(347.4, 206.1, 101.0)
(349.6, 211.7, 104.8)
(350.0, 215.5, 105.3)
(347.6, 218.5, 103.1)
(345.4, 222.9, 99.0)
(345.4, 222.9, 99.0)
(345.2, 227.6, 95.5)
(346.0, 232.9, 92.8)
(346.5, 237.3, 91.1)
(347.1, 239.5, 89.9)
    
(16.3, 162.9, 92.5)
(14.9, 172.3, 98.4)
(12.8, 181.3, 104.8)
(12.8, 181.3, 104.8)
(10.6, 190.9, 110.6)
(9.3, 203.3, 113.0)
(9.6, 213.0, 111.0)
(6.1, 219.6, 105.8)
(6.1, 219.6, 105.8)
(1.2, 222.8, 101.5)
    
(12.7, 169.1, 93.4)
(8.8, 177.6, 96.1)
(8.8, 177.6, 96.1)
(4.7, 183.9, 97.8)
(0.4, 190.0, 99.9)
(357.4, 196.8, 103.2)
(357.4, 204.9, 106.6)
(357.4, 204.9, 106.6)
(359.4, 212.3, 107.3)
(359.7, 217.1, 105.8)
    
(13.6, 190.4, 109.5)
(11.1, 200.2, 109.3)
(11.1, 200.2, 109.3)
(5.4, 209.2, 107.9)
(359.5, 218.6, 106.8)
(356.4, 229.0, 106.7)
(357.2, 239.6, 106.7)
(357.2, 239.6, 106.7)
(358.7, 246.1, 106.0)
(357.4, 250.1, 103.6)
    
(352.2, 183.2, 102.2)
(344.0, 190.9, 101.8)
(344.0, 190.9, 101.8)
(338.9, 199.3, 100.0)
(341.1, 208.3, 99.2)
(345.1, 213.4, 99.2)
(346.8, 215.6, 98.9)
(346.8, 215.6, 98.9)
(344.8, 215.7, 97.3)
(341.0, 215.0, 94.9)
    
(5.4, 190.7, 107.8)
(358.4, 198.3, 106.5)
(358.4, 198.3, 106.5)
(355.7, 208.2, 106.1)
(356.1, 218.7, 106.1)
(356.6, 226.3, 104.0)
(355.4, 231.7, 99.0)
(355.4, 231.7, 99.0)
(352.9, 233.8, 93.8)
(350.3, 235.6, 88.6)
    
(351.7, 197.5, 105.4)
(352.5, 205.8, 108.3)
(353.2, 214.3, 109.7)
(352.5, 221.6, 108.7)
(352.5, 221.6, 108.7)
(350.4, 227.5, 106.9)
(347.8, 232.5, 105.0)
(346.1, 237.0, 102.5)
(345.1, 241.2, 99.5)
(345.1, 241.2, 99.5)
    
(17.9, 183.6, 108.5)
(12.3, 191.5, 108.1)
(5.5, 197.4, 106.8)
(358.2, 201.4, 105.7)
(358.2, 201.4, 105.7)
(353.2, 205.0, 105.1)
(350.7, 209.9, 105.7)
(352.5, 216.4, 106.5)
(355.5, 222.8, 106.3)
(355.5, 222.8, 106.3)
    
(8.4, 188.3, 111.4)
(5.2, 194.7, 113.1)
(1.3, 201.1, 113.3)
(1.3, 201.1, 113.3)
(357.2, 206.1, 112.4)
(354.0, 210.5, 111.1)
(351.3, 214.9, 109.7)
(349.5, 217.2, 108.2)
(349.5, 217.2, 108.2)
(346.9, 217.8, 106.2)
    
(19.2, 180.3, 104.4)
(14.7, 184.8, 105.2)
(14.7, 184.8, 105.2)
(9.3, 190.6, 104.1)
(5.6, 195.8, 103.6)
(2.1, 200.7, 103.4)
(2.1, 200.7, 103.4)
(359.4, 205.1, 103.9)
(357.1, 209.9, 104.5)
(355.6, 215.1, 105.1)
    
(23.7, 184.6, 113.0)
(32.7, 202.7, 124.7)
(34.8, 215.2, 127.6)
(34.8, 215.2, 127.6)
(28.0, 217.4, 120.0)
(19.8, 216.8, 111.2)
(17.5, 218.2, 105.5)
(17.5, 218.2, 105.5)
(20.9, 221.7, 103.6)
(26.2, 224.9, 103.1)
    
(356.2, 181.8, 95.6)
(359.3, 189.6, 99.2)
(2.8, 196.8, 103.5)
(2.8, 196.8, 103.5)
(3.9, 201.4, 105.2)
(359.9, 203.5, 102.9)
(354.3, 205.1, 100.6)
(349.0, 207.3, 98.7)
(349.0, 207.3, 98.7)
(347.7, 210.8, 97.8)
    
(17.6, 180.1, 104.4)
(7.4, 180.4, 102.4)
(7.4, 180.4, 102.4)
(359.8, 183.5, 101.1)
(353.0, 188.7, 100.5)
(352.9, 198.1, 102.2)
(355.4, 209.4, 106.4)
(355.4, 209.4, 106.4)
(356.8, 216.3, 110.5)
(354.7, 217.5, 109.9)
    
(13.2, 180.5, 91.4)
(18.8, 190.4, 103.5)
(18.8, 190.4, 103.5)
(18.6, 192.6, 106.9)
(10.1, 192.3, 106.3)
(5.1, 197.5, 106.1)
(5.5, 206.3, 106.9)
(5.5, 206.3, 106.9)
(9.1, 215.5, 107.6)
(7.9, 218.0, 103.9)
    
(18.4, 174.7, 93.3)
(10.8, 177.9, 94.1)
(2.3, 180.9, 95.0)
(358.6, 185.9, 96.3)
(358.6, 185.9, 96.3)
(0.3, 195.2, 99.5)
(3.0, 202.9, 101.1)
(4.7, 209.8, 102.4)
(359.2, 212.4, 100.1)
(359.2, 212.4, 100.1)
    
(31.3, 180.4, 105.3)
(29.2, 185.3, 106.7)
(22.7, 188.9, 105.7)
(9.9, 194.1, 103.6)
(9.9, 194.1, 103.6)
(0.4, 198.7, 101.8)
(354.0, 204.5, 101.5)
(352.9, 212.4, 103.6)
(355.0, 220.7, 106.9)
(355.0, 220.7, 106.9)
    
(10.9, 184.1, 97.2)
(2.9, 187.7, 95.9)
(354.6, 191.4, 95.6)
(351.4, 196.1, 96.8)
(351.4, 196.1, 96.8)
(353.2, 202.0, 98.2)
(358.2, 209.0, 100.1)
(357.3, 212.5, 98.9)
(349.6, 214.3, 94.8)
(349.6, 214.3, 94.8)
    
(13.1, 178.5, 99.9)
(14.8, 193.8, 112.1)
(14.8, 193.8, 112.1)
(13.0, 203.6, 114.2)
(10.4, 212.9, 114.4)
(2.5, 218.2, 109.1)
(356.3, 222.9, 103.7)
(356.3, 222.9, 103.7)
(353.0, 228.6, 99.2)
(351.5, 236.2, 95.4)
    
(12.2, 185.4, 104.6)
(7.9, 189.1, 106.8)
(3.9, 193.4, 108.2)
(0.8, 198.4, 109.4)
(0.1, 204.9, 110.3)
(0.1, 204.9, 110.3)
(1.7, 212.3, 110.8)
(2.3, 217.8, 109.5)
(359.2, 220.6, 105.7)
(353.6, 222.0, 101.4)
    
(12.9, 177.7, 99.4)
(6.0, 181.2, 98.8)
(359.5, 185.1, 98.4)
(358.0, 191.0, 99.9)
(358.9, 197.7, 102.7)
(358.9, 197.7, 102.7)
(359.4, 203.0, 104.9)
(356.8, 206.2, 104.3)
(352.3, 208.7, 101.7)
(349.9, 211.8, 99.2)
    
(0.7, 181.0, 93.2)
(0.6, 187.6, 97.1)
(2.3, 194.2, 102.2)
(2.3, 194.2, 102.2)
(6.1, 200.6, 108.3)
(5.8, 205.1, 108.6)
(2.0, 208.9, 106.2)
(356.1, 213.1, 102.9)
(356.1, 213.1, 102.9)
(352.0, 217.9, 100.9)
    
(12.2, 185.1, 109.1)
(18.0, 196.7, 117.1)
(18.0, 196.7, 117.1)
(19.8, 203.3, 120.0)
(12.3, 204.1, 114.5)
(3.5, 205.4, 108.8)
(0.3, 209.8, 106.5)
(0.3, 209.8, 106.5)
(2.4, 214.6, 105.9)
(5.7, 217.4, 105.7)
    
(4.9, 186.1, 97.2)
(5.3, 190.7, 99.6)
(1.6, 194.2, 100.6)
(357.7, 199.2, 102.2)
(357.7, 199.2, 102.2)
(356.1, 203.0, 101.7)
(354.2, 205.4, 99.0)
(352.1, 205.9, 95.1)
(351.0, 206.6, 91.2)
(351.0, 206.6, 91.2)
    
(0.9, 200.6, 99.3)
(1.8, 214.1, 105.8)
(4.0, 225.6, 111.2)
(4.0, 225.6, 111.2)
(5.1, 233.4, 112.2)
(3.7, 237.9, 108.3)
(1.6, 239.7, 103.5)
(0.5, 242.1, 99.9)
(0.5, 242.1, 99.9)
(1.8, 245.3, 98.0)
    
(14.7, 170.3, 99.8)
(10.9, 175.3, 102.2)
(10.9, 175.3, 102.2)
(8.6, 180.6, 104.1)
(6.8, 186.2, 105.5)
(4.6, 192.0, 106.1)
(0.8, 196.0, 106.6)
(0.8, 196.0, 106.6)
(353.2, 198.2, 107.1)
(351.1, 200.8, 107.3)
    
(25.2, 180.1, 109.2)
(19.7, 184.6, 108.7)
(11.4, 188.1, 107.0)
(11.4, 188.1, 107.0)
(4.3, 191.5, 105.1)
(0.6, 196.6, 103.7)
(0.2, 203.6, 103.7)
(1.4, 211.8, 104.5)
(1.4, 211.8, 104.5)
(1.1, 216.7, 104.4)
    
(12.2, 185.0, 97.3)
(8.5, 190.1, 101.9)
(8.2, 197.8, 107.2)
(8.3, 206.5, 111.3)
(8.0, 215.0, 116.2)
(8.0, 215.0, 116.2)
(5.6, 219.8, 116.5)
(0.5, 223.6, 113.1)
(354.7, 228.6, 109.0)
(353.8, 234.4, 107.1)
    
(7.3, 184.5, 106.3)
(7.3, 184.5, 106.3)
(11.8, 196.0, 110.2)
(15.0, 207.2, 112.7)
(13.5, 213.9, 112.4)
(7.1, 216.8, 108.9)
(7.1, 216.8, 108.9)
(2.8, 219.3, 105.5)
(2.0, 222.9, 103.7)
(3.9, 226.3, 103.5)
    
(12.6, 178.9, 104.9)
(10.7, 184.9, 109.0)
(9.4, 192.3, 112.6)
(6.7, 199.7, 113.7)
(6.7, 199.7, 113.7)
(2.9, 204.7, 112.3)
(358.4, 209.8, 110.0)
(356.8, 214.0, 108.0)
(356.8, 217.5, 105.9)
(356.8, 217.5, 105.9)
    
(1.8, 181.0, 96.4)
(358.3, 185.1, 99.8)
(356.5, 190.8, 103.4)
(357.2, 199.3, 106.1)
(357.2, 199.3, 106.1)
(358.4, 206.8, 106.7)
(357.4, 212.0, 104.5)
(353.8, 214.6, 100.4)
(351.2, 216.9, 97.0)
(351.2, 216.9, 97.0)
    
(32.6, 191.7, 115.7)
(32.6, 191.7, 115.7)
(27.1, 195.9, 114.5)
(19.2, 199.9, 110.9)
(11.7, 205.7, 107.5)
(8.4, 213.5, 105.7)
(8.4, 213.5, 105.7)
(8.0, 223.1, 105.8)
(10.8, 233.4, 106.6)
(13.7, 240.2, 106.0)
    
(12.1, 170.0, 100.0)
(16.8, 180.1, 106.3)
(16.9, 186.8, 108.1)
(13.8, 191.4, 107.8)
(6.8, 193.4, 106.1)
(6.8, 193.4, 106.1)
(2.6, 196.1, 104.6)
(1.5, 200.9, 103.9)
(3.7, 207.8, 105.1)
(4.4, 212.0, 105.4)
    
(16.5, 182.4, 108.1)
(14.0, 187.2, 111.4)
(12.5, 193.9, 113.9)
(10.7, 201.6, 114.6)
(10.7, 201.6, 114.6)
(7.9, 208.2, 113.2)
(3.6, 212.6, 109.8)
(359.0, 215.7, 105.8)
(356.7, 219.1, 103.2)
(356.7, 219.1, 103.2)
    
(19.1, 185.4, 110.9)
(14.2, 192.3, 113.4)
(11.4, 200.6, 113.9)
(10.3, 209.9, 112.3)
(7.4, 215.2, 109.2)
(7.4, 215.2, 109.2)
(0.3, 219.0, 104.9)
(354.3, 222.7, 101.5)
(353.0, 229.2, 99.5)
(354.0, 232.2, 97.9)
    
(3.7, 184.5, 91.9)
(3.2, 190.1, 93.7)
(2.1, 192.9, 94.3)
(2.1, 192.9, 94.3)
(358.7, 193.9, 94.2)
(354.8, 195.0, 93.3)
(354.0, 198.0, 93.0)
(355.7, 203.3, 93.0)
(355.7, 203.3, 93.0)
(357.4, 207.6, 92.8)
    
(16.8, 177.1, 102.7)
(13.7, 185.0, 104.0)
(13.7, 185.0, 104.0)
(11.7, 193.5, 105.1)
(7.6, 199.1, 105.6)
(359.9, 202.5, 104.6)
(354.6, 206.2, 103.1)
(354.6, 206.2, 103.1)
(354.6, 211.0, 101.7)
(358.8, 215.9, 100.7)
    
(5.8, 178.5, 102.9)
(4.5, 186.1, 102.3)
(4.5, 186.1, 102.3)
(3.9, 193.4, 101.5)
(1.6, 197.5, 100.2)
(357.6, 200.8, 98.5)
(353.6, 203.3, 97.9)
(353.6, 203.3, 97.9)
(352.8, 205.7, 99.2)
(355.2, 209.1, 102.0)
    
(9.3, 172.8, 103.8)
(8.4, 183.8, 103.2)
(8.4, 183.8, 103.2)
(4.2, 193.6, 99.8)
(355.2, 202.6, 98.0)
(345.1, 210.2, 97.9)
(340.6, 216.5, 98.6)
(340.6, 216.5, 98.6)
(345.4, 221.5, 100.8)
(352.2, 223.2, 100.4)
    
(1.3, 184.1, 102.7)
(2.4, 191.5, 106.5)
(2.4, 191.5, 106.5)
(2.4, 196.7, 108.9)
(0.6, 199.8, 109.7)
(358.2, 201.9, 108.3)
(355.5, 204.8, 106.2)
(355.5, 204.8, 106.2)
(355.1, 208.6, 105.4)
(356.1, 213.1, 105.0)
    
(24.5, 193.3, 120.3)
(20.7, 200.2, 119.1)
(9.5, 202.2, 113.5)
(2.3, 205.1, 110.8)
(356.9, 210.0, 109.0)
(356.9, 210.0, 109.0)
(356.2, 218.4, 109.6)
(358.2, 224.6, 110.1)
(358.4, 227.9, 108.8)
(355.2, 228.0, 104.4)
    
(355.4, 183.5, 101.2)
(359.0, 190.0, 104.6)
(358.5, 194.2, 104.6)
(354.4, 197.6, 103.0)
(354.4, 197.6, 103.0)
(350.1, 201.7, 101.3)
(347.3, 207.0, 100.2)
(347.4, 212.4, 100.4)
(349.7, 216.6, 101.3)
(349.7, 216.6, 101.3)
    
(8.9, 179.2, 91.8)
(4.4, 184.9, 97.3)
(4.4, 184.9, 97.3)
(3.1, 195.0, 106.0)
(6.5, 207.6, 112.2)
(10.9, 217.2, 113.4)
(8.8, 218.4, 106.9)
(8.8, 218.4, 106.9)
(3.9, 217.4, 102.1)
(357.7, 216.1, 98.0)
    
(2.0, 180.8, 96.1)
(358.9, 187.6, 97.1)
(355.7, 195.0, 98.8)
(353.8, 201.9, 101.4)
(353.2, 208.1, 104.0)
(353.2, 208.1, 104.0)
(354.1, 214.6, 106.5)
(355.0, 219.4, 105.8)
(353.9, 222.1, 103.1)
(349.5, 223.6, 99.7)
    
(4.8, 199.6, 104.0)
(4.8, 199.6, 104.0)
(0.3, 206.4, 103.3)
(355.7, 213.6, 103.1)
(353.5, 220.5, 102.8)
(353.4, 227.9, 102.1)
(353.4, 227.9, 102.1)
(353.2, 232.1, 100.3)
(351.7, 235.0, 97.8)
(350.5, 237.4, 95.8)
    
(10.1, 176.6, 98.9)
(6.1, 183.5, 100.5)
(357.3, 189.9, 102.2)
(352.8, 195.1, 103.4)
(351.3, 201.2, 104.6)
(351.3, 201.2, 104.6)
(354.9, 207.6, 105.8)
(356.2, 211.4, 105.6)
(354.2, 213.5, 104.4)
(350.2, 215.6, 102.2)
    
(2.0, 178.5, 96.9)
(1.6, 185.4, 101.6)
(1.6, 185.4, 101.6)
(1.7, 193.1, 105.2)
(1.3, 199.8, 105.9)
(359.0, 205.2, 104.1)
(355.0, 208.4, 101.4)
(355.0, 208.4, 101.4)
(350.7, 211.6, 100.0)
(349.5, 214.4, 99.4)
    
(9.1, 194.2, 106.8)
(4.5, 200.8, 105.9)
(4.5, 200.8, 105.9)
(1.6, 207.4, 105.5)
(1.5, 214.4, 104.5)
(0.4, 218.0, 101.7)
(0.4, 218.0, 101.7)
(356.2, 219.2, 98.2)
(351.7, 219.0, 95.4)
(349.7, 219.5, 93.8)
    
(9.6, 201.2, 110.8)
(6.8, 208.2, 108.7)
(6.8, 208.2, 108.7)
(0.5, 210.8, 105.5)
(353.5, 213.7, 104.4)
(352.5, 220.2, 106.0)
(352.5, 220.2, 106.0)
(354.6, 225.9, 107.8)
(356.3, 228.7, 108.1)
(354.7, 227.7, 104.6)
    
(355.3, 199.9, 95.2)
(359.6, 204.3, 95.3)
(3.3, 207.5, 96.1)
(2.0, 208.1, 94.9)
(2.0, 208.1, 94.9)
(359.5, 207.8, 92.9)
(356.8, 207.4, 90.6)
(355.0, 206.9, 88.9)
(354.5, 206.4, 87.8)
(354.5, 206.4, 87.8)
    
(12.9, 177.9, 103.6)
(7.0, 181.2, 102.4)
(7.0, 181.2, 102.4)
(358.9, 184.8, 100.7)
(353.2, 189.3, 100.1)
(351.6, 194.8, 100.2)
(354.1, 200.7, 100.7)
(354.1, 200.7, 100.7)
(356.0, 204.5, 100.7)
(352.5, 205.7, 99.1)
    
(2.1, 181.1, 100.2)
(356.1, 190.1, 100.7)
(356.6, 199.7, 102.3)
(0.8, 208.3, 104.8)
(4.8, 214.4, 107.8)
(4.8, 214.4, 107.8)
(3.0, 216.4, 106.6)
(359.4, 217.9, 104.8)
(356.6, 220.6, 103.4)
(357.1, 225.1, 102.9)
    
(25.3, 187.5, 121.3)
(22.5, 202.1, 125.0)
(20.0, 214.1, 126.5)
(16.5, 218.4, 123.0)
(16.5, 218.4, 123.0)
(9.9, 217.4, 116.0)
(1.5, 216.8, 109.0)
(356.1, 218.9, 104.4)
(353.8, 221.1, 101.8)
(353.8, 221.1, 101.8)
    
(6.3, 181.7, 103.6)
(2.2, 191.9, 109.9)
(2.0, 202.4, 111.5)
(5.0, 213.8, 110.8)
(4.2, 220.8, 106.6)
(4.2, 220.8, 106.6)
(357.6, 223.7, 100.9)
(351.0, 225.2, 96.2)
(348.6, 228.3, 92.0)
(352.4, 229.0, 89.9)
    
(11.7, 173.3, 104.3)
(9.4, 184.2, 107.4)
(8.8, 195.7, 109.3)
(8.8, 195.7, 109.3)
(9.6, 208.1, 110.9)
(7.9, 216.5, 109.7)
(3.0, 219.5, 106.0)
(355.2, 220.9, 101.1)
(355.2, 220.9, 101.1)
(351.7, 223.1, 97.0)
    
(9.2, 187.1, 102.6)
(3.5, 194.9, 102.4)
(3.5, 194.9, 102.4)
(356.9, 201.6, 102.1)
(350.8, 207.9, 102.3)
(347.2, 215.1, 103.2)
(347.0, 222.1, 104.2)
(347.0, 222.1, 104.2)
(349.3, 226.8, 104.0)
(351.5, 229.5, 102.0)
    
(14.8, 192.6, 104.4)
(14.7, 198.7, 105.1)
(14.7, 198.7, 105.1)
(8.5, 201.9, 104.2)
(3.0, 204.4, 102.8)
(357.0, 207.2, 100.7)
(354.8, 210.5, 99.3)
(354.8, 210.5, 99.3)
(355.3, 215.1, 98.8)
(356.5, 218.3, 98.4)
    
(8.9, 192.7, 107.1)
(6.3, 200.2, 105.4)
(1.3, 203.7, 102.6)
(355.3, 206.2, 99.9)
(350.4, 208.9, 98.0)
(350.4, 208.9, 98.0)
(349.1, 212.3, 97.8)
(350.4, 216.6, 98.1)
(352.3, 219.8, 98.6)
(351.9, 221.4, 97.8)
    
(0.4, 171.8, 92.5)
(356.7, 177.0, 93.5)
(354.0, 182.2, 94.9)
(354.0, 182.2, 94.9)
(353.6, 188.3, 96.2)
(354.7, 195.5, 97.1)
(354.4, 201.4, 96.8)
(350.9, 204.4, 94.8)
(350.9, 204.4, 94.8)
(345.7, 205.4, 92.1)
    
(16.6, 180.4, 109.1)
(12.5, 187.2, 110.6)
(8.2, 194.8, 111.1)
(5.0, 203.4, 110.5)
(2.9, 209.9, 109.2)
(2.9, 209.9, 109.2)
(1.3, 215.5, 106.6)
(358.4, 220.1, 103.4)
(354.5, 224.1, 101.2)
(351.7, 228.2, 100.9)
    
(12.7, 181.7, 104.2)
(7.0, 186.5, 106.7)
(7.2, 194.6, 109.3)
(12.3, 206.2, 111.9)
(15.8, 216.2, 114.5)
(14.4, 222.0, 115.2)
(14.4, 222.0, 115.2)
(8.2, 224.2, 113.4)
(3.7, 226.9, 112.4)
(3.3, 230.7, 111.0)
    
(21.8, 192.9, 106.2)
(17.7, 202.2, 110.1)
(17.7, 202.2, 110.1)
(16.9, 213.9, 113.8)
(21.0, 225.3, 116.7)
(24.6, 233.7, 118.4)
(24.6, 233.7, 118.4)
(22.3, 236.8, 116.1)
(17.6, 238.2, 112.2)
(15.4, 241.0, 108.7)
    
(18.9, 191.9, 106.6)
(14.4, 201.8, 108.4)
(13.7, 211.6, 109.7)
(16.4, 223.5, 111.2)
(16.4, 223.5, 111.2)
(17.1, 234.4, 111.5)
(14.5, 243.7, 110.6)
(6.8, 249.9, 106.5)
(3.6, 251.3, 102.1)
(3.6, 251.3, 102.1)
    
(353.3, 183.1, 91.4)
(0.0, 195.7, 97.0)
(8.2, 209.7, 104.0)
(13.9, 220.3, 109.3)
(13.9, 220.3, 109.3)
(10.6, 223.8, 107.7)
(358.9, 224.4, 100.5)
(351.3, 228.1, 95.0)
(349.9, 233.6, 92.2)
(349.9, 233.6, 92.2)
    
(11.2, 195.3, 114.1)
(5.8, 205.3, 113.4)
(6.0, 215.9, 111.7)
(6.0, 215.9, 111.7)
(8.5, 227.1, 111.2)
(10.8, 237.0, 111.0)
(11.3, 247.0, 110.9)
(6.7, 251.3, 108.1)
(6.7, 251.3, 108.1)
(2.2, 252.8, 104.3)
    
(17.0, 180.2, 100.7)
(22.3, 193.5, 104.6)
(22.6, 202.5, 107.5)
(22.6, 202.5, 107.5)
(16.7, 207.8, 108.4)
(6.0, 212.7, 107.5)
(3.1, 217.9, 105.9)
(4.6, 223.7, 104.5)
(4.6, 223.7, 104.5)
(9.2, 228.0, 102.9)
    
(1.8, 159.6, 94.4)
(4.6, 167.7, 100.1)
(8.1, 178.3, 106.1)
(9.7, 190.2, 111.3)
(8.7, 200.7, 114.2)
(8.7, 200.7, 114.2)
(4.9, 207.5, 113.3)
(359.7, 211.6, 109.8)
(356.4, 215.2, 106.9)
(355.1, 220.4, 105.5)
    
(20.4, 180.5, 104.5)
(18.0, 187.3, 105.1)
(18.0, 187.3, 105.1)
(14.3, 193.5, 105.7)
(9.0, 198.7, 106.1)
(3.3, 203.3, 106.9)
(358.3, 207.5, 108.5)
(358.3, 207.5, 108.5)
(356.6, 211.2, 109.8)
(358.0, 215.7, 111.6)
    
(18.1, 178.3, 96.0)
(13.7, 186.1, 97.8)
(13.7, 186.1, 97.8)
(7.9, 192.5, 100.2)
(359.4, 199.3, 103.3)
(356.7, 206.1, 106.4)
(357.8, 212.0, 107.8)
(357.8, 212.0, 107.8)
(1.7, 218.9, 110.0)
(3.2, 222.7, 109.2)
    
(1.4, 171.7, 96.1)
(359.7, 180.6, 100.5)
(359.4, 190.5, 105.4)
(358.1, 202.3, 111.2)
(358.1, 202.3, 111.2)
(356.6, 210.1, 113.5)
(354.4, 216.0, 112.7)
(353.1, 221.9, 110.2)
(353.5, 225.0, 108.8)
(353.5, 225.0, 108.8)
    
(25.2, 175.6, 107.6)
(25.1, 185.3, 116.8)
(25.1, 185.3, 116.8)
(25.7, 196.2, 123.5)
(23.3, 204.9, 121.2)
(16.1, 210.0, 114.9)
(7.0, 216.7, 108.0)
(7.0, 216.7, 108.0)
(357.5, 227.0, 102.4)
(352.5, 237.8, 98.8)
    
(14.2, 193.4, 108.3)
(8.9, 198.4, 107.3)
(8.9, 198.4, 107.3)
(3.3, 203.0, 106.1)
(358.3, 206.6, 105.8)
(355.0, 209.5, 106.0)
(356.3, 213.3, 105.9)
(356.3, 213.3, 105.9)
(359.5, 216.9, 104.4)
(359.4, 218.7, 101.9)
    
(358.3, 178.5, 105.2)
(0.2, 188.7, 111.4)
(3.8, 201.6, 116.0)
(6.2, 210.8, 116.7)
(6.2, 210.8, 116.7)
(4.8, 216.1, 112.2)
(357.8, 218.4, 106.6)
(351.9, 220.4, 103.5)
(348.6, 223.4, 103.1)
(348.6, 223.4, 103.1)
    
(7.5, 181.7, 108.0)
(10.1, 199.1, 114.1)
(10.1, 199.1, 114.1)
(10.1, 208.3, 117.2)
(7.0, 213.1, 117.7)
(1.8, 213.9, 115.0)
(1.8, 213.9, 115.0)
(356.9, 214.2, 110.9)
(352.7, 214.6, 106.6)
(350.8, 215.5, 104.0)
    
(14.7, 177.9, 106.9)
(13.8, 187.0, 109.8)
(9.5, 194.5, 109.4)
(2.2, 200.3, 107.7)
(2.2, 200.3, 107.7)
(354.0, 204.7, 106.5)
(347.9, 209.1, 106.0)
(345.6, 214.4, 106.3)
(347.8, 220.4, 106.2)
(347.8, 220.4, 106.2)
    
(2.0, 186.2, 100.7)
(2.0, 186.2, 100.7)
(356.8, 192.6, 100.1)
(355.3, 199.0, 100.3)
(357.7, 206.6, 102.2)
(0.5, 211.8, 104.7)
(0.5, 211.8, 104.7)
(1.7, 214.8, 106.3)
(359.4, 215.4, 105.6)
(355.5, 216.0, 104.5)
    
(13.9, 198.6, 110.4)
(7.7, 200.7, 110.4)
(7.7, 200.7, 110.4)
(4.0, 200.8, 110.8)
(4.5, 201.0, 111.3)
(5.0, 202.8, 110.5)
(2.3, 205.4, 108.1)
(2.3, 205.4, 108.1)
(357.1, 208.2, 106.0)
(350.4, 211.5, 103.8)
    
(353.4, 171.5, 107.2)
(356.9, 181.0, 112.1)
(359.9, 190.2, 114.0)
(359.1, 197.7, 111.1)
(359.1, 197.7, 111.1)
(354.1, 202.3, 106.5)
(349.4, 207.0, 102.7)
(350.4, 212.1, 103.4)
(353.5, 215.9, 105.7)
(353.5, 215.9, 105.7)
    
(3.8, 181.3, 95.1)
(2.4, 186.7, 98.9)
(356.3, 188.5, 100.4)
(348.5, 189.9, 101.5)
(348.5, 189.9, 101.5)
(344.0, 193.6, 102.1)
(342.6, 200.4, 103.3)
(345.0, 208.8, 103.7)
(348.3, 215.3, 103.1)
(348.3, 215.3, 103.1)
    
(0.4, 173.8, 95.9)
(354.4, 178.7, 98.8)
(354.3, 185.1, 102.0)
(359.2, 194.4, 106.3)
(4.3, 203.0, 108.6)
(4.3, 203.0, 108.6)
(5.7, 208.8, 108.6)
(359.3, 209.5, 105.2)
(353.7, 210.5, 103.1)
(351.1, 213.8, 101.6)
    
(10.5, 171.3, 91.1)
(3.6, 174.4, 96.8)
(1.3, 179.8, 101.8)
(1.3, 188.0, 106.1)
(1.3, 188.0, 106.1)
(3.5, 199.1, 110.1)
(5.4, 209.9, 109.7)
(2.6, 215.9, 105.8)
(353.1, 219.1, 100.5)
(353.1, 219.1, 100.5)
    
(2.6, 167.8, 99.8)
(4.8, 173.5, 107.4)
(8.9, 185.2, 112.3)
(8.9, 185.2, 112.3)
(11.8, 199.5, 116.0)
(9.8, 208.0, 115.7)
(1.7, 211.9, 112.6)
(356.2, 215.3, 110.3)
(356.2, 215.3, 110.3)
(354.8, 219.8, 109.1)
    
(5.9, 178.8, 103.2)
(4.6, 189.6, 105.0)
(7.5, 201.4, 108.1)
(7.5, 201.4, 108.1)
(8.9, 209.8, 109.8)
(5.2, 214.1, 107.4)
(0.6, 217.7, 104.7)
(358.4, 222.5, 103.5)
(358.4, 222.5, 103.5)
(359.5, 225.3, 102.9)
    
(14.0, 185.0, 103.2)
(13.8, 195.1, 108.2)
(10.4, 201.7, 109.5)
(10.4, 201.7, 109.5)
(4.6, 207.1, 108.0)
(356.0, 213.5, 105.2)
(351.9, 220.4, 104.3)
(351.9, 220.4, 104.3)
(352.5, 225.9, 103.9)
(356.1, 229.3, 104.0)
    
(357.9, 188.8, 99.4)
(354.6, 195.1, 99.8)
(354.6, 195.1, 99.8)
(355.4, 202.0, 101.1)
(357.0, 208.5, 102.5)
(355.1, 213.2, 102.9)
(350.8, 215.7, 102.1)
(350.8, 215.7, 102.1)
(346.2, 218.0, 101.4)
(345.4, 220.6, 101.0)
    
(16.1, 178.8, 109.7)
(13.4, 188.1, 112.2)
(9.2, 196.9, 110.9)
(2.5, 203.3, 105.8)
(2.5, 203.3, 105.8)
(356.2, 208.0, 99.9)
(353.7, 211.6, 98.0)
(353.6, 214.9, 97.9)
(353.6, 214.9, 97.9)
(354.1, 217.9, 98.7)
    
(357.3, 205.4, 107.7)
(354.3, 211.3, 105.3)
(354.3, 211.3, 105.3)
(351.5, 214.7, 102.9)
(349.4, 218.1, 100.3)
(349.4, 222.6, 99.1)
(349.5, 227.1, 99.5)
(349.5, 227.1, 99.5)
(348.2, 229.7, 99.5)
(345.8, 231.0, 98.7)
    
(358.6, 189.7, 95.6)
(5.1, 198.6, 101.6)
(8.9, 204.1, 105.4)
(5.8, 205.4, 104.1)
(5.8, 205.4, 104.1)
(359.2, 206.9, 100.7)
(350.9, 209.5, 96.1)
(347.4, 212.6, 93.9)
(347.6, 216.3, 93.3)
(347.6, 216.3, 93.3)
    
(12.9, 189.8, 100.4)
(13.5, 201.0, 101.9)
(4.5, 207.7, 97.8)
(4.5, 207.7, 97.8)
(352.2, 211.4, 91.4)
(347.9, 215.4, 87.2)
(354.3, 221.8, 86.5)
(1.8, 225.6, 89.0)
(1.8, 225.6, 89.0)
(6.3, 228.1, 92.1)
    
(0.9, 187.9, 95.2)
(5.7, 199.5, 100.8)
(8.0, 205.9, 103.8)
(3.3, 207.2, 102.8)
(3.3, 207.2, 102.8)
(354.9, 206.3, 99.3)
(348.9, 206.6, 96.9)
(349.3, 209.0, 96.5)
(356.1, 213.1, 97.4)
(356.1, 213.1, 97.4)
    
(6.7, 180.3, 100.9)
(11.4, 188.9, 105.1)
(11.3, 193.5, 105.9)
(6.3, 196.1, 104.7)
(1.9, 200.0, 103.9)
(1.9, 200.0, 103.9)
(0.4, 205.2, 104.3)
(1.2, 210.7, 105.1)
(1.7, 214.6, 104.9)
(359.1, 215.6, 101.7)
    
(0.7, 179.8, 96.5)
(1.2, 187.9, 99.3)
(3.3, 196.4, 101.9)
(5.5, 204.2, 104.7)
(4.0, 207.8, 105.3)
(4.0, 207.8, 105.3)
(357.0, 207.5, 103.2)
(351.2, 207.2, 101.5)
(348.9, 208.8, 101.5)
(351.1, 211.0, 101.6)
    
(19.0, 190.4, 104.4)
(10.8, 197.5, 104.3)
(10.8, 197.5, 104.3)
(5.8, 203.3, 103.7)
(4.3, 208.5, 103.2)
(5.3, 213.8, 103.3)
(4.4, 215.0, 102.0)
(4.4, 215.0, 102.0)
(359.3, 213.8, 99.0)
(354.8, 212.7, 96.6)
    
/n
(8.8, 184.6, 83.3)
(12.7, 202.0, 84.2)
(11.3, 222.1, 92.9)
(352.1, 240.9, 103.3)
(336.0, 268.2, 100.0)
(336.0, 268.2, 100.0)
(344.6, 291.9, 98.5)
(354.8, 283.1, 101.5)
(359.0, 265.5, 85.6)
(2.4, 243.0, 62.3)
    
(13.6, 178.6, 97.0)
(9.6, 186.5, 99.0)
(2.5, 193.0, 99.1)
(354.4, 199.9, 98.6)
(351.4, 205.8, 98.1)
(351.4, 205.8, 98.1)
(350.7, 212.3, 97.9)
(352.6, 217.8, 97.8)
(354.9, 221.6, 96.9)
(354.9, 221.6, 96.9)
    
(20.6, 170.3, 97.4)
(18.9, 180.7, 102.9)
(16.2, 192.2, 103.8)
(16.2, 192.2, 103.8)
(12.3, 202.6, 101.9)
(5.8, 210.5, 98.4)
(357.8, 217.8, 95.0)
(351.2, 225.8, 93.2)
(351.2, 225.8, 93.2)
(348.8, 233.8, 93.0)
    
(13.9, 175.8, 92.8)
(10.7, 182.2, 99.8)
(7.8, 189.3, 103.3)
(7.8, 189.3, 103.3)
(4.2, 197.3, 104.6)
(359.5, 203.3, 102.9)
(354.0, 209.1, 100.0)
(349.5, 215.6, 96.9)
(349.5, 215.6, 96.9)
(347.6, 222.4, 95.3)
    
(8.6, 191.1, 97.0)
(8.9, 203.6, 98.7)
(3.1, 211.2, 97.7)
(3.1, 211.2, 97.7)
(355.4, 217.9, 96.3)
(348.2, 225.4, 95.4)
(347.6, 232.4, 95.1)
(353.2, 240.5, 96.4)
(353.2, 240.5, 96.4)
(358.4, 244.6, 96.4)
    
(9.1, 173.3, 101.3)
(7.5, 185.0, 106.5)
(9.3, 196.2, 109.1)
(9.3, 196.2, 109.1)
(10.7, 203.8, 107.8)
(6.8, 205.7, 101.7)
(356.3, 205.9, 94.1)
(348.0, 208.2, 90.7)
(348.0, 208.2, 90.7)
(341.8, 211.3, 89.5)
    
(8.3, 175.8, 92.3)
(1.8, 182.0, 93.7)
(354.0, 188.0, 93.7)
(348.7, 195.4, 92.9)
(345.5, 204.3, 91.7)
(345.5, 204.3, 91.7)
(347.0, 212.5, 91.1)
(349.8, 218.3, 90.5)
(349.6, 221.3, 88.9)
(346.0, 223.4, 86.9)
    
(357.1, 183.4, 95.2)
(355.4, 193.6, 98.9)
(356.4, 204.9, 101.8)
(356.4, 204.9, 101.8)
(356.2, 211.6, 99.5)
(353.4, 215.9, 93.9)
(348.8, 222.0, 89.5)
(346.4, 230.8, 87.0)
(346.4, 230.8, 87.0)
(346.8, 239.8, 85.6)
    
(8.6, 189.7, 96.1)
(13.7, 205.8, 101.5)
(13.7, 205.8, 101.5)
(14.2, 217.1, 101.4)
(4.8, 225.0, 95.0)
(357.5, 229.7, 90.6)
(357.5, 229.7, 90.6)
(353.3, 235.4, 88.2)
(356.1, 242.6, 88.7)
(0.0, 244.7, 88.0)
    
(7.1, 169.1, 92.0)
(11.2, 179.6, 96.2)
(14.0, 191.1, 98.1)
(12.1, 199.8, 97.7)
(5.1, 205.6, 95.6)
(5.1, 205.6, 95.6)
(357.2, 210.3, 93.6)
(351.5, 215.1, 92.8)
(350.7, 221.5, 93.5)
(355.7, 229.6, 94.9)
    
(13.0, 179.2, 88.1)
(4.8, 182.4, 91.2)
(358.5, 186.4, 95.2)
(355.9, 193.4, 99.2)
(358.5, 202.4, 101.5)
(358.5, 202.4, 101.5)
(6.5, 211.5, 103.2)
(7.6, 215.1, 101.9)
(4.5, 216.7, 98.2)
(358.1, 219.1, 94.2)
    
(16.2, 175.3, 94.9)
(15.5, 184.3, 98.9)
(16.9, 193.9, 102.8)
(18.8, 203.9, 106.8)
(18.8, 203.9, 106.8)
(16.8, 209.6, 108.9)
(9.6, 209.7, 106.6)
(0.3, 208.0, 103.5)
(355.6, 208.6, 102.1)
(355.6, 208.6, 102.1)
    
(1.8, 177.6, 105.5)
(5.2, 185.2, 107.6)
(12.5, 196.8, 109.9)
(11.0, 202.8, 108.8)
(7.4, 208.7, 108.4)
(7.4, 208.7, 108.4)
(4.2, 215.3, 108.1)
(3.4, 221.4, 106.5)
(4.0, 226.6, 103.5)
(4.8, 230.7, 97.9)
    
(11.3, 181.2, 95.2)
(2.3, 183.5, 94.8)
(356.4, 186.1, 93.9)
(356.4, 186.1, 93.9)
(355.1, 191.2, 94.5)
(358.9, 199.9, 98.1)
(4.7, 210.2, 103.2)
(9.5, 220.3, 108.6)
(9.5, 220.3, 108.6)
(6.9, 223.6, 108.3)
    
(12.7, 188.1, 96.5)
(15.0, 198.2, 100.9)
(12.0, 205.6, 103.3)
(5.7, 208.8, 101.3)
(2.3, 212.2, 99.3)
(4.1, 217.4, 99.7)
(4.1, 217.4, 99.7)
(10.9, 225.9, 103.2)
(16.5, 232.5, 106.6)
(18.8, 235.6, 108.1)
    
(7.2, 185.5, 97.9)
(10.0, 198.9, 102.6)
(10.9, 209.3, 105.6)
(5.4, 211.8, 101.8)
(5.4, 211.8, 101.8)
(358.2, 212.1, 97.5)
(355.9, 214.6, 96.7)
(359.6, 219.7, 98.3)
(359.6, 219.7, 98.3)
(5.3, 223.8, 98.9)
    
(357.3, 176.9, 95.9)
(1.3, 188.9, 98.8)
(1.3, 188.9, 98.8)
(7.7, 201.6, 102.5)
(10.2, 208.0, 103.3)
(359.6, 208.4, 100.3)
(345.9, 209.0, 99.2)
(345.9, 209.0, 99.2)
(343.1, 212.1, 99.3)
(350.8, 218.3, 99.5)
    
(18.8, 197.1, 111.4)
(14.5, 201.6, 111.4)
(8.2, 204.1, 108.6)
(4.8, 208.1, 106.0)
(7.0, 214.9, 104.4)
(7.0, 214.9, 104.4)
(8.8, 218.2, 102.7)
(7.8, 219.7, 99.6)
(0.2, 219.4, 94.8)
(353.3, 220.1, 91.3)
    
(0.4, 167.4, 90.1)
(358.1, 175.0, 94.8)
(359.6, 184.0, 98.6)
(4.7, 193.8, 101.7)
(6.9, 198.7, 100.5)
(6.9, 198.7, 100.5)
(3.7, 200.0, 96.8)
(356.1, 200.1, 92.5)
(350.0, 202.0, 89.6)
(345.1, 205.8, 87.1)
    
(30.4, 198.1, 107.3)
(30.4, 198.1, 107.3)
(22.6, 200.7, 102.9)
(12.5, 202.7, 99.1)
(358.6, 205.0, 94.9)
(349.1, 207.9, 92.0)
(349.1, 207.9, 92.0)
(343.2, 211.9, 90.6)
(345.3, 215.2, 90.8)
(352.8, 216.9, 91.6)
    
(343.4, 183.4, 92.4)
(341.3, 191.7, 93.9)
(345.0, 202.9, 95.1)
(352.3, 211.8, 96.6)
(354.1, 214.6, 95.3)
(354.1, 214.6, 95.3)
(352.0, 215.7, 92.6)
(349.9, 217.7, 90.5)
(350.1, 220.5, 89.4)
(350.7, 222.5, 88.2)
    
(0.2, 191.7, 101.5)
(359.3, 198.4, 101.0)
(359.3, 198.4, 101.0)
(359.2, 204.7, 100.6)
(358.5, 208.9, 99.3)
(356.0, 211.4, 97.8)
(356.0, 211.4, 97.8)
(353.7, 213.2, 96.1)
(353.8, 215.1, 94.8)
(356.9, 216.6, 93.7)
    
(360.0, 177.6, 94.4)
(0.0, 184.0, 98.8)
(4.6, 193.2, 101.7)
(4.6, 193.2, 101.7)
(8.0, 200.6, 102.0)
(6.4, 205.9, 99.9)
(358.7, 209.6, 96.3)
(353.4, 213.6, 93.9)
(353.4, 213.6, 93.9)
(351.6, 219.3, 92.4)
    
(8.6, 181.8, 97.3)
(8.5, 188.1, 100.6)
(9.3, 195.4, 102.4)
(8.0, 202.0, 103.1)
(8.0, 202.0, 103.1)
(3.2, 205.5, 102.2)
(356.6, 208.4, 100.7)
(353.9, 212.0, 99.0)
(355.0, 214.6, 97.8)
(355.0, 214.6, 97.8)
    
(16.6, 195.2, 100.6)
(10.4, 201.1, 99.2)
(3.5, 207.0, 98.3)
(3.5, 207.0, 98.3)
(355.2, 213.9, 97.3)
(351.0, 222.5, 95.3)
(354.2, 228.9, 93.9)
(358.1, 232.0, 92.2)
(358.1, 232.0, 92.2)
(355.8, 231.0, 88.4)
    
(13.4, 180.9, 92.2)
(5.2, 186.9, 90.1)
(0.4, 192.9, 89.7)
(0.4, 192.9, 89.7)
(0.2, 198.9, 91.6)
(3.5, 204.7, 94.3)
(8.6, 209.7, 97.2)
(7.1, 210.6, 95.8)
(7.1, 210.6, 95.8)
(3.0, 210.8, 93.1)
    
(19.7, 187.5, 97.9)
(13.1, 191.7, 98.4)
(4.0, 195.0, 98.2)
(357.4, 200.6, 98.1)
(357.8, 207.3, 97.9)
(357.8, 207.3, 97.9)
(2.9, 216.2, 98.6)
(5.3, 221.3, 98.6)
(1.5, 221.8, 96.0)
(355.2, 221.0, 92.8)
    
(8.1, 190.7, 89.1)
(1.8, 197.5, 89.8)
(2.6, 204.4, 91.1)
(2.6, 204.4, 91.1)
(6.3, 210.3, 93.0)
(6.7, 211.9, 93.1)
(3.5, 212.0, 91.6)
(3.1, 213.3, 90.6)
(3.1, 213.3, 90.6)
(4.1, 215.2, 89.7)
    
(16.8, 183.9, 102.4)
(7.7, 186.2, 99.1)
(1.5, 190.5, 97.5)
(1.0, 196.2, 97.9)
(2.5, 203.0, 99.4)
(2.5, 203.0, 99.4)
(4.2, 208.6, 99.9)
(3.3, 210.9, 98.3)
(1.1, 212.2, 95.7)
(1.1, 212.2, 95.7)
    
(9.6, 177.5, 98.2)
(4.9, 188.8, 101.7)
(4.9, 188.8, 101.7)
(4.7, 200.2, 104.1)
(8.3, 209.6, 106.1)
(9.0, 213.0, 105.5)
(4.6, 211.8, 101.7)
(4.6, 211.8, 101.7)
(358.0, 211.0, 97.9)
(354.5, 213.5, 95.6)
    
(12.3, 181.6, 107.6)
(5.5, 187.9, 106.4)
(1.0, 195.0, 106.6)
(1.0, 202.6, 107.8)
(4.0, 211.3, 109.6)
(4.0, 211.3, 109.6)
(10.3, 221.1, 110.6)
(8.3, 222.4, 105.9)
(359.8, 223.2, 98.1)
(352.0, 225.0, 93.7)
    
(27.9, 197.5, 111.3)
(25.1, 199.4, 106.6)
(18.8, 201.6, 102.6)
(18.8, 201.6, 102.6)
(10.5, 204.0, 99.3)
(2.4, 206.8, 96.7)
(357.5, 210.5, 95.1)
(356.5, 217.1, 95.1)
(356.5, 217.1, 95.1)
(0.3, 223.4, 96.7)
    
(12.2, 186.3, 109.3)
(12.1, 199.2, 111.0)
(15.4, 213.5, 112.9)
(17.5, 222.1, 112.6)
(17.5, 222.1, 112.6)
(11.9, 222.2, 107.0)
(359.3, 222.0, 99.5)
(357.1, 224.6, 97.9)
(358.0, 229.4, 97.8)
(358.0, 229.4, 97.8)
    
(14.9, 179.6, 104.0)
(10.0, 184.5, 104.3)
(10.0, 184.5, 104.3)
(2.2, 188.8, 105.1)
(357.5, 193.1, 105.3)
(355.9, 198.9, 105.6)
(357.6, 206.0, 106.5)
(357.6, 206.0, 106.5)
(359.1, 210.2, 105.9)
(359.5, 212.1, 104.0)
    
(6.0, 167.6, 92.5)
(6.7, 174.2, 99.0)
(10.1, 182.8, 106.0)
(10.1, 182.8, 106.0)
(11.5, 191.8, 108.5)
(11.3, 200.2, 107.7)
(5.9, 205.4, 103.6)
(5.9, 205.4, 103.6)
(355.7, 210.0, 98.0)
(347.6, 214.5, 95.1)
    
(8.0, 182.7, 104.6)
(7.2, 191.6, 106.1)
(7.2, 191.6, 106.1)
(7.8, 200.4, 108.2)
(5.6, 204.0, 107.7)
(1.2, 206.1, 106.1)
(354.7, 207.5, 103.9)
(354.7, 207.5, 103.9)
(350.9, 209.9, 101.9)
(350.7, 213.3, 99.7)
    
(11.4, 186.5, 108.1)
(7.0, 195.2, 110.0)
(7.0, 195.2, 110.0)
(4.1, 205.0, 111.5)
(4.5, 215.4, 112.6)
(7.4, 223.5, 113.2)
(6.7, 224.9, 110.8)
(6.7, 224.9, 110.8)
(1.8, 224.4, 106.2)
(358.5, 225.7, 103.9)
    
(12.0, 175.7, 104.6)
(8.6, 183.9, 107.9)
(7.3, 194.2, 110.5)
(9.8, 207.6, 111.9)
(9.8, 207.6, 111.9)
(7.7, 211.0, 107.9)
(1.9, 212.5, 102.0)
(355.1, 215.0, 96.7)
(353.7, 216.8, 95.0)
(353.7, 216.8, 95.0)
    
(11.6, 180.4, 101.7)
(9.3, 187.5, 102.6)
(10.3, 193.1, 102.9)
(10.3, 193.1, 102.9)
(11.0, 196.2, 103.0)
(9.9, 196.8, 102.1)
(6.5, 197.0, 100.5)
(1.4, 197.9, 98.9)
(355.5, 200.3, 96.5)
(350.9, 203.4, 94.3)
    
(4.9, 189.8, 112.0)
(4.9, 189.8, 112.0)
(3.5, 202.2, 112.3)
(4.7, 213.6, 109.8)
(4.4, 217.9, 105.9)
(355.0, 215.6, 97.1)
(355.0, 215.6, 97.1)
(348.0, 214.2, 92.2)
(343.7, 213.7, 89.3)
(345.3, 214.5, 90.1)
    
(9.7, 180.3, 108.1)
(8.4, 187.0, 112.6)
(8.6, 192.4, 113.8)
(8.6, 192.4, 113.8)
(9.6, 196.8, 111.8)
(7.0, 199.0, 106.4)
(0.6, 200.6, 100.6)
(353.6, 202.7, 96.2)
(353.6, 202.7, 96.2)
(348.4, 206.0, 94.0)
    
(12.4, 181.9, 104.4)
(5.7, 187.8, 102.2)
(1.5, 193.7, 100.6)
(1.5, 193.7, 100.6)
(3.5, 202.1, 100.3)
(5.2, 205.9, 100.3)
(7.2, 208.3, 100.2)
(2.8, 207.9, 97.6)
(2.8, 207.9, 97.6)
(357.7, 208.7, 96.2)
    
(19.3, 188.3, 103.8)
(19.3, 188.3, 103.8)
(15.6, 194.8, 106.6)
(8.0, 200.4, 108.6)
(356.8, 206.9, 108.5)
(349.7, 214.2, 106.5)
(349.7, 214.2, 106.5)
(347.6, 223.6, 103.4)
(352.2, 232.0, 101.2)
(356.6, 235.5, 99.4)
    
(11.7, 195.4, 102.5)
(3.0, 197.3, 100.6)
(3.0, 197.3, 100.6)
(356.9, 200.2, 99.6)
(352.9, 204.2, 99.2)
(353.5, 210.0, 99.6)
(356.8, 214.8, 100.4)
(356.8, 214.8, 100.4)
(359.8, 217.9, 101.2)
(358.5, 218.5, 99.8)
    
(10.4, 179.2, 97.8)
(0.5, 181.8, 97.4)
(357.1, 184.9, 98.4)
(357.1, 184.9, 98.4)
(356.7, 189.2, 101.6)
(2.1, 196.0, 105.7)
(7.1, 202.1, 107.8)
(9.1, 205.5, 107.4)
(9.1, 205.5, 107.4)
(5.0, 205.4, 102.8)
    
(12.2, 169.7, 96.9)
(4.6, 174.6, 97.4)
(4.6, 174.6, 97.4)
(0.2, 180.1, 97.9)
(358.7, 187.6, 99.4)
(359.3, 194.1, 100.9)
(359.3, 194.1, 100.9)
(359.2, 198.8, 102.1)
(356.5, 201.1, 101.5)
(353.1, 203.4, 100.1)
    
(31.5, 168.9, 107.5)
(28.7, 177.2, 108.1)
(23.1, 182.5, 107.0)
(23.1, 182.5, 107.0)
(13.8, 187.1, 104.3)
(4.4, 191.8, 101.1)
(2.1, 197.2, 100.1)
(2.6, 204.3, 100.7)
(2.6, 204.3, 100.7)
(6.1, 212.9, 103.2)
    
(347.7, 176.4, 100.3)
(346.9, 185.6, 105.4)
(351.6, 196.8, 110.8)
(351.6, 196.8, 110.8)
(357.0, 203.2, 113.2)
(354.4, 203.4, 108.9)
(347.5, 202.6, 101.4)
(344.3, 204.6, 96.6)
(344.3, 204.6, 96.6)
(345.9, 208.2, 93.9)
    
(21.3, 171.7, 103.5)
(15.9, 178.7, 105.3)
(15.9, 178.7, 105.3)
(9.8, 186.4, 106.8)
(6.6, 195.8, 108.3)
(6.8, 203.0, 108.0)
(9.1, 210.1, 107.6)
(9.1, 210.1, 107.6)
(8.8, 213.9, 105.6)
(3.2, 214.7, 101.5)
    
(4.1, 181.9, 101.9)
(5.7, 189.3, 107.5)
(7.9, 199.5, 109.8)
(7.9, 207.8, 108.9)
(2.2, 211.6, 105.7)
(2.2, 211.6, 105.7)
(353.7, 214.4, 102.5)
(347.8, 218.0, 100.3)
(345.7, 223.2, 99.3)
(347.7, 230.7, 99.7)
    
(13.4, 189.2, 112.1)
(16.7, 204.7, 116.3)
(16.7, 204.7, 116.3)
(16.3, 214.3, 116.6)
(9.6, 217.5, 112.9)
(357.6, 219.1, 107.8)
(351.5, 221.4, 104.6)
(351.5, 221.4, 104.6)
(353.0, 225.9, 101.8)
(357.8, 228.5, 100.4)
    
(20.2, 185.1, 108.6)
(12.2, 189.4, 105.9)
(4.5, 194.5, 104.4)
(1.1, 199.0, 104.3)
(2.5, 204.3, 105.1)
(2.5, 204.3, 105.1)
(4.7, 208.6, 104.3)
(2.8, 211.6, 100.9)
(357.8, 214.5, 97.2)
(350.8, 218.1, 93.2)
    
(5.8, 192.6, 108.0)
(3.7, 200.3, 105.8)
(3.7, 200.3, 105.8)
(3.8, 207.1, 103.2)
(1.8, 211.8, 99.9)
(356.2, 214.8, 95.6)
(351.9, 218.7, 93.4)
(351.9, 218.7, 93.4)
(351.9, 222.5, 93.0)
(355.3, 224.8, 93.7)
    
(359.1, 198.7, 100.0)
(0.4, 210.5, 104.1)
(0.4, 210.5, 104.1)
(4.2, 220.1, 107.8)
(5.5, 224.6, 108.1)
(0.2, 224.0, 104.3)
(354.1, 223.1, 100.7)
(354.1, 223.1, 100.7)
(352.5, 223.6, 98.1)
(355.2, 224.4, 96.4)
    
(5.7, 189.8, 102.0)
(2.9, 199.0, 103.4)
(4.4, 206.1, 104.0)
(3.7, 208.3, 102.3)
(3.7, 208.3, 102.3)
(355.4, 208.7, 100.2)
(346.6, 210.0, 100.8)
(342.1, 213.0, 101.0)
(342.1, 213.0, 101.0)
(347.4, 221.3, 98.6)
    
(359.8, 196.8, 104.5)
(359.8, 196.8, 104.5)
(6.4, 213.4, 109.9)
(14.0, 225.1, 115.5)
(11.2, 223.9, 111.9)
(2.4, 219.7, 105.2)
(2.4, 219.7, 105.2)
(352.6, 217.8, 99.9)
(351.4, 219.1, 97.6)
(353.9, 222.7, 95.3)
    
(4.9, 186.2, 96.7)
(350.6, 191.1, 95.0)
(347.9, 195.1, 93.6)
(348.1, 200.7, 92.6)
(353.4, 205.6, 93.2)
(353.4, 205.6, 93.2)
(357.6, 208.8, 94.0)
(357.6, 210.2, 93.9)
(354.9, 211.1, 92.6)
(353.4, 212.3, 91.9)
    
(15.2, 184.7, 107.0)
(14.8, 199.6, 111.1)
(16.0, 212.5, 113.5)
(16.7, 223.8, 115.2)
(13.7, 228.3, 113.4)
(13.7, 228.3, 113.4)
(5.3, 228.7, 108.9)
(359.5, 228.9, 105.7)
(357.5, 230.2, 104.4)
(3.3, 234.3, 106.2)
    
(6.9, 171.8, 98.3)
(7.1, 181.0, 103.4)
(7.8, 191.3, 104.4)
(8.1, 200.5, 103.8)
(5.7, 207.9, 102.0)
(5.7, 207.9, 102.0)
(0.1, 213.5, 99.4)
(354.9, 218.6, 97.5)
(352.5, 223.2, 96.4)
(353.5, 226.0, 95.3)
    
(13.8, 183.1, 110.4)
(14.4, 194.5, 111.9)
(16.1, 204.0, 109.6)
(16.1, 204.0, 109.6)
(13.3, 208.5, 104.5)
(5.5, 211.2, 98.9)
(356.1, 213.5, 93.9)
(345.4, 217.5, 89.3)
(345.4, 217.5, 89.3)
(344.1, 221.0, 88.9)
    
(2.1, 172.0, 106.4)
(355.6, 179.8, 107.2)
(355.6, 179.8, 107.2)
(353.0, 192.5, 106.6)
(355.7, 206.3, 106.0)
(2.8, 221.5, 107.6)
(2.1, 224.5, 105.0)
(2.1, 224.5, 105.0)
(356.8, 224.5, 99.9)
(350.8, 224.4, 94.5)
    
(21.6, 177.4, 109.0)
(21.6, 177.4, 109.0)
(18.2, 183.6, 106.8)
(14.5, 188.4, 104.2)
(10.8, 192.2, 101.9)
(6.9, 196.5, 101.6)
(6.9, 196.5, 101.6)
(4.6, 200.3, 100.9)
(2.8, 204.1, 100.7)
(0.1, 208.1, 100.4)
    
(20.5, 187.2, 108.2)
(21.7, 198.6, 113.1)
(21.9, 209.1, 117.4)
(19.5, 216.2, 118.8)
(19.5, 216.2, 118.8)
(14.4, 218.8, 116.9)
(8.3, 221.5, 115.3)
(5.3, 224.8, 114.2)
(6.9, 228.5, 112.4)
(6.9, 228.5, 112.4)
    
(359.9, 188.7, 101.6)
(0.8, 197.8, 105.6)
(2.8, 208.3, 111.3)
(2.8, 208.3, 111.3)
(4.3, 218.6, 116.8)
(5.7, 227.6, 120.0)
(3.9, 230.7, 116.8)
(358.5, 229.4, 109.4)
(358.5, 229.4, 109.4)
(354.3, 229.2, 103.5)
    
(18.8, 197.7, 113.7)
(9.6, 202.1, 113.4)
(359.9, 206.5, 111.4)
(359.9, 206.5, 111.4)
(353.5, 211.3, 107.8)
(352.3, 215.7, 104.2)
(357.0, 220.4, 101.2)
(357.0, 220.4, 101.2)
(358.8, 220.7, 99.4)
(358.6, 219.4, 96.2)
    
(356.3, 161.6, 93.1)
(356.3, 161.6, 93.1)
(0.7, 170.7, 96.8)
(5.6, 182.5, 100.4)
(5.3, 191.0, 101.7)
(0.8, 196.2, 100.7)
(0.8, 196.2, 100.7)
(355.3, 200.4, 98.8)
(351.8, 205.2, 96.6)
(352.9, 211.5, 94.2)
    
(0.5, 158.9, 97.3)
(359.5, 163.9, 99.4)
(359.9, 169.7, 101.0)
(359.9, 169.7, 101.0)
(359.9, 174.4, 101.9)
(357.6, 176.6, 101.3)
(355.1, 179.1, 100.9)
(351.8, 181.4, 100.8)
(351.8, 181.4, 100.8)
(348.8, 184.8, 101.2)
    
(4.6, 175.8, 108.9)
(3.1, 185.7, 111.3)
(2.6, 196.3, 112.4)
(2.9, 208.3, 114.6)
(2.9, 208.3, 114.6)
(2.3, 216.6, 116.3)
(359.9, 219.8, 115.5)
(355.8, 220.3, 112.2)
(351.2, 220.9, 108.2)
(351.2, 220.9, 108.2)
    
(357.4, 192.1, 97.3)
(357.4, 192.1, 97.3)
(356.3, 201.9, 99.5)
(354.3, 211.7, 100.7)
(352.7, 220.4, 101.0)
(351.5, 229.6, 101.2)
(351.5, 229.6, 101.2)
(350.4, 236.2, 100.5)
(349.6, 242.8, 99.6)
(350.5, 247.6, 99.4)
    
(3.6, 182.1, 96.4)
(4.9, 192.0, 101.0)
(4.9, 192.0, 101.0)
(7.3, 204.4, 106.1)
(11.1, 224.8, 114.1)
(9.0, 233.8, 115.5)
(2.3, 237.8, 113.4)
(2.3, 237.8, 113.4)
(352.8, 235.9, 105.5)
(350.4, 234.4, 98.8)
    
(8.7, 184.3, 110.3)
(4.2, 192.4, 109.1)
(2.2, 199.0, 108.2)
(1.4, 202.2, 106.2)
(360.0, 203.1, 103.8)
(360.0, 203.1, 103.8)
(355.5, 205.3, 98.5)
(355.5, 205.3, 98.5)
(354.3, 207.1, 96.7)
(352.0, 208.1, 95.2)
    
(3.2, 190.9, 108.7)
(3.2, 190.9, 108.7)
(357.2, 200.2, 109.7)
(353.6, 212.2, 109.7)
(354.2, 220.3, 107.9)
(354.2, 220.3, 107.9)
(357.1, 227.4, 105.8)
(0.7, 231.5, 103.4)
(357.5, 230.0, 99.0)
(349.4, 228.1, 93.2)
    
(353.8, 185.5, 103.6)
(354.3, 196.4, 104.9)
(356.4, 208.6, 106.9)
(356.4, 208.6, 106.9)
(357.8, 218.4, 108.2)
(355.3, 224.2, 106.8)
(350.6, 227.6, 103.2)
(347.9, 230.4, 100.3)
(347.9, 230.4, 100.3)
(348.4, 231.9, 98.0)
    
(0.6, 169.9, 94.2)
(357.7, 177.1, 95.3)
(357.8, 186.1, 97.0)
(359.1, 196.1, 98.7)
(359.1, 196.1, 98.7)
(0.3, 205.5, 100.5)
(358.2, 209.7, 100.2)
(353.6, 213.1, 98.7)
(349.3, 216.8, 97.5)
(349.3, 216.8, 97.5)
    
(6.1, 185.0, 98.0)
(3.2, 192.1, 102.2)
(356.4, 195.8, 104.8)
(351.9, 199.7, 106.3)
(350.1, 204.8, 107.3)
(350.1, 204.8, 107.3)
(352.0, 211.8, 106.9)
(354.8, 218.3, 105.0)
(356.3, 223.2, 102.6)
(352.5, 224.2, 98.7)
    
(3.1, 194.9, 104.0)
(355.7, 209.4, 102.4)
(355.0, 223.8, 99.8)
(359.2, 234.6, 99.7)
(359.2, 234.6, 99.7)
(3.1, 237.4, 100.4)
(357.0, 230.3, 97.1)
(352.6, 226.4, 94.4)
(346.8, 222.1, 92.3)
(346.8, 222.1, 92.3)
    
(5.6, 184.4, 104.6)
(8.1, 194.7, 108.4)
(8.1, 194.7, 108.4)
(6.3, 201.6, 108.1)
(0.3, 205.3, 105.1)
(352.7, 209.9, 101.7)
(348.2, 216.0, 99.5)
(348.2, 216.0, 99.5)
(348.7, 222.2, 99.0)
(351.7, 226.8, 99.2)
    
(351.9, 181.9, 98.3)
(354.6, 194.2, 98.6)
(358.4, 206.1, 100.4)
(0.9, 217.7, 103.9)
(359.4, 224.6, 107.7)
(359.4, 224.6, 107.7)
(353.8, 226.5, 108.8)
(349.0, 227.2, 109.1)
(348.5, 227.2, 108.3)
(351.9, 226.4, 106.0)
    
(3.5, 190.7, 114.0)
(4.6, 197.6, 114.3)
(12.3, 206.6, 113.5)
(12.8, 210.6, 111.6)
(10.5, 213.3, 108.9)
(10.5, 213.3, 108.9)
(358.5, 214.3, 104.7)
(349.3, 215.9, 101.7)
(341.1, 218.7, 98.5)
(340.8, 222.7, 95.0)
    
(13.0, 185.8, 105.3)
(2.6, 186.4, 104.0)
(349.2, 186.8, 102.4)
(349.2, 186.8, 102.4)
(339.0, 189.7, 100.7)
(337.6, 195.5, 99.1)
(343.2, 205.5, 97.9)
(351.7, 212.0, 99.2)
(351.7, 212.0, 99.2)
(353.9, 213.5, 99.4)
    
(359.3, 170.1, 102.1)
(3.5, 189.2, 106.3)
(5.1, 205.5, 109.5)
(0.5, 213.0, 109.5)
(350.0, 214.8, 106.8)
(350.0, 214.8, 106.8)
(343.9, 216.7, 103.2)
(346.3, 220.0, 100.5)
(353.4, 222.5, 98.7)
(357.3, 222.4, 96.9)
    
(18.3, 183.3, 106.2)
(9.9, 189.9, 106.4)
(359.5, 195.7, 106.5)
(351.7, 202.9, 106.1)
(351.7, 202.9, 106.1)
(349.7, 210.4, 104.4)
(351.0, 217.0, 102.3)
(352.8, 220.0, 100.3)
(350.2, 219.6, 97.4)
(350.2, 219.6, 97.4)
    
(26.3, 179.0, 106.2)
(19.9, 189.2, 107.9)
(10.3, 195.9, 109.6)
(360.0, 201.5, 110.8)
(360.0, 201.5, 110.8)
(353.5, 208.1, 110.5)
(350.0, 217.5, 109.1)
(352.8, 225.3, 107.3)
(357.1, 229.2, 106.2)
(357.1, 229.2, 106.2)
    
(354.9, 178.4, 107.7)
(354.9, 178.4, 107.7)
(345.9, 185.1, 108.8)
(343.8, 194.0, 108.0)
(350.3, 207.3, 106.3)
(354.2, 212.2, 104.6)
(354.2, 212.2, 104.6)
(353.4, 213.5, 100.9)
(346.0, 212.5, 95.7)
(340.7, 212.2, 93.2)
    
(8.2, 173.2, 110.5)
(3.6, 177.3, 108.4)
(359.9, 181.2, 105.6)
(358.4, 185.4, 103.0)
(358.1, 189.4, 101.0)
(358.1, 189.4, 101.0)
(356.8, 192.1, 99.6)
(354.1, 193.8, 98.1)
(351.2, 195.3, 97.1)
(349.3, 197.0, 97.2)
    
(9.2, 195.9, 116.4)
(9.2, 195.9, 116.4)
(3.5, 201.4, 115.2)
(356.9, 205.3, 112.9)
(350.2, 208.8, 109.5)
(347.9, 212.6, 106.9)
(347.9, 212.6, 106.9)
(347.6, 216.4, 105.0)
(349.2, 220.1, 103.3)
(349.9, 222.2, 101.6)
    
(356.8, 185.3, 103.3)
(355.3, 192.4, 102.6)
(356.2, 199.9, 101.2)
(355.8, 205.1, 100.1)
(355.8, 205.1, 100.1)
(352.1, 207.9, 98.4)
(345.7, 209.1, 96.3)
(340.2, 210.3, 95.4)
(338.8, 212.6, 94.8)
(338.8, 212.6, 94.8)
    
(355.0, 185.0, 106.4)
(352.0, 190.2, 105.9)
(349.4, 195.5, 106.3)
(348.4, 200.1, 106.2)
(349.1, 205.5, 105.7)
(349.1, 205.5, 105.7)
(350.9, 209.9, 103.9)
(353.0, 213.4, 101.9)
(349.8, 213.8, 98.7)
(344.6, 214.0, 95.5)
    
(4.4, 191.0, 109.7)
(358.2, 197.5, 113.4)
(350.6, 200.3, 113.1)
(347.4, 204.1, 111.6)
(347.4, 204.1, 111.6)
(347.6, 209.8, 109.2)
(352.4, 217.2, 106.9)
(355.2, 221.1, 106.1)
(354.3, 222.2, 104.4)
(354.3, 222.2, 104.4)
    
(8.2, 196.0, 114.0)
(5.4, 210.0, 116.5)
(4.4, 218.3, 115.8)
(3.4, 223.1, 112.8)
(3.4, 223.1, 112.8)
(359.9, 224.2, 106.6)
(355.8, 223.9, 101.1)
(351.7, 224.0, 97.2)
(350.1, 225.2, 95.9)
(350.1, 225.2, 95.9)
    
(36.6, 193.0, 123.5)
(31.0, 198.2, 122.1)
(19.0, 198.8, 118.8)
(2.9, 198.7, 115.9)
(348.4, 200.9, 112.7)
(348.4, 200.9, 112.7)
(338.0, 207.4, 108.1)
(338.8, 215.8, 103.7)
(347.0, 223.9, 101.3)
(353.8, 225.8, 100.5)
    
(6.0, 195.8, 110.9)
(358.1, 201.6, 110.2)
(350.0, 208.6, 109.2)
(347.3, 215.9, 107.9)
(349.2, 224.3, 106.3)
(349.2, 224.3, 106.3)
(355.6, 231.0, 106.4)
(0.6, 233.8, 106.7)
(359.5, 232.9, 103.9)
(359.5, 232.9, 103.9)
    
(358.5, 194.6, 104.2)
(358.5, 194.6, 104.2)
(356.9, 199.8, 102.6)
(351.5, 202.6, 99.1)
(346.9, 204.8, 97.4)
(343.3, 207.1, 96.5)
(343.3, 207.1, 96.5)
(344.7, 210.2, 95.5)
(348.4, 212.4, 94.8)
(350.4, 213.4, 93.8)
    
(2.9, 187.5, 100.8)
(359.5, 191.9, 101.3)
(356.3, 195.4, 102.1)
(353.2, 198.8, 102.5)
(353.2, 198.8, 102.5)
(350.2, 202.6, 102.7)
(348.4, 207.0, 102.8)
(349.0, 212.1, 102.1)
(351.2, 217.5, 100.9)
(351.2, 217.5, 100.9)
    
(6.5, 185.3, 100.3)
(4.7, 191.7, 101.4)
(4.7, 191.7, 101.4)
(359.7, 195.4, 101.4)
(352.4, 196.8, 100.5)
(344.9, 198.3, 98.5)
(340.8, 200.2, 96.8)
(340.8, 200.2, 96.8)
(340.9, 203.3, 94.6)
(344.6, 206.2, 93.7)
    
(19.7, 177.1, 98.7)
(12.6, 184.1, 101.0)
(5.8, 189.2, 102.9)
(1.6, 194.4, 104.4)
(0.8, 200.4, 105.6)
(0.8, 200.4, 105.6)
(3.5, 208.0, 106.6)
(5.7, 213.2, 106.5)
(7.9, 217.8, 105.9)
(4.9, 219.5, 103.7)
    
(16.9, 186.1, 100.1)
(12.2, 191.5, 98.8)
(0.1, 194.2, 96.7)
(346.1, 196.6, 97.0)
(346.1, 196.6, 97.0)
(342.6, 201.5, 98.9)
(347.0, 209.9, 100.2)
(359.1, 219.1, 99.8)
(8.8, 222.7, 98.5)
(8.8, 222.7, 98.5)
    
(9.8, 178.1, 102.0)
(17.7, 193.6, 109.5)
(17.7, 193.6, 109.5)
(18.3, 203.1, 113.0)
(8.7, 205.1, 110.3)
(355.7, 206.2, 106.6)
(346.6, 210.2, 103.0)
(346.6, 210.2, 103.0)
(344.0, 218.7, 98.2)
(349.6, 226.8, 94.9)
    
/n
