    
    
    
    
    
    
    
(341.0, 353.8, 239.7)
(348.3, 354.3, 240.8)
(348.3, 354.3, 240.8)
(359.3, 356.2, 242.9)
(4.7, 0.7, 242.9)
(5.8, 5.4, 241.1)
(6.7, 11.7, 240.4)
(6.7, 11.7, 240.4)
(11.3, 16.4, 242.2)
(15.2, 19.4, 244.0)
    
(343.2, 348.4, 242.2)
(345.6, 349.8, 240.7)
(1.3, 353.2, 242.7)
(12.7, 2.6, 241.9)
(15.6, 12.4, 237.1)
(15.6, 12.4, 237.1)
(13.1, 23.6, 231.6)
(12.5, 29.0, 229.9)
(17.7, 30.5, 232.2)
(23.9, 33.0, 235.7)
    
(10.6, 352.6, 251.8)
(8.5, 3.6, 241.4)
(9.9, 13.4, 235.2)
(15.1, 15.3, 234.3)
(15.1, 15.3, 234.3)
(24.0, 14.2, 234.4)
(28.6, 15.9, 233.3)
(30.7, 20.8, 232.4)
(34.4, 28.4, 232.6)
(34.4, 28.4, 232.6)
    
(356.5, 348.6, 254.6)
(354.4, 353.3, 249.6)
(354.4, 353.3, 249.6)
(358.7, 357.6, 248.5)
(3.7, 1.5, 248.9)
(7.7, 5.6, 248.0)
(7.0, 8.8, 245.2)
(7.0, 8.8, 245.2)
(4.6, 11.7, 242.6)
(5.3, 15.4, 242.4)
    
(340.1, 1.8, 248.3)
(349.2, 359.0, 250.6)
(353.9, 357.4, 248.0)
(353.7, 1.3, 243.8)
(353.7, 1.3, 243.8)
(1.3, 6.5, 242.4)
(9.6, 11.2, 244.6)
(15.0, 15.5, 246.2)
(14.9, 20.5, 243.6)
(14.9, 20.5, 243.6)
    
(346.6, 345.6, 245.9)
(351.1, 355.8, 243.7)
(357.6, 0.8, 244.5)
(357.6, 0.8, 244.5)
(0.2, 4.3, 243.5)
(0.2, 7.2, 239.9)
(359.9, 11.6, 233.8)
(2.2, 17.7, 231.6)
(2.2, 17.7, 231.6)
(9.3, 21.1, 234.4)
    
(344.3, 356.4, 243.6)
(348.5, 3.8, 239.1)
(348.5, 3.8, 239.1)
(356.1, 7.2, 237.8)
(358.4, 11.0, 233.9)
(358.4, 16.8, 230.1)
(6.2, 18.5, 231.0)
(6.2, 18.5, 231.0)
(18.8, 19.0, 235.7)
(24.9, 20.9, 235.3)
    
(349.2, 7.9, 242.6)
(350.6, 17.3, 232.9)
(349.2, 15.5, 229.5)
(353.3, 9.3, 231.9)
(353.3, 9.3, 231.9)
(3.8, 7.8, 235.1)
(13.3, 11.9, 236.3)
(16.6, 17.8, 236.2)
(19.6, 24.2, 236.8)
(19.6, 24.2, 236.8)
    
(356.0, 342.5, 247.5)
(1.6, 349.8, 249.1)
(1.6, 349.8, 249.1)
(4.4, 357.8, 247.6)
(1.6, 6.5, 241.9)
(359.9, 13.4, 237.6)
(2.3, 16.2, 235.7)
(2.3, 16.2, 235.7)
(7.4, 16.4, 235.6)
(11.1, 17.8, 235.7)
    
(353.1, 358.4, 252.4)
(1.2, 357.1, 250.4)
(0.7, 358.0, 243.5)
(358.8, 0.1, 235.8)
(3.2, 4.5, 234.9)
(3.2, 4.5, 234.9)
(11.1, 8.7, 238.0)
(15.7, 13.9, 238.9)
(12.2, 22.0, 235.6)
(12.2, 22.0, 235.6)
    
(349.4, 349.1, 257.3)
(348.8, 354.1, 244.8)
(350.6, 356.5, 238.3)
(356.5, 1.0, 238.2)
(356.5, 1.0, 238.2)
(3.0, 8.4, 242.7)
(10.2, 12.4, 246.3)
(9.1, 17.4, 244.1)
(6.9, 28.2, 239.8)
(6.9, 28.2, 239.8)
    
(349.7, 353.6, 251.9)
(349.7, 353.6, 251.9)
(347.1, 360.0, 247.2)
(350.1, 4.8, 244.0)
(358.1, 7.1, 242.7)
(3.7, 9.3, 241.7)
(3.7, 9.3, 241.7)
(9.3, 12.2, 241.0)
(13.5, 16.1, 240.5)
(16.1, 20.3, 239.3)
    
(347.0, 345.1, 251.9)
(354.9, 347.6, 250.7)
(1.9, 351.3, 252.8)
(1.9, 351.3, 252.8)
(2.1, 358.9, 251.0)
(358.3, 9.0, 242.9)
(354.4, 18.2, 237.1)
(358.4, 20.1, 236.6)
(358.4, 20.1, 236.6)
(7.3, 20.4, 239.2)
    
(359.8, 350.4, 261.5)
(355.8, 0.2, 253.5)
(349.8, 11.4, 237.9)
(349.8, 11.4, 237.9)
(349.9, 15.6, 231.3)
(356.4, 14.1, 230.2)
(6.9, 13.9, 233.4)
(13.6, 17.7, 234.1)
(13.6, 17.7, 234.1)
(16.8, 23.0, 233.7)
    
(349.9, 346.8, 241.5)
(353.5, 356.8, 243.1)
(0.8, 4.8, 246.4)
(3.3, 12.1, 247.6)
(4.3, 19.2, 242.6)
(4.3, 19.2, 242.6)
(3.5, 23.5, 237.0)
(7.3, 25.1, 232.8)
(14.8, 24.2, 233.6)
(23.1, 23.3, 236.0)
    
(355.7, 353.4, 264.0)
(355.7, 353.4, 264.0)
(355.7, 3.8, 258.3)
(1.0, 9.4, 250.8)
(5.0, 14.4, 245.4)
(8.4, 18.1, 242.5)
(8.4, 18.1, 242.5)
(9.7, 23.8, 240.3)
(11.7, 28.0, 241.0)
(15.3, 31.5, 242.2)
    
(355.7, 346.3, 262.1)
(354.6, 354.8, 261.7)
(354.6, 354.8, 261.7)
(353.2, 3.2, 257.2)
(353.7, 13.8, 248.2)
(355.6, 17.3, 242.0)
(355.6, 17.3, 242.0)
(1.7, 17.4, 237.9)
(9.8, 20.7, 236.7)
(16.0, 26.9, 239.3)
    
(345.5, 348.0, 242.3)
(351.3, 350.0, 238.4)
(1.5, 357.7, 240.9)
(10.3, 6.8, 245.0)
(8.8, 15.1, 245.6)
(8.8, 15.1, 245.6)
(2.0, 20.7, 243.4)
(1.1, 25.1, 241.1)
(4.1, 27.6, 239.2)
(10.0, 29.3, 238.6)
    
(354.8, 355.2, 249.2)
(355.4, 4.9, 252.1)
(359.3, 13.4, 255.4)
(359.3, 13.4, 255.4)
(1.7, 21.8, 256.9)
(5.5, 26.7, 250.9)
(7.1, 28.7, 242.4)
(6.9, 31.9, 235.9)
(6.9, 31.9, 235.9)
(9.9, 35.0, 236.2)
    
(354.6, 352.1, 254.8)
(359.7, 1.2, 251.8)
(359.7, 1.2, 251.8)
(357.1, 14.5, 246.3)
(357.1, 26.2, 242.3)
(0.3, 28.4, 243.3)
(5.6, 27.8, 246.4)
(5.6, 27.8, 246.4)
(10.6, 29.7, 248.1)
(16.2, 33.8, 247.1)
    
(348.7, 353.1, 251.8)
(354.7, 0.1, 251.9)
(0.3, 7.6, 251.0)
(3.1, 14.9, 246.8)
(5.0, 21.0, 241.9)
(5.0, 21.0, 241.9)
(6.6, 25.9, 236.9)
(7.8, 29.2, 236.8)
(12.5, 30.9, 240.0)
(17.9, 33.9, 242.3)
    
(349.6, 7.0, 265.1)
(351.8, 14.7, 248.9)
(352.5, 16.1, 240.6)
(1.2, 13.5, 239.0)
(1.2, 13.5, 239.0)
(11.1, 18.5, 242.9)
(15.8, 29.6, 245.5)
(17.0, 39.2, 243.6)
(15.6, 44.5, 242.4)
(15.6, 44.5, 242.4)
    
(345.6, 3.7, 258.2)
(345.6, 3.7, 258.2)
(350.4, 12.6, 247.6)
(351.8, 17.9, 239.1)
(357.0, 21.5, 234.2)
(3.9, 24.5, 237.6)
(3.9, 24.5, 237.6)
(11.1, 28.3, 244.8)
(17.2, 32.8, 250.6)
(18.5, 36.5, 251.4)
    
(349.2, 354.9, 247.1)
(355.0, 358.2, 244.5)
(2.3, 4.6, 248.1)
(9.7, 11.5, 254.5)
(9.7, 11.5, 254.5)
(12.1, 16.7, 257.4)
(8.8, 19.1, 257.9)
(6.2, 25.3, 258.5)
(13.6, 29.2, 258.1)
(13.6, 29.2, 258.1)
    
(350.0, 342.7, 275.0)
(352.0, 349.6, 275.2)
(2.4, 358.1, 269.7)
(5.9, 4.0, 261.0)
(6.9, 7.5, 246.7)
(6.9, 7.5, 246.7)
(8.9, 9.9, 238.1)
(11.6, 15.5, 236.5)
(19.5, 21.4, 240.1)
(22.2, 29.9, 247.2)
    
(352.7, 356.1, 258.1)
(1.9, 0.4, 266.2)
(0.6, 7.1, 264.8)
(0.6, 7.1, 264.8)
(358.9, 15.1, 252.6)
(354.9, 20.4, 241.0)
(358.8, 22.6, 236.3)
(11.8, 21.3, 238.4)
(11.8, 21.3, 238.4)
(23.0, 24.2, 243.7)
    
(349.8, 356.2, 249.5)
(349.8, 356.2, 249.5)
(357.2, 2.6, 255.3)
(1.3, 6.9, 258.0)
(2.9, 14.7, 255.1)
(5.7, 22.0, 248.6)
(5.7, 22.0, 248.6)
(11.4, 22.5, 243.2)
(16.0, 22.5, 239.5)
(18.3, 25.3, 238.6)
    
(356.5, 353.4, 271.7)
(344.8, 5.0, 259.6)
(345.4, 15.0, 248.5)
(349.7, 15.6, 246.1)
(349.7, 15.6, 246.1)
(0.3, 11.7, 247.1)
(8.2, 13.9, 245.6)
(10.4, 20.3, 244.0)
(11.0, 24.3, 243.4)
(11.0, 24.3, 243.4)
    
(351.7, 354.5, 260.4)
(347.7, 359.7, 242.5)
(350.8, 4.3, 235.9)
(350.8, 4.3, 235.9)
(5.5, 8.4, 243.3)
(16.2, 14.9, 254.5)
(18.1, 20.8, 257.5)
(14.5, 25.7, 254.2)
(14.5, 25.7, 254.2)
(7.8, 31.7, 247.5)
    
(349.1, 357.2, 251.9)
(354.3, 355.5, 247.2)
(359.9, 353.3, 245.5)
(5.9, 356.7, 247.3)
(5.9, 356.7, 247.3)
(9.3, 5.3, 251.4)
(11.4, 11.9, 253.2)
(9.7, 17.2, 251.9)
(8.2, 24.9, 249.8)
(8.2, 24.9, 249.8)
    
(348.8, 345.1, 244.8)
(356.4, 349.8, 250.1)
(0.1, 358.1, 258.7)
(5.9, 3.9, 264.3)
(5.9, 3.9, 264.3)
(7.9, 9.6, 265.8)
(9.8, 21.9, 259.2)
(12.8, 26.3, 250.9)
(15.3, 24.4, 243.6)
(15.3, 24.4, 243.6)
    
(2.0, 352.4, 260.4)
(0.1, 359.4, 255.4)
(0.1, 359.4, 255.4)
(351.4, 9.1, 250.4)
(355.4, 14.3, 246.0)
(0.6, 15.7, 243.5)
(6.0, 18.6, 239.7)
(6.0, 18.6, 239.7)
(11.9, 20.7, 236.0)
(14.5, 24.7, 236.8)
    
(338.5, 11.0, 236.0)
(342.2, 8.6, 236.8)
(356.0, 0.8, 243.0)
(8.8, 2.8, 250.3)
(8.8, 2.8, 250.3)
(17.6, 6.2, 250.1)
(11.1, 13.6, 246.8)
(3.7, 23.4, 242.5)
(3.7, 23.4, 242.5)
(5.6, 30.4, 240.5)
    
(339.9, 348.1, 271.0)
(349.3, 356.8, 267.3)
(353.0, 1.4, 255.5)
(353.0, 1.4, 255.5)
(354.9, 1.1, 245.5)
(2.5, 3.5, 242.7)
(11.2, 11.8, 246.7)
(17.9, 19.8, 250.7)
(17.9, 19.8, 250.7)
(19.2, 25.2, 251.8)
    
(351.4, 343.8, 267.7)
(344.8, 357.0, 264.9)
(348.5, 8.8, 256.9)
(352.6, 12.9, 248.7)
(354.8, 13.8, 243.3)
(354.8, 13.8, 243.3)
(2.8, 13.0, 241.0)
(11.9, 13.4, 244.8)
(16.7, 17.2, 248.6)
(16.9, 22.5, 250.4)
    
(356.9, 357.7, 253.8)
(0.8, 2.4, 254.9)
(0.8, 2.4, 254.9)
(3.6, 7.5, 256.3)
(4.4, 11.7, 255.4)
(3.5, 17.0, 252.3)
(5.0, 20.3, 248.9)
(5.0, 20.3, 248.9)
(6.9, 21.6, 247.9)
(10.3, 23.3, 249.7)
    
(1.5, 337.7, 271.8)
(1.5, 337.7, 271.8)
(354.4, 349.4, 264.4)
(353.4, 359.9, 253.6)
(354.0, 7.5, 245.9)
(2.3, 9.8, 245.3)
(2.3, 9.8, 245.3)
(8.3, 12.3, 246.7)
(11.0, 15.7, 247.8)
(11.1, 20.2, 247.8)
    
(351.4, 353.9, 259.2)
(354.6, 353.9, 256.2)
(352.5, 359.8, 251.7)
(352.5, 359.8, 251.7)
(353.6, 8.0, 246.8)
(0.3, 14.9, 245.7)
(7.4, 17.7, 247.4)
(12.0, 19.9, 249.1)
(12.0, 19.9, 249.1)
(12.5, 22.9, 249.2)
    
(342.1, 5.4, 249.8)
(348.7, 8.8, 245.8)
(351.2, 11.1, 242.0)
(357.4, 12.2, 239.2)
(357.4, 12.2, 239.2)
(4.4, 12.0, 239.1)
(6.4, 16.4, 240.2)
(7.6, 24.1, 242.1)
(10.7, 30.4, 244.3)
(10.7, 30.4, 244.3)
    
(355.1, 0.8, 268.6)
(357.9, 0.0, 263.1)
(357.9, 0.0, 263.1)
(3.8, 359.4, 252.7)
(9.4, 2.1, 247.7)
(11.8, 7.9, 249.0)
(12.6, 14.8, 252.4)
(12.6, 14.8, 252.4)
(13.9, 19.2, 254.7)
(13.4, 22.9, 255.8)
    
(347.8, 346.2, 264.0)
(357.5, 346.2, 257.4)
(359.7, 350.5, 249.5)
(356.9, 0.8, 246.4)
(356.9, 0.8, 246.4)
(359.4, 7.6, 247.0)
(1.4, 10.5, 250.3)
(1.6, 14.6, 252.5)
(4.7, 18.1, 251.2)
(4.7, 18.1, 251.2)
    
(347.9, 348.0, 251.1)
(356.3, 353.2, 245.5)
(3.7, 1.3, 247.9)
(7.5, 10.7, 252.8)
(7.5, 10.7, 252.8)
(6.4, 14.8, 254.0)
(2.3, 20.1, 253.3)
(5.0, 23.2, 249.2)
(7.0, 26.0, 246.5)
(7.0, 26.0, 246.5)
    
(349.5, 354.0, 253.0)
(354.3, 358.2, 249.5)
(356.4, 5.5, 246.8)
(356.4, 5.5, 246.8)
(359.4, 11.7, 247.3)
(4.5, 14.6, 248.9)
(9.9, 17.6, 250.1)
(9.9, 17.6, 250.1)
(11.2, 22.5, 249.0)
(11.5, 27.7, 246.3)
    
(341.2, 355.4, 267.7)
(349.5, 1.8, 258.9)
(357.3, 3.4, 251.2)
(1.6, 7.0, 246.7)
(3.8, 11.8, 246.8)
(3.8, 11.8, 246.8)
(6.7, 15.0, 249.1)
(10.0, 18.9, 251.7)
(10.4, 24.3, 250.7)
(11.1, 28.8, 248.4)
    
(353.2, 358.8, 253.3)
(354.3, 2.6, 254.5)
(348.2, 9.2, 252.1)
(351.2, 13.9, 248.7)
(351.2, 13.9, 248.7)
(359.4, 14.4, 247.4)
(7.6, 15.7, 247.6)
(14.2, 18.0, 247.5)
(16.0, 22.0, 246.9)
(16.0, 22.0, 246.9)
    
(3.8, 351.5, 256.1)
(2.4, 358.7, 255.0)
(2.4, 358.7, 255.0)
(357.1, 7.0, 254.0)
(359.8, 15.3, 250.8)
(8.2, 17.3, 246.3)
(18.3, 15.7, 240.7)
(26.9, 16.9, 237.3)
(26.9, 16.9, 237.3)
(31.2, 22.4, 237.8)
    
(346.6, 347.6, 267.1)
(346.3, 355.6, 256.3)
(346.3, 355.6, 256.3)
(353.2, 1.1, 249.6)
(1.2, 4.3, 249.1)
(5.4, 8.7, 251.1)
(5.1, 13.8, 251.7)
(5.1, 13.8, 251.7)
(4.2, 18.5, 251.3)
(4.3, 23.8, 251.6)
    
(355.6, 357.1, 245.9)
(355.8, 3.9, 251.7)
(1.3, 8.9, 256.4)
(1.3, 8.9, 256.4)
(5.3, 15.4, 254.7)
(4.5, 25.1, 247.0)
(5.0, 32.2, 242.4)
(6.6, 35.7, 241.9)
(6.6, 35.7, 241.9)
(12.0, 37.4, 245.2)
    
(347.7, 1.3, 246.4)
(354.1, 5.0, 244.6)
(0.0, 8.2, 248.2)
(0.0, 8.2, 248.2)
(5.6, 10.4, 252.6)
(7.9, 13.2, 252.9)
(8.2, 18.5, 249.4)
(9.2, 24.4, 245.0)
(9.2, 24.4, 245.0)
(10.5, 28.4, 242.3)
    
(345.6, 353.7, 250.4)
(355.9, 357.1, 249.8)
(4.9, 1.6, 249.5)
(10.5, 8.7, 248.0)
(10.5, 8.7, 248.0)
(11.0, 14.5, 245.4)
(8.8, 18.6, 243.6)
(11.0, 21.9, 243.8)
(16.7, 26.7, 245.7)
(16.7, 26.7, 245.7)
    
(339.8, 2.3, 251.3)
(346.7, 3.2, 247.1)
(346.7, 3.2, 247.1)
(357.8, 6.4, 247.7)
(5.4, 11.4, 249.3)
(9.3, 16.7, 250.2)
(7.4, 21.9, 248.3)
(7.4, 21.9, 248.3)
(8.2, 27.1, 245.9)
(11.3, 30.9, 245.2)
    
(346.5, 347.5, 275.8)
(348.2, 359.3, 267.5)
(351.5, 7.2, 256.4)
(352.7, 6.5, 247.8)
(4.1, 5.7, 243.6)
(4.1, 5.7, 243.6)
(17.0, 9.7, 244.6)
(23.4, 17.5, 246.6)
(22.4, 23.5, 246.4)
(17.6, 26.3, 246.0)
    
(347.9, 350.1, 257.0)
(355.0, 355.6, 253.4)
(355.0, 355.6, 253.4)
(0.7, 2.4, 251.6)
(3.4, 7.0, 250.8)
(5.0, 9.7, 250.0)
(5.9, 12.2, 248.3)
(5.9, 12.2, 248.3)
(7.0, 15.2, 246.4)
(8.1, 19.5, 245.1)
    
(345.3, 354.3, 257.9)
(347.8, 359.3, 252.5)
(352.3, 4.8, 249.6)
(357.4, 10.6, 249.1)
(0.7, 16.3, 248.9)
(0.7, 16.3, 248.9)
(4.2, 21.7, 248.6)
(7.4, 25.0, 248.5)
(8.7, 28.2, 249.2)
(9.4, 31.7, 250.0)
    
(345.0, 347.1, 266.2)
(350.5, 356.3, 258.2)
(357.8, 1.1, 253.9)
(357.5, 5.8, 253.1)
(355.1, 13.8, 253.8)
(355.1, 13.8, 253.8)
(0.5, 20.6, 253.9)
(8.4, 26.4, 253.3)
(11.8, 32.0, 252.4)
(12.5, 37.0, 249.7)
    
(359.6, 355.7, 256.1)
(357.3, 3.5, 249.8)
(355.9, 9.3, 245.4)
(355.9, 9.3, 245.4)
(358.6, 13.2, 245.2)
(5.6, 16.4, 247.0)
(11.3, 20.5, 248.1)
(13.4, 25.0, 246.9)
(13.4, 25.0, 246.9)
(12.1, 29.4, 246.2)
    
(348.0, 3.1, 250.1)
(353.1, 0.9, 252.5)
(356.9, 5.7, 249.7)
(359.0, 14.7, 245.2)
(1.3, 20.7, 242.5)
(1.3, 20.7, 242.5)
(3.7, 22.9, 243.4)
(4.3, 26.0, 245.3)
(5.5, 31.2, 246.3)
(8.0, 38.1, 247.5)
    
(336.6, 355.5, 252.4)
(340.6, 3.3, 246.0)
(349.8, 11.1, 241.9)
(349.8, 11.1, 241.9)
(357.0, 18.1, 241.4)
(1.2, 22.2, 245.3)
(2.9, 23.8, 250.6)
(4.6, 27.0, 255.0)
(4.6, 27.0, 255.0)
(5.0, 30.6, 254.7)
    
(357.4, 347.7, 256.6)
(358.9, 356.4, 252.8)
(359.2, 9.0, 252.9)
(359.2, 9.0, 252.9)
(2.6, 15.3, 256.0)
(7.4, 20.3, 258.1)
(10.4, 23.6, 257.2)
(11.1, 26.7, 252.9)
(11.1, 26.7, 252.9)
(10.5, 29.2, 251.6)
    
(341.0, 5.1, 248.0)
(349.3, 8.7, 248.7)
(349.3, 8.7, 248.7)
(354.3, 11.0, 248.2)
(356.2, 14.7, 246.0)
(357.3, 17.4, 245.4)
(358.3, 16.9, 247.2)
(358.3, 16.9, 247.2)
(0.3, 17.4, 249.8)
(2.6, 21.0, 252.3)
    
(357.0, 352.7, 260.4)
(357.0, 352.7, 260.4)
(353.4, 359.4, 252.9)
(352.5, 2.4, 249.0)
(355.4, 2.4, 250.0)
(1.0, 5.7, 252.5)
(1.0, 5.7, 252.5)
(6.0, 11.2, 253.3)
(6.4, 18.6, 250.9)
(5.4, 23.4, 249.5)
    
(339.3, 352.4, 246.7)
(347.8, 356.4, 249.3)
(352.7, 358.7, 254.1)
(349.8, 4.1, 254.4)
(347.3, 10.8, 252.3)
(347.3, 10.8, 252.3)
(349.2, 15.0, 250.7)
(352.6, 16.4, 250.4)
(354.6, 16.2, 249.9)
(354.7, 17.8, 249.7)
    
(341.4, 359.0, 251.4)
(335.5, 356.7, 247.9)
(334.8, 354.5, 247.2)
(339.3, 357.3, 249.5)
(347.7, 3.6, 252.6)
(347.7, 3.6, 252.6)
(355.1, 11.0, 253.3)
(357.3, 16.9, 252.3)
(354.9, 21.9, 249.9)
(355.4, 24.4, 248.7)
    
(335.7, 358.0, 244.9)
(339.2, 356.8, 245.8)
(347.2, 356.7, 251.7)
(355.0, 1.0, 254.5)
(355.0, 1.0, 254.5)
(358.5, 9.1, 252.2)
(358.2, 16.5, 249.4)
(357.3, 22.8, 248.2)
(359.1, 27.8, 250.0)
(359.1, 27.8, 250.0)
    
(346.2, 354.8, 253.1)
(345.7, 354.9, 254.6)
(345.7, 354.9, 254.6)
(345.1, 359.4, 251.7)
(347.8, 6.4, 247.7)
(350.8, 12.7, 242.1)
(351.8, 15.2, 240.8)
(351.8, 15.2, 240.8)
(353.0, 15.2, 244.2)
(355.9, 15.4, 249.2)
    
(344.7, 351.6, 248.8)
(346.6, 351.6, 252.5)
(349.5, 356.2, 253.1)
(352.6, 6.0, 248.6)
(352.6, 6.0, 248.6)
(355.9, 19.2, 242.8)
(357.2, 24.9, 242.2)
(358.9, 26.6, 244.0)
(0.2, 27.1, 245.9)
(0.2, 27.1, 245.9)
    
(344.4, 354.5, 250.7)
(353.1, 0.5, 256.1)
(357.4, 6.1, 258.2)
(357.4, 13.5, 255.0)
(357.4, 13.5, 255.0)
(0.2, 19.9, 251.9)
(3.0, 24.4, 250.6)
(4.9, 25.8, 250.7)
(5.8, 27.4, 251.4)
(5.8, 27.4, 251.4)
    
(345.4, 3.6, 250.4)
(350.3, 6.3, 250.4)
(350.3, 6.3, 250.4)
(355.1, 7.8, 250.1)
(358.9, 7.9, 249.4)
(0.5, 7.6, 248.5)
(2.3, 8.7, 249.1)
(2.3, 8.7, 249.1)
(5.5, 11.6, 250.5)
(7.4, 15.9, 250.6)
    
(348.7, 340.0, 261.7)
(350.1, 341.1, 259.8)
(350.1, 350.4, 256.0)
(352.2, 6.8, 249.2)
(352.2, 6.8, 249.2)
(357.5, 16.0, 245.4)
(0.8, 19.0, 246.3)
(2.9, 19.6, 248.0)
(3.7, 22.7, 248.6)
(3.7, 22.7, 248.6)
    
(350.0, 348.3, 264.0)
(352.9, 1.9, 257.5)
(352.9, 1.9, 257.5)
(355.2, 13.3, 251.2)
(354.3, 19.6, 247.9)
(353.9, 21.6, 248.0)
(356.3, 21.2, 250.3)
(356.3, 21.2, 250.3)
(0.1, 21.3, 251.9)
(1.8, 23.1, 252.2)
    
(344.5, 358.9, 252.6)
(344.8, 1.7, 248.9)
(347.8, 3.7, 248.7)
(352.8, 9.7, 250.5)
(358.5, 18.0, 251.9)
(358.5, 18.0, 251.9)
(4.3, 24.0, 250.9)
(6.8, 27.9, 249.2)
(7.1, 31.9, 247.4)
(8.3, 34.8, 247.8)
    
(348.5, 346.5, 252.5)
(356.9, 353.4, 251.8)
(359.4, 359.7, 248.9)
(357.7, 5.5, 245.6)
(357.7, 5.5, 245.6)
(358.9, 10.2, 243.2)
(1.2, 15.5, 240.5)
(4.1, 20.9, 239.7)
(6.8, 26.3, 240.9)
(6.8, 26.3, 240.9)
    
(0.9, 359.1, 250.9)
(6.2, 3.0, 249.9)
(10.7, 6.7, 248.8)
(10.7, 6.7, 248.8)
(9.8, 10.0, 246.1)
(9.0, 14.6, 243.1)
(11.7, 19.8, 241.7)
(16.1, 22.7, 243.6)
(16.1, 22.7, 243.6)
(18.2, 25.1, 245.5)
    
(355.0, 346.4, 260.6)
(357.4, 354.1, 256.0)
(357.4, 354.1, 256.0)
(356.1, 2.3, 249.2)
(357.3, 11.7, 243.3)
(1.9, 20.2, 240.0)
(7.1, 25.6, 240.1)
(7.1, 25.6, 240.1)
(11.1, 27.9, 242.4)
(13.4, 28.1, 245.1)
    
(343.5, 353.9, 250.2)
(349.8, 3.6, 249.1)
(356.0, 11.3, 248.7)
(359.9, 19.1, 246.7)
(359.9, 19.1, 246.7)
(1.1, 24.7, 244.1)
(1.9, 27.4, 243.2)
(2.5, 28.9, 244.1)
(5.0, 30.8, 245.9)
(5.0, 30.8, 245.9)
    
(345.1, 352.1, 256.7)
(348.5, 353.7, 254.1)
(352.0, 4.8, 248.3)
(355.2, 16.0, 243.8)
(355.2, 16.0, 243.8)
(358.8, 23.6, 241.0)
(0.2, 28.0, 241.0)
(2.4, 32.9, 241.7)
(6.8, 36.5, 243.5)
(6.8, 36.5, 243.5)
    
(351.6, 12.7, 250.8)
(353.1, 17.0, 246.5)
(355.9, 17.7, 244.8)
(355.9, 17.7, 244.8)
(359.1, 18.4, 246.2)
(0.7, 18.8, 247.6)
(3.2, 21.8, 247.9)
(6.7, 27.9, 246.9)
(6.7, 27.9, 246.9)
(8.7, 36.7, 246.8)
    
(348.9, 2.0, 247.2)
(355.9, 4.9, 247.0)
(2.8, 5.5, 248.5)
(5.0, 6.5, 248.6)
(6.5, 10.7, 247.3)
(6.5, 10.7, 247.3)
(9.0, 17.1, 244.7)
(10.9, 23.1, 242.4)
(12.0, 26.1, 241.1)
(12.3, 27.6, 242.1)
    
(347.1, 0.2, 248.2)
(347.1, 0.2, 248.2)
(349.7, 6.2, 243.1)
(349.9, 10.2, 239.1)
(351.9, 13.8, 237.6)
(358.5, 15.8, 240.1)
(358.5, 15.8, 240.1)
(4.6, 19.7, 243.2)
(8.0, 23.9, 242.8)
(7.4, 27.6, 240.0)
    
(351.5, 355.5, 255.7)
(356.3, 355.3, 249.7)
(359.6, 357.7, 246.5)
(4.3, 358.2, 246.3)
(8.8, 2.8, 246.0)
(8.8, 2.8, 246.0)
(10.2, 11.8, 244.0)
(10.3, 23.0, 239.8)
(11.9, 28.8, 237.9)
(12.6, 33.3, 235.4)
    
(348.8, 358.8, 252.9)
(352.2, 9.2, 249.1)
(352.9, 13.9, 246.6)
(354.9, 14.7, 245.4)
(354.9, 14.7, 245.4)
(358.7, 14.6, 244.6)
(1.9, 15.4, 245.2)
(6.5, 15.4, 246.8)
(10.0, 17.5, 247.8)
(10.0, 17.5, 247.8)
    
(353.4, 4.4, 251.0)
(353.2, 10.8, 242.5)
(353.4, 10.9, 240.1)
(357.7, 12.7, 240.5)
(357.7, 12.7, 240.5)
(5.6, 17.0, 238.5)
(13.7, 22.6, 237.1)
(17.8, 25.8, 238.1)
(20.3, 25.3, 239.3)
(20.3, 25.3, 239.3)
    
(356.5, 348.5, 265.2)
(356.2, 358.8, 258.3)
(356.2, 358.8, 258.3)
(351.6, 7.2, 249.1)
(350.4, 9.7, 244.6)
(353.7, 7.2, 245.2)
(359.2, 7.7, 247.8)
(359.2, 7.7, 247.8)
(6.0, 9.8, 248.7)
(11.0, 13.4, 247.6)
    
(341.4, 4.5, 240.8)
(343.6, 10.1, 236.5)
(348.7, 5.8, 240.3)
(348.7, 5.8, 240.3)
(356.1, 4.1, 242.6)
(2.1, 6.5, 242.1)
(4.6, 9.5, 240.8)
(6.1, 12.6, 241.5)
(6.1, 12.6, 241.5)
(9.3, 16.7, 242.4)
    
(356.0, 348.8, 256.0)
(354.9, 355.7, 252.9)
(354.9, 355.7, 252.9)
(358.4, 1.5, 250.1)
(3.9, 4.2, 248.4)
(9.9, 4.5, 247.4)
(14.2, 4.5, 247.5)
(14.2, 4.5, 247.5)
(17.1, 5.6, 247.7)
(19.6, 8.1, 246.8)
    
(348.9, 358.4, 252.4)
(357.3, 353.2, 252.2)
(0.3, 353.4, 248.5)
(3.6, 356.3, 245.2)
(3.6, 356.3, 245.2)
(6.9, 1.3, 243.6)
(9.6, 6.9, 243.4)
(10.9, 11.4, 243.6)
(11.6, 15.0, 243.7)
(11.6, 15.0, 243.7)
    
(6.4, 346.3, 258.7)
(2.1, 350.4, 249.5)
(7.9, 356.3, 245.5)
(14.9, 4.7, 243.5)
(14.9, 4.7, 243.5)
(18.3, 11.8, 241.0)
(17.6, 17.4, 237.4)
(18.6, 17.7, 236.6)
(22.1, 15.3, 235.7)
(22.1, 15.3, 235.7)
    
(356.5, 342.6, 261.3)
(358.4, 354.5, 253.8)
(358.1, 7.2, 243.8)
(358.1, 7.2, 243.8)
(358.7, 11.3, 240.2)
(2.2, 9.6, 239.2)
(6.2, 10.2, 238.3)
(9.8, 15.4, 237.4)
(9.8, 15.4, 237.4)
(13.6, 21.5, 238.1)
    
(344.8, 348.1, 257.3)
(348.3, 353.1, 255.2)
(356.0, 359.4, 254.3)
(356.0, 359.4, 254.3)
(2.0, 6.6, 252.1)
(2.3, 15.0, 247.7)
(0.9, 19.4, 245.7)
(3.7, 22.3, 247.1)
(3.7, 22.3, 247.1)
(9.2, 24.9, 249.8)
    
(350.4, 355.1, 259.0)
(353.6, 2.5, 254.2)
(353.9, 10.4, 247.9)
(353.9, 10.4, 247.9)
(356.8, 18.5, 243.0)
(1.1, 23.9, 241.8)
(4.3, 26.0, 242.3)
(6.2, 26.6, 241.9)
(6.2, 26.6, 241.9)
(7.0, 28.1, 241.0)
    
(342.7, 357.7, 252.4)
(343.7, 2.3, 244.8)
(348.1, 5.8, 242.5)
(355.6, 7.3, 244.9)
(0.9, 8.7, 247.0)
(0.9, 8.7, 247.0)
(4.0, 10.4, 247.5)
(3.3, 12.8, 244.5)
(2.3, 17.0, 242.4)
(3.9, 21.6, 242.2)
    
(352.2, 351.6, 253.6)
(356.5, 359.1, 250.2)
(357.2, 2.9, 246.4)
(358.2, 6.9, 242.4)
(1.6, 9.8, 241.0)
(1.6, 9.8, 241.0)
(7.8, 12.1, 242.0)
(13.6, 13.2, 243.1)
(15.7, 14.4, 243.0)
(14.4, 16.8, 242.8)
    
(344.7, 351.8, 253.4)
(347.9, 359.1, 249.4)
(350.2, 2.0, 247.2)
(350.2, 2.0, 247.2)
(353.5, 3.9, 245.5)
(356.7, 6.7, 244.0)
(359.9, 8.7, 244.4)
(3.7, 10.2, 246.2)
(3.7, 10.2, 246.2)
(6.9, 12.2, 247.8)
    
(350.9, 351.4, 254.9)
(355.9, 356.7, 254.5)
(359.8, 3.3, 251.7)
(2.3, 8.4, 247.4)
(3.0, 11.2, 244.5)
(3.0, 11.2, 244.5)
(2.3, 13.5, 242.0)
(3.1, 16.7, 240.3)
(5.3, 19.7, 240.3)
(8.9, 21.7, 241.5)
    
(346.9, 6.1, 239.8)
(347.8, 5.8, 238.3)
(350.0, 4.6, 237.3)
(354.3, 8.5, 235.3)
(354.3, 8.5, 235.3)
(359.7, 14.4, 235.1)
(5.8, 19.0, 237.4)
(10.2, 21.8, 239.0)
(11.8, 24.4, 238.4)
(11.0, 28.7, 235.6)
    
(347.7, 350.9, 257.1)
(347.7, 350.9, 257.1)
(346.9, 354.1, 252.1)
(347.2, 358.7, 246.9)
(352.7, 7.1, 242.5)
(357.4, 14.6, 239.9)
(357.4, 14.6, 239.9)
(0.6, 20.6, 237.8)
(1.9, 23.2, 238.3)
(3.7, 23.3, 241.5)
    
(358.6, 353.1, 258.7)
(358.4, 359.2, 255.5)
(358.4, 359.2, 255.5)
(357.0, 6.7, 249.8)
(0.4, 11.8, 245.4)
(4.8, 15.2, 243.8)
(7.4, 16.9, 244.5)
(7.4, 16.9, 244.5)
(11.1, 17.1, 245.5)
(13.1, 19.7, 246.2)
    
(336.2, 353.5, 246.6)
(340.3, 5.6, 239.0)
(345.2, 10.8, 238.5)
(351.3, 11.2, 242.3)
(356.0, 10.3, 244.1)
(356.0, 10.3, 244.1)
(359.1, 11.1, 242.6)
(359.3, 14.6, 239.4)
(1.2, 19.3, 239.3)
(1.2, 19.3, 239.3)
    
(348.1, 1.2, 243.5)
(348.3, 3.4, 242.3)
(348.3, 3.4, 242.3)
(350.7, 2.0, 244.6)
(355.9, 3.8, 246.2)
(2.5, 7.5, 245.6)
(4.4, 11.1, 243.8)
(4.4, 11.1, 243.8)
(3.2, 13.2, 242.7)
(3.6, 14.9, 243.4)
    
/n
(344.2, 359.3, 245.2)
(347.8, 2.7, 242.9)
(347.8, 2.7, 242.9)
(353.0, 5.1, 241.0)
(357.1, 7.7, 238.6)
(357.7, 10.9, 235.3)
(358.6, 14.1, 234.2)
(358.6, 14.1, 234.2)
(0.2, 17.6, 233.5)
(3.1, 20.7, 232.1)
    
(349.1, 355.8, 246.4)
(350.2, 1.3, 243.3)
(355.6, 4.4, 240.8)
(355.6, 4.4, 240.8)
(0.5, 7.3, 237.0)
(2.1, 11.4, 233.6)
(4.4, 14.3, 232.7)
(8.6, 16.1, 233.0)
(8.6, 16.1, 233.0)
(12.5, 18.5, 233.0)
    
(353.1, 6.7, 250.3)
(357.0, 12.8, 244.2)
(357.0, 12.8, 244.2)
(1.2, 16.4, 238.0)
(6.8, 17.6, 234.2)
(13.2, 17.4, 232.6)
(16.9, 20.7, 232.6)
(16.9, 20.7, 232.6)
(19.3, 25.5, 232.9)
(20.4, 29.2, 232.4)
    
(353.8, 347.2, 253.0)
(356.1, 354.7, 250.9)
(357.3, 2.5, 248.1)
(0.0, 8.5, 245.2)
(1.9, 14.3, 242.6)
(1.9, 14.3, 242.6)
(4.1, 20.1, 239.9)
(8.7, 23.5, 237.7)
(13.5, 26.4, 237.0)
(17.1, 30.3, 237.0)
    
(350.4, 1.1, 244.5)
(359.3, 1.3, 241.4)
(359.3, 1.3, 241.4)
(7.7, 4.0, 240.4)
(10.6, 9.7, 238.5)
(9.7, 17.3, 235.8)
(9.9, 24.4, 234.3)
(9.9, 24.4, 234.3)
(13.5, 27.5, 234.2)
(16.7, 29.3, 233.9)
    
(346.5, 359.1, 254.3)
(352.7, 2.8, 249.6)
(0.1, 1.9, 243.3)
(4.1, 4.3, 239.2)
(8.6, 7.7, 237.3)
(8.6, 7.7, 237.3)
(13.1, 12.2, 236.5)
(15.9, 17.3, 234.7)
(16.5, 23.0, 232.5)
(18.6, 26.7, 231.8)
    
(1.7, 352.8, 251.6)
(6.1, 356.2, 246.9)
(6.1, 356.2, 246.9)
(10.5, 1.2, 243.6)
(13.8, 5.8, 240.7)
(15.9, 10.8, 238.9)
(17.8, 15.9, 238.7)
(20.8, 20.2, 238.3)
(20.8, 20.2, 238.3)
(24.3, 23.7, 237.4)
    
(18.3, 348.7, 246.4)
(21.9, 357.8, 234.1)
(21.9, 357.8, 234.1)
(26.4, 6.0, 224.4)
(30.4, 9.6, 219.0)
(34.2, 12.6, 217.2)
(37.3, 15.8, 216.0)
(37.3, 15.8, 216.0)
(39.3, 18.6, 215.1)
(40.3, 21.1, 214.2)
    
(350.4, 1.3, 243.5)
(355.1, 7.1, 240.3)
(355.1, 7.1, 240.3)
(357.4, 10.3, 237.2)
(359.2, 12.7, 234.4)
(2.4, 14.2, 231.5)
(6.5, 17.0, 229.2)
(6.5, 17.0, 229.2)
(11.4, 21.3, 228.8)
(15.9, 24.6, 229.3)
    
(347.7, 359.6, 252.6)
(0.4, 0.7, 245.3)
(0.4, 0.7, 245.3)
(4.1, 3.4, 241.5)
(4.1, 7.9, 239.4)
(4.7, 12.7, 238.2)
(7.2, 17.5, 237.7)
(7.2, 17.5, 237.7)
(10.8, 21.7, 236.7)
(13.4, 24.9, 235.6)
    
(356.7, 353.2, 256.2)
(353.2, 0.0, 249.3)
(348.6, 10.6, 240.9)
(348.6, 10.6, 240.9)
(352.7, 13.5, 236.6)
(357.6, 14.1, 234.9)
(2.8, 16.0, 234.8)
(8.7, 18.4, 235.2)
(8.7, 18.4, 235.2)
(12.5, 21.1, 235.7)
    
(354.8, 355.2, 244.0)
(354.0, 358.9, 240.4)
(355.0, 5.2, 237.0)
(359.0, 11.5, 234.1)
(4.0, 16.5, 232.5)
(4.0, 16.5, 232.5)
(8.5, 19.0, 232.3)
(11.5, 20.5, 233.2)
(13.8, 22.1, 233.1)
(15.8, 25.3, 232.3)
    
(346.2, 1.3, 238.9)
(354.5, 2.1, 237.2)
(0.1, 6.4, 236.2)
(4.4, 11.5, 236.2)
(8.1, 15.8, 235.8)
(8.1, 15.8, 235.8)
(9.7, 20.9, 233.7)
(11.4, 26.4, 230.2)
(13.8, 31.0, 228.1)
(16.4, 35.0, 228.6)
    
(340.5, 0.8, 248.0)
(347.7, 2.7, 240.7)
(354.3, 4.7, 237.2)
(354.3, 4.7, 237.2)
(1.6, 5.2, 237.1)
(7.9, 8.1, 237.4)
(10.5, 13.6, 235.6)
(10.5, 13.6, 235.6)
(12.1, 20.9, 232.6)
(14.0, 26.1, 230.1)
    
(355.6, 0.3, 245.5)
(354.1, 6.5, 237.4)
(357.4, 10.1, 232.4)
(4.9, 11.5, 230.2)
(4.9, 11.5, 230.2)
(13.4, 12.3, 230.7)
(19.4, 14.3, 231.4)
(22.2, 17.7, 230.7)
(22.1, 23.0, 228.6)
(22.1, 23.0, 228.6)
    
(344.0, 359.2, 242.7)
(348.1, 3.3, 241.9)
(348.1, 3.3, 241.9)
(349.0, 7.2, 240.6)
(350.0, 10.5, 238.3)
(354.0, 11.8, 236.2)
(358.0, 14.2, 234.8)
(358.0, 14.2, 234.8)
(3.2, 17.3, 234.6)
(7.7, 19.9, 235.6)
    
(337.0, 359.8, 240.7)
(341.4, 2.4, 238.8)
(350.6, 5.0, 237.2)
(357.2, 8.1, 235.3)
(357.2, 8.1, 235.3)
(1.3, 12.1, 233.1)
(3.2, 16.5, 232.4)
(6.2, 19.6, 233.1)
(8.9, 23.0, 233.4)
(8.9, 23.0, 233.4)
    
(345.6, 357.8, 243.3)
(350.0, 2.3, 240.7)
(354.5, 5.9, 240.0)
(354.5, 5.9, 240.0)
(358.7, 9.3, 238.6)
(0.8, 13.2, 236.2)
(358.8, 18.9, 232.2)
(1.1, 21.8, 230.5)
(1.1, 21.8, 230.5)
(5.5, 23.3, 230.5)
    
(348.0, 358.1, 240.6)
(352.5, 4.5, 236.9)
(357.4, 10.8, 235.4)
(2.0, 14.6, 235.4)
(2.0, 14.6, 235.4)
(4.0, 17.9, 234.4)
(5.0, 21.8, 231.8)
(6.1, 24.9, 229.7)
(9.3, 26.1, 229.8)
(9.3, 26.1, 229.8)
    
(349.1, 359.3, 247.9)
(351.4, 5.8, 243.1)
(351.4, 5.8, 243.1)
(350.1, 11.1, 238.9)
(352.5, 13.5, 236.7)
(358.4, 15.0, 235.6)
(4.8, 17.5, 234.1)
(4.8, 17.5, 234.1)
(9.5, 21.3, 232.4)
(12.2, 24.8, 231.6)
    
(347.8, 358.3, 245.7)
(352.7, 3.5, 244.2)
(355.5, 9.3, 241.0)
(358.3, 14.0, 238.0)
(1.4, 17.0, 236.1)
(1.4, 17.0, 236.1)
(4.6, 20.8, 235.1)
(8.4, 24.3, 233.8)
(12.3, 27.2, 232.6)
(15.2, 29.3, 231.1)
    
(349.6, 3.8, 238.4)
(350.9, 7.0, 237.1)
(351.8, 10.0, 235.5)
(351.8, 10.0, 235.5)
(353.6, 13.9, 233.5)
(358.4, 17.4, 231.8)
(4.5, 20.3, 231.1)
(8.9, 23.0, 231.1)
(8.9, 23.0, 231.1)
(11.8, 25.3, 231.4)
    
(343.3, 354.2, 249.2)
(347.3, 357.4, 248.0)
(350.2, 1.4, 245.3)
(352.6, 6.8, 241.1)
(355.7, 13.2, 235.5)
(355.7, 13.2, 235.5)
(359.4, 18.4, 233.6)
(3.3, 21.1, 235.5)
(8.3, 21.8, 237.8)
(11.8, 23.0, 237.9)
    
(351.2, 3.1, 239.2)
(353.5, 9.0, 236.2)
(356.0, 13.9, 234.7)
(356.0, 13.9, 234.7)
(358.7, 17.9, 233.6)
(1.8, 21.5, 233.1)
(6.7, 23.8, 232.8)
(12.4, 25.5, 233.0)
(12.4, 25.5, 233.0)
(16.7, 27.6, 233.2)
    
(353.3, 359.3, 245.6)
(356.8, 3.9, 242.2)
(356.8, 3.9, 242.2)
(0.4, 7.4, 239.8)
(3.3, 11.3, 237.2)
(6.6, 16.3, 232.3)
(9.6, 21.5, 229.2)
(9.6, 21.5, 229.2)
(13.0, 26.1, 228.6)
(17.3, 28.2, 229.8)
    
(354.2, 358.2, 236.7)
(354.1, 1.0, 233.1)
(358.3, 5.1, 230.7)
(4.0, 9.8, 227.9)
(9.2, 14.9, 226.4)
(9.2, 14.9, 226.4)
(12.6, 18.0, 226.7)
(15.3, 18.9, 227.8)
(17.9, 19.7, 227.8)
(21.1, 21.6, 227.0)
    
(359.2, 2.1, 240.3)
(0.6, 8.2, 235.4)
(1.5, 13.3, 231.7)
(4.8, 16.2, 229.8)
(4.8, 16.2, 229.8)
(10.4, 18.6, 229.7)
(16.9, 19.7, 229.8)
(22.7, 21.6, 229.7)
(25.8, 24.7, 228.3)
(25.8, 24.7, 228.3)
    
(345.1, 358.7, 242.3)
(352.1, 5.1, 240.9)
(352.1, 5.1, 240.9)
(353.8, 10.8, 238.6)
(354.6, 16.3, 235.3)
(357.3, 17.7, 232.0)
(359.7, 19.4, 229.8)
(359.7, 19.4, 229.8)
(4.8, 21.7, 230.0)
(11.9, 23.6, 232.0)
    
(350.0, 357.3, 240.8)
(352.0, 1.5, 238.6)
(356.1, 6.4, 235.9)
(356.1, 6.4, 235.9)
(359.9, 11.1, 232.5)
(3.5, 15.2, 229.7)
(6.3, 17.2, 228.4)
(8.1, 18.2, 227.9)
(8.1, 18.2, 227.9)
(9.9, 20.3, 227.4)
    
(349.8, 359.4, 243.3)
(350.0, 4.5, 237.4)
(355.1, 9.1, 233.7)
(2.8, 13.3, 231.9)
(2.8, 13.3, 231.9)
(7.9, 16.1, 231.1)
(10.4, 17.9, 229.1)
(11.9, 21.3, 228.1)
(15.1, 25.2, 228.5)
(15.1, 25.2, 228.5)
    
(347.1, 356.5, 250.4)
(352.3, 360.0, 246.6)
(352.3, 360.0, 246.6)
(358.7, 1.2, 243.9)
(2.4, 5.5, 240.5)
(7.2, 9.4, 236.8)
(11.4, 13.5, 234.0)
(11.4, 13.5, 234.0)
(14.2, 17.3, 232.0)
(17.3, 21.4, 229.7)
    
(345.4, 1.5, 241.1)
(350.3, 6.5, 237.7)
(350.3, 6.5, 237.7)
(355.4, 10.7, 235.7)
(360.0, 13.4, 234.0)
(2.9, 15.8, 231.4)
(5.3, 19.2, 229.6)
(5.3, 19.2, 229.6)
(8.5, 22.8, 228.9)
(13.4, 26.4, 229.0)
    
(351.0, 355.4, 251.0)
(355.0, 1.9, 244.4)
(353.4, 8.0, 238.3)
(354.0, 10.5, 234.6)
(358.5, 12.2, 233.4)
(358.5, 12.2, 233.4)
(4.5, 15.3, 232.9)
(9.6, 19.0, 232.6)
(12.7, 22.9, 232.8)
(15.2, 25.9, 233.2)
    
(351.7, 0.3, 244.0)
(351.4, 6.2, 238.1)
(353.2, 10.6, 233.9)
(353.2, 10.6, 233.9)
(356.6, 14.1, 232.0)
(1.2, 17.7, 232.3)
(7.2, 20.5, 232.9)
(10.3, 23.0, 233.2)
(10.3, 23.0, 233.2)
(12.0, 25.4, 233.2)
    
(354.8, 1.3, 245.9)
(357.6, 6.5, 240.5)
(357.6, 6.5, 240.5)
(359.4, 12.3, 234.6)
(2.4, 17.3, 231.1)
(5.8, 20.7, 230.3)
(5.8, 20.7, 230.3)
(9.4, 22.8, 231.3)
(14.1, 24.1, 232.5)
(16.3, 26.8, 231.8)
    
(350.3, 10.9, 233.5)
(356.3, 15.8, 232.2)
(2.3, 19.7, 231.0)
(6.5, 23.6, 230.1)
(6.5, 23.6, 230.1)
(8.8, 27.1, 229.9)
(12.2, 29.9, 230.2)
(16.8, 33.0, 230.5)
(20.8, 37.7, 230.5)
(20.8, 37.7, 230.5)
    
(344.7, 359.3, 243.0)
(349.3, 4.6, 239.0)
(353.0, 11.2, 234.0)
(356.6, 16.9, 230.7)
(356.6, 16.9, 230.7)
(0.6, 19.9, 230.1)
(5.8, 22.4, 231.2)
(11.0, 26.1, 231.5)
(11.0, 26.1, 231.5)
(15.1, 30.5, 230.7)
    
(345.8, 358.5, 242.7)
(351.4, 4.7, 236.3)
(355.6, 9.9, 232.5)
(355.6, 9.9, 232.5)
(359.0, 14.1, 231.4)
(1.8, 15.4, 231.7)
(3.6, 17.4, 231.2)
(5.0, 21.0, 229.8)
(5.0, 21.0, 229.8)
(7.3, 24.6, 229.4)
    
(355.6, 1.7, 239.9)
(355.6, 1.7, 239.9)
(0.3, 7.1, 237.5)
(5.1, 13.4, 233.9)
(9.1, 18.0, 231.1)
(12.4, 21.6, 228.9)
(12.4, 21.6, 228.9)
(14.9, 25.4, 226.5)
(17.4, 28.3, 225.5)
(19.9, 31.2, 225.2)
    
(351.8, 358.6, 245.3)
(354.6, 3.4, 242.7)
(356.1, 6.7, 239.5)
(358.5, 9.4, 235.9)
(1.5, 12.9, 233.2)
(1.5, 12.9, 233.2)
(5.3, 16.0, 232.6)
(10.9, 17.5, 233.7)
(16.0, 19.0, 234.5)
(18.5, 21.8, 233.6)
    
(348.2, 0.9, 238.1)
(350.7, 5.1, 233.6)
(350.7, 5.1, 233.6)
(355.7, 7.9, 230.9)
(0.7, 10.8, 229.1)
(4.4, 13.6, 228.4)
(6.7, 15.8, 228.4)
(6.7, 15.8, 228.4)
(9.9, 17.5, 228.9)
(13.3, 19.4, 228.5)
    
(355.9, 5.0, 240.3)
(0.6, 9.3, 236.0)
(6.3, 12.9, 233.8)
(6.3, 12.9, 233.8)
(10.7, 17.1, 230.5)
(12.9, 22.5, 226.7)
(16.0, 26.7, 224.7)
(20.4, 29.0, 225.0)
(20.4, 29.0, 225.0)
(25.4, 31.2, 226.9)
    
(348.0, 1.9, 235.8)
(352.5, 8.2, 231.9)
(357.0, 11.6, 230.8)
(0.2, 13.1, 230.0)
(0.2, 13.1, 230.0)
(1.6, 15.7, 227.8)
(4.7, 19.3, 225.9)
(9.6, 21.8, 225.8)
(13.5, 23.0, 226.5)
(13.5, 23.0, 226.5)
    
(350.7, 357.3, 249.0)
(352.9, 3.4, 243.8)
(355.6, 8.1, 239.7)
(355.6, 8.1, 239.7)
(358.4, 12.0, 235.5)
(0.7, 14.9, 233.9)
(4.6, 16.5, 234.4)
(10.0, 18.4, 235.3)
(10.0, 18.4, 235.3)
(14.9, 21.0, 234.9)
    
(345.7, 359.6, 240.5)
(350.3, 5.3, 235.8)
(352.7, 8.8, 233.1)
(354.9, 11.7, 231.1)
(358.3, 15.5, 229.1)
(358.3, 15.5, 229.1)
(2.7, 19.0, 228.1)
(7.7, 22.6, 228.0)
(10.6, 25.0, 228.3)
(12.0, 26.4, 228.8)
    
(347.0, 2.8, 247.3)
(351.2, 6.7, 243.9)
(351.2, 6.7, 243.9)
(354.5, 8.2, 240.2)
(356.6, 10.5, 238.3)
(358.7, 13.9, 236.6)
(3.5, 17.6, 236.3)
(3.5, 17.6, 236.3)
(8.8, 20.7, 236.8)
(12.6, 23.4, 237.0)
    
(346.5, 359.2, 241.8)
(350.0, 1.2, 240.7)
(351.7, 4.5, 238.1)
(353.8, 9.2, 234.7)
(357.8, 13.1, 232.2)
(357.8, 13.1, 232.2)
(2.3, 15.9, 231.9)
(5.8, 17.8, 232.3)
(7.8, 19.2, 232.2)
(9.2, 21.3, 231.1)
    
(346.1, 0.2, 245.1)
(349.1, 2.5, 242.5)
(352.7, 5.4, 240.8)
(358.2, 8.6, 240.8)
(358.2, 8.6, 240.8)
(3.3, 11.7, 240.4)
(6.4, 14.4, 237.7)
(6.9, 17.5, 234.0)
(7.2, 20.5, 230.6)
(7.2, 20.5, 230.6)
    
(349.6, 0.6, 247.4)
(352.5, 4.0, 244.4)
(352.5, 4.0, 244.4)
(354.7, 6.9, 241.5)
(357.0, 9.5, 239.3)
(0.2, 11.7, 237.8)
(3.3, 13.9, 236.5)
(3.3, 13.9, 236.5)
(5.9, 16.0, 235.1)
(8.0, 18.8, 234.5)
    
(344.2, 354.7, 246.5)
(348.5, 0.1, 243.4)
(353.6, 3.4, 242.2)
(357.0, 5.7, 240.6)
(357.2, 9.4, 237.4)
(357.2, 9.4, 237.4)
(359.1, 12.5, 236.0)
(2.5, 14.9, 235.7)
(7.1, 17.1, 236.1)
(10.4, 19.4, 235.3)
    
(347.6, 358.5, 242.3)
(351.0, 4.7, 236.4)
(353.9, 9.3, 233.6)
(357.1, 13.2, 232.6)
(2.4, 16.6, 232.9)
(2.4, 16.6, 232.9)
(8.5, 20.0, 233.9)
(13.9, 22.0, 235.1)
(16.5, 23.4, 235.5)
(16.5, 23.4, 235.5)
    
(350.3, 356.6, 251.2)
(355.3, 4.3, 245.5)
(358.5, 6.6, 244.3)
(0.7, 8.8, 243.9)
(0.7, 8.8, 243.9)
(3.8, 12.1, 242.7)
(8.5, 16.4, 241.5)
(13.3, 19.5, 241.7)
(16.8, 21.9, 242.0)
(16.8, 21.9, 242.0)
    
(349.8, 360.0, 244.5)
(356.2, 4.6, 241.3)
(356.2, 4.6, 241.3)
(359.0, 7.9, 237.8)
(1.0, 13.3, 234.1)
(5.2, 17.8, 232.1)
(9.3, 20.1, 231.7)
(9.3, 20.1, 231.7)
(12.6, 21.5, 232.7)
(15.5, 23.4, 234.0)
    
(345.4, 359.0, 237.6)
(347.6, 4.6, 233.2)
(354.4, 11.2, 230.6)
(354.4, 11.2, 230.6)
(2.1, 16.8, 231.1)
(7.4, 19.7, 232.0)
(7.9, 20.4, 231.4)
(6.0, 20.6, 229.7)
(6.0, 20.6, 229.7)
(7.1, 21.8, 229.3)
    
(354.4, 2.1, 246.4)
(359.4, 7.2, 240.6)
(3.4, 10.6, 237.8)
(5.2, 13.0, 235.1)
(5.2, 13.0, 235.1)
(6.8, 14.9, 233.1)
(9.5, 17.2, 231.6)
(15.0, 19.3, 232.1)
(19.6, 21.3, 233.1)
(19.6, 21.3, 233.1)
    
(342.2, 350.4, 248.9)
(345.5, 357.8, 243.1)
(345.5, 357.8, 243.1)
(351.2, 3.4, 240.8)
(357.9, 9.0, 239.9)
(2.2, 13.8, 237.3)
(4.3, 17.8, 234.2)
(4.3, 17.8, 234.2)
(5.7, 20.1, 232.8)
(8.8, 20.9, 233.8)
    
(356.5, 0.7, 244.9)
(357.1, 5.8, 238.3)
(359.3, 9.7, 233.3)
(3.9, 12.2, 231.8)
(8.6, 14.9, 231.3)
(8.6, 14.9, 231.3)
(12.5, 17.1, 230.1)
(13.6, 19.3, 229.1)
(14.2, 21.3, 229.1)
(14.2, 21.3, 229.1)
    
(352.3, 1.5, 241.5)
(355.6, 6.5, 236.8)
(0.8, 11.6, 233.1)
(0.8, 11.6, 233.1)
(5.2, 16.3, 229.9)
(7.5, 20.2, 228.0)
(9.3, 22.6, 227.7)
(11.5, 23.8, 228.3)
(11.5, 23.8, 228.3)
(14.1, 24.8, 228.8)
    
(357.2, 2.4, 240.0)
(0.3, 5.7, 236.2)
(4.1, 8.8, 233.1)
(4.1, 8.8, 233.1)
(7.7, 11.1, 230.4)
(10.6, 13.3, 228.3)
(13.7, 16.6, 226.6)
(16.9, 20.4, 227.0)
(16.9, 20.4, 227.0)
(21.0, 23.3, 228.3)
    
(348.9, 0.9, 240.1)
(354.0, 4.2, 238.5)
(358.6, 7.4, 237.0)
(1.8, 10.3, 235.7)
(1.8, 10.3, 235.7)
(5.1, 13.2, 234.8)
(9.2, 15.2, 235.6)
(12.5, 17.0, 235.6)
(15.0, 19.2, 234.3)
(15.0, 19.2, 234.3)
    
(344.5, 358.8, 241.5)
(344.5, 358.8, 241.5)
(351.1, 4.7, 238.6)
(355.5, 8.9, 236.6)
(358.1, 11.9, 234.9)
(0.8, 14.0, 235.3)
(0.8, 14.0, 235.3)
(4.6, 14.9, 236.4)
(7.6, 15.4, 237.2)
(8.2, 16.5, 235.8)
    
(359.4, 354.7, 247.9)
(3.4, 1.9, 239.3)
(3.4, 1.9, 239.3)
(9.4, 8.1, 234.1)
(13.4, 10.5, 232.8)
(16.8, 11.3, 231.3)
(20.4, 12.4, 228.9)
(20.4, 12.4, 228.9)
(22.1, 14.9, 225.5)
(23.2, 18.6, 223.2)
    
(353.2, 4.9, 237.3)
(357.1, 9.4, 233.7)
(357.1, 9.4, 233.7)
(1.1, 12.1, 232.2)
(5.0, 12.9, 232.3)
(10.1, 14.2, 232.6)
(14.1, 16.6, 231.8)
(14.1, 16.6, 231.8)
(16.7, 18.6, 230.0)
(17.8, 20.2, 227.7)
    
(359.2, 359.5, 246.2)
(4.8, 5.3, 241.5)
(9.1, 9.8, 236.4)
(9.1, 9.8, 236.4)
(11.9, 12.2, 231.2)
(12.5, 13.9, 228.3)
(13.9, 16.2, 226.9)
(16.6, 18.4, 226.7)
(16.6, 18.4, 226.7)
(20.4, 20.5, 227.3)
    
(345.9, 357.4, 247.7)
(350.3, 1.6, 245.1)
(354.3, 5.6, 241.6)
(354.3, 5.6, 241.6)
(357.3, 10.3, 237.2)
(359.8, 16.0, 233.4)
(3.3, 18.4, 232.9)
(8.1, 18.7, 233.9)
(8.1, 18.7, 233.9)
(12.9, 19.2, 234.7)
    
(342.6, 358.2, 245.3)
(347.0, 2.7, 242.6)
(352.4, 6.2, 241.3)
(357.9, 9.9, 238.7)
(1.6, 14.3, 234.9)
(1.6, 14.3, 234.9)
(3.1, 19.0, 230.7)
(5.2, 20.9, 229.8)
(8.3, 21.7, 230.2)
(13.5, 21.8, 231.3)
    
(344.5, 357.0, 243.3)
(345.2, 0.0, 238.4)
(347.9, 3.0, 234.7)
(347.9, 3.0, 234.7)
(352.7, 6.8, 231.0)
(357.2, 10.7, 228.9)
(1.7, 13.2, 228.6)
(5.3, 14.5, 229.3)
(5.3, 14.5, 229.3)
(7.4, 16.3, 228.2)
    
(348.9, 0.2, 242.7)
(352.1, 5.1, 238.2)
(352.1, 5.1, 238.2)
(356.0, 9.2, 236.0)
(0.3, 11.8, 236.2)
(3.9, 12.9, 236.4)
(5.9, 13.4, 235.1)
(5.9, 13.4, 235.1)
(7.2, 14.6, 233.3)
(10.0, 16.4, 233.2)
    
(347.1, 359.5, 248.2)
(351.4, 4.7, 244.3)
(353.0, 8.5, 240.9)
(354.3, 10.9, 238.0)
(357.6, 13.6, 235.9)
(357.6, 13.6, 235.9)
(2.0, 15.7, 235.1)
(6.0, 16.2, 235.5)
(7.4, 16.7, 236.1)
(8.0, 18.0, 237.3)
    
(341.8, 353.8, 245.9)
(345.8, 358.9, 241.6)
(345.8, 358.9, 241.6)
(351.7, 2.9, 239.8)
(357.3, 6.6, 237.9)
(359.8, 9.8, 235.4)
(0.4, 12.5, 233.0)
(1.3, 13.8, 232.5)
(1.3, 13.8, 232.5)
(3.8, 14.6, 233.1)
    
(345.5, 1.5, 238.2)
(350.6, 5.8, 234.3)
(350.6, 5.8, 234.3)
(354.3, 9.3, 231.3)
(355.8, 11.6, 228.6)
(357.9, 12.5, 227.8)
(1.6, 13.7, 227.9)
(1.6, 13.7, 227.9)
(6.1, 15.4, 228.6)
(10.9, 17.6, 229.2)
    
(357.1, 0.6, 244.0)
(0.8, 5.2, 237.5)
(0.8, 5.2, 237.5)
(2.6, 10.2, 231.0)
(5.2, 15.1, 227.2)
(9.7, 18.0, 226.9)
(15.1, 18.8, 228.1)
(15.1, 18.8, 228.1)
(19.7, 18.3, 227.8)
(21.0, 18.9, 226.3)
    
(346.9, 354.0, 249.8)
(349.6, 1.4, 240.9)
(354.4, 7.4, 234.5)
(359.9, 12.1, 231.4)
(359.9, 12.1, 231.4)
(4.4, 14.2, 231.1)
(6.8, 15.5, 229.9)
(7.4, 18.3, 226.7)
(9.3, 21.4, 224.3)
(9.3, 21.4, 224.3)
    
(352.4, 357.4, 254.1)
(0.0, 5.4, 255.6)
(359.4, 13.3, 252.3)
(356.6, 18.7, 249.3)
(356.6, 18.7, 249.3)
(358.3, 20.7, 250.8)
(2.4, 22.9, 254.8)
(5.3, 25.9, 256.0)
(5.6, 28.4, 256.3)
(5.6, 28.4, 256.3)
    
(337.4, 359.1, 238.3)
(337.7, 6.0, 237.0)
(344.4, 14.2, 239.2)
(344.4, 14.2, 239.2)
(354.3, 21.9, 245.5)
(0.2, 26.5, 250.6)
(0.6, 29.7, 252.2)
(357.5, 32.8, 251.5)
(357.5, 32.8, 251.5)
(355.4, 35.4, 252.1)
    
(345.6, 358.9, 246.3)
(348.3, 1.0, 243.6)
(351.9, 3.2, 241.8)
(357.5, 6.1, 239.2)
(1.0, 10.2, 234.7)
(1.0, 10.2, 234.7)
(2.4, 15.5, 230.5)
(4.3, 19.3, 229.1)
(8.6, 20.5, 229.4)
(11.9, 21.4, 229.4)
    
(347.9, 1.9, 238.9)
(355.0, 5.3, 239.1)
(355.0, 5.3, 239.1)
(359.7, 8.1, 238.1)
(0.1, 10.8, 235.6)
(0.6, 12.7, 232.6)
(2.5, 13.7, 230.8)
(2.5, 13.7, 230.8)
(5.3, 15.0, 230.2)
(8.4, 16.7, 230.8)
    
(347.7, 1.9, 239.9)
(349.7, 6.8, 234.8)
(349.7, 6.8, 234.8)
(354.1, 10.0, 234.2)
(0.0, 12.9, 235.4)
(6.2, 15.2, 236.1)
(8.5, 18.4, 234.1)
(8.5, 18.4, 234.1)
(8.7, 22.5, 231.3)
(8.5, 24.8, 230.2)
    
(349.2, 357.2, 251.9)
(352.9, 2.7, 247.2)
(354.8, 5.5, 242.3)
(356.1, 8.2, 237.2)
(358.4, 12.8, 233.1)
(358.4, 12.8, 233.1)
(2.2, 16.0, 231.3)
(5.8, 17.5, 232.0)
(9.0, 18.1, 233.4)
(11.7, 18.7, 233.3)
    
(348.9, 1.8, 242.7)
(355.2, 7.0, 241.4)
(355.2, 7.0, 241.4)
(0.1, 11.2, 239.9)
(1.0, 14.2, 236.5)
(359.9, 16.4, 232.5)
(1.8, 18.2, 231.8)
(6.3, 20.0, 232.7)
(6.3, 20.0, 232.7)
(10.8, 22.0, 234.0)
    
(346.5, 0.9, 246.8)
(351.7, 4.0, 243.5)
(351.7, 4.0, 243.5)
(358.0, 7.8, 240.4)
(4.2, 12.5, 237.8)
(9.4, 15.4, 236.7)
(11.6, 17.6, 236.0)
(11.6, 17.6, 236.0)
(11.2, 19.7, 234.6)
(10.7, 22.3, 233.2)
    
(347.0, 0.3, 242.4)
(349.6, 1.9, 238.7)
(353.5, 3.0, 237.2)
(353.5, 3.0, 237.2)
(358.2, 5.8, 236.4)
(2.5, 9.2, 235.0)
(5.6, 13.0, 233.5)
(8.6, 15.0, 233.0)
(12.3, 16.7, 233.4)
(12.3, 16.7, 233.4)
    
(351.6, 356.2, 248.1)
(353.1, 2.4, 240.4)
(355.0, 7.8, 233.8)
(357.6, 11.9, 230.1)
(357.6, 11.9, 230.1)
(0.2, 14.3, 229.0)
(3.5, 15.6, 229.1)
(6.1, 16.8, 229.7)
(6.1, 16.8, 229.7)
(8.3, 18.3, 229.3)
    
(344.4, 3.8, 241.4)
(348.0, 4.7, 240.8)
(351.7, 6.7, 240.3)
(351.7, 6.7, 240.3)
(355.9, 9.9, 238.8)
(0.2, 12.8, 237.1)
(3.9, 16.0, 236.4)
(6.3, 18.0, 236.3)
(6.3, 18.0, 236.3)
(8.7, 20.1, 236.2)
    
(339.4, 355.6, 247.6)
(341.8, 359.4, 243.0)
(345.6, 2.1, 240.9)
(351.1, 4.7, 241.1)
(357.3, 7.4, 242.1)
(357.3, 7.4, 242.1)
(0.0, 10.7, 240.1)
(0.5, 15.9, 236.1)
(2.0, 21.0, 233.1)
(4.9, 24.8, 233.0)
    
(343.5, 2.0, 246.4)
(348.8, 9.1, 241.6)
(351.5, 11.3, 239.7)
(353.4, 12.9, 239.2)
(357.8, 16.0, 238.7)
(357.8, 16.0, 238.7)
(5.0, 20.5, 239.1)
(9.7, 24.0, 240.0)
(12.9, 25.9, 240.8)
(12.9, 25.9, 240.8)
    
(349.6, 358.0, 243.3)
(354.3, 358.3, 241.6)
(354.3, 358.3, 241.6)
(357.1, 1.2, 238.6)
(359.4, 4.4, 235.2)
(2.4, 6.4, 235.1)
(6.8, 8.9, 237.5)
(6.8, 8.9, 237.5)
(10.4, 11.9, 238.0)
(13.3, 15.6, 236.3)
    
(352.4, 359.1, 244.1)
(354.1, 1.9, 240.3)
(355.6, 5.9, 237.8)
(358.8, 9.7, 236.3)
(358.8, 9.7, 236.3)
(2.1, 13.1, 235.5)
(4.8, 16.9, 234.5)
(7.6, 19.9, 233.7)
(10.8, 21.5, 233.4)
(10.8, 21.5, 233.4)
    
(347.7, 351.4, 249.8)
(350.8, 356.7, 244.8)
(354.7, 3.9, 239.5)
(0.4, 9.4, 236.4)
(0.4, 9.4, 236.4)
(6.3, 13.2, 236.8)
(10.4, 15.4, 235.8)
(13.3, 18.2, 233.4)
(13.4, 22.8, 231.1)
(13.4, 22.8, 231.1)
    
(350.3, 355.1, 249.6)
(358.1, 2.2, 247.1)
(4.1, 7.3, 243.3)
(4.1, 7.3, 243.3)
(4.0, 10.7, 238.2)
(2.5, 14.0, 234.5)
(5.1, 17.9, 232.2)
(5.1, 17.9, 232.2)
(9.9, 20.7, 232.1)
(14.4, 23.7, 232.1)
    
(354.9, 11.0, 233.0)
(354.9, 11.0, 233.0)
(2.3, 15.7, 231.1)
(4.7, 18.8, 230.0)
(3.6, 21.4, 229.2)
(3.5, 21.8, 229.3)
(3.5, 21.8, 229.3)
(6.6, 22.2, 230.2)
(11.1, 23.1, 231.3)
(14.7, 25.4, 231.6)
    
(348.4, 1.9, 237.6)
(352.6, 7.0, 234.8)
(358.3, 11.0, 234.1)
(358.3, 11.0, 234.1)
(3.3, 14.2, 234.1)
(5.1, 16.0, 233.6)
(4.8, 17.8, 232.4)
(6.8, 20.0, 231.4)
(6.8, 20.0, 231.4)
(10.7, 22.4, 231.1)
    
(347.1, 354.9, 245.4)
(354.2, 358.9, 244.3)
(354.2, 358.9, 244.3)
(0.7, 3.9, 241.5)
(5.9, 9.1, 238.0)
(8.3, 11.8, 235.1)
(9.3, 14.3, 232.5)
(9.3, 14.3, 232.5)
(11.1, 17.6, 230.4)
(15.0, 20.8, 229.5)
    
(353.5, 5.7, 241.7)
(357.2, 6.5, 239.7)
(1.2, 9.1, 237.6)
(5.9, 12.6, 235.7)
(5.9, 12.6, 235.7)
(10.2, 15.9, 234.9)
(14.5, 18.7, 234.4)
(18.6, 21.8, 233.3)
(20.7, 24.8, 231.8)
(20.7, 24.8, 231.8)
    
(345.6, 355.6, 241.8)
(350.7, 3.8, 238.7)
(355.2, 8.6, 237.2)
(355.2, 8.6, 237.2)
(358.3, 11.6, 234.9)
(359.5, 13.2, 233.7)
(0.5, 13.6, 233.6)
(4.2, 14.8, 235.7)
(4.2, 14.8, 235.7)
(8.7, 16.6, 237.8)
    
(353.5, 353.2, 253.3)
(353.5, 353.2, 253.3)
(356.8, 358.3, 247.6)
(0.2, 4.9, 241.7)
(3.5, 11.4, 238.2)
(6.8, 15.7, 237.8)
(6.8, 15.7, 237.8)
(10.4, 19.7, 238.1)
(13.2, 22.8, 238.1)
(14.8, 25.2, 238.0)
    
(353.3, 359.3, 247.8)
(353.3, 359.3, 247.8)
(356.4, 3.3, 244.5)
(358.2, 6.7, 240.9)
(0.5, 9.3, 237.9)
(0.5, 9.3, 237.9)
(3.5, 11.7, 235.9)
(7.6, 15.2, 235.5)
(11.8, 17.8, 236.1)
(14.9, 20.2, 236.3)
    
(345.8, 358.6, 238.5)
(350.1, 1.2, 236.5)
(350.1, 1.2, 236.5)
(353.2, 4.2, 234.7)
(354.8, 7.8, 232.4)
(357.7, 10.5, 231.4)
(2.6, 12.6, 231.1)
(2.6, 12.6, 231.1)
(5.1, 15.3, 230.6)
(5.7, 18.1, 228.9)
    
(349.7, 352.0, 247.6)
(349.7, 352.0, 247.6)
(354.1, 357.4, 243.5)
(357.3, 2.6, 238.8)
(0.3, 7.7, 235.1)
(4.0, 13.0, 232.7)
(4.0, 13.0, 232.7)
(8.3, 17.6, 231.1)
(12.1, 22.4, 229.8)
(14.4, 26.3, 229.2)
    
(345.9, 10.4, 237.9)
(348.4, 13.9, 235.3)
(352.4, 15.2, 235.8)
(357.0, 17.6, 236.1)
(357.0, 17.6, 236.1)
(1.5, 21.8, 235.5)
(4.0, 26.3, 234.6)
(4.5, 28.8, 234.5)
(4.5, 28.8, 234.5)
(6.0, 28.6, 235.1)
    
/n
