    
    
    
    
    
    
    
0.1844625
0
0.2043199
0.1998746
0.1805917
0.163782
0
0.1428371
0.1211586
    
0.2723172
0.3059711
0.3092412
0.2682992
0
0.248841
0.1913382
0.1776972
0.1743056
    
0.3206044
0.2915395
0.2307064
0
0.2313552
0.2180142
0.2136309
0.2279302
0
    
0.1834961
0
0.1777352
0.1694023
0.1720065
0.1439621
0
0.1406959
0.1350091
    
0.1923443
0.1929694
0.2243346
0
0.2287043
0.2104113
0.194797
0.1837549
0
    
0.2758868
0.2511902
0
0.2305148
0.2086426
0.2166325
0.2154491
0
0.2089237
    
0.2332964
0
0.2240489
0.2156283
0.2077273
0.2076487
0
0.2337675
0.2036537
    
0.2549295
0.187272
0.1746767
0
0.2094403
0.2380329
0.2150476
0.2145516
0
    
0.2358845
0
0.2369289
0.2269197
0.2025486
0.1883697
0
0.1800324
0.1732953
    
0.1958351
0.2073703
0.2057889
0.2107551
0
0.2117797
0.206087
0.1944344
0
    
0.2704334
0.2311826
0.2437508
0
0.2541052
0.2223727
0.2093206
0.2288239
0
    
0
0.2227834
0.226782
0.2213599
0.1978967
0
0.2000944
0.2108837
0.2032102
    
0.2075635
0.208506
0
0.2226026
0.2530574
0.2279832
0.1950959
0
0.2056621
    
0.2679923
0.2642341
0
0.1950034
0.1905619
0.2122438
0.2047484
0
0.1986343
    
0.2667607
0.2669891
0.2521675
0.2429319
0
0.2083598
0.1919488
0.1843351
0.1779184
    
0
0.27698
0.2471467
0.240566
0.2010605
0
0.2119833
0.1709664
0.1734388
    
0.3040515
0
0.2862283
0.3074521
0.2519061
0
0.231213
0.2445031
0.2336137
    
0.2196246
0.2636925
0.264194
0.2229412
0
0.1888701
0.1803858
0.1721669
0.1706314
    
0.2436283
0.246307
0
0.2366193
0.2287976
0.1925353
0.1805478
0
0.1824145
    
0.3007767
0
0.2932471
0.2904586
0.2201172
0.2116697
0
0.2115154
0.2128128
    
0.2637146
0.2909164
0.2665974
0.2484397
0
0.2163129
0.2049116
0.2053762
0.201708
    
0.3196625
0.2338103
0.2246588
0
0.2630714
0.2728785
0.2515188
0.2084271
0
    
0
0.2777829
0.2364389
0.2315623
0.2314698
0
0.2159525
0.2111064
0.1915116
    
0.2193316
0.237819
0.2388341
0
0.2011558
0.1892335
0.1871889
0.1868556
0
    
0.2535441
0.2764503
0.265121
0.2704071
0
0.2219658
0.2272212
0.2387399
0.2305702
    
0.2511161
0.2551573
0
0.268046
0.2271341
0.1928916
0.2111227
0
0.2125435
    
0
0.2575426
0.2287035
0.2453838
0.2359123
0
0.1930983
0.189725
0.1680168
    
0.2920075
0.2620983
0.1827139
0
0.1632867
0.1851882
0.1873444
0.1538158
0
    
0.2637715
0.2227075
0
0.2696337
0.2458635
0.2037292
0.1887054
0
0.189484
    
0.1956315
0.1932375
0.2189742
0
0.2373861
0.227894
0.2157865
0.2170709
0
    
0.2298499
0.255517
0.2413851
0
0.2443562
0.2983185
0.2325153
0.1938228
0
    
0.2206646
0
0.2136006
0.1943326
0.1782542
0.1782003
0
0.1820248
0.1694317
    
0.1899074
0.1568296
0.195323
0
0.213469
0.2167251
0.2181591
0
0.2141846
    
0.2770064
0.2581116
0
0.2167263
0.226649
0.2530814
0.2347326
0
0.1984101
    
0.2806296
0.2775765
0.2264656
0.1821543
0
0.1848958
0.1815922
0.1768575
0.1789632
    
0.1850243
0
0.1804485
0.1588444
0.1674742
0.1492721
0
0.1245663
0.1268197
    
0
0.2663008
0.244709
0.2185933
0.1829878
0
0.1657619
0.164038
0.1588312
    
0.217674
0.2355214
0
0.2455531
0.2474497
0.2051528
0.1952477
0
0.1827027
    
0.2220265
0.2184268
0.1946329
0
0.2013755
0.1908473
0.2030402
0.1911387
0
    
0.1871258
0
0.1994858
0.1964369
0.1845373
0.1798506
0
0.1589807
0.1535443
    
0.216131
0.2310639
0.2381418
0
0.2239976
0.2004945
0.1948158
0.1838943
0
    
0.2347545
0.2359058
0.237304
0
0.1860564
0.1834418
0.1820122
0.163481
0
    
0.226556
0.2420843
0
0.2379113
0.2075579
0.2141604
0
0.2001079
0.1989592
    
0.2281543
0.1933387
0.1839327
0.1721786
0
0.1536566
0.1602617
0.1604529
0.1426552
    
0.1989506
0.2025342
0.1939265
0
0.1817751
0.1865794
0.1932724
0.1855434
0
    
0.2644774
0
0.2455005
0.256064
0.2277484
0.2127535
0.1981279
0
0.195834
    
0.2501549
0
0.2190839
0.1942557
0.1971733
0.1737169
0
0.17059
0.1726314
    
0.2405676
0.2649928
0
0.2570071
0.277301
0.2161141
0.1960228
0
0.1919327
    
0.1936615
0.1830046
0
0.1706095
0.167027
0.174018
0.1730574
0
0.1583215
    
0.2321964
0.2287842
0.2523744
0
0.2127688
0.2069786
0.174961
0.2024379
0
    
0.2279783
0
0.2343507
0.2276752
0.2278064
0.1947493
0
0.194579
0.1815975
    
0.2830343
0.2757287
0.2124148
0.2047291
0
0.2223153
0.2113895
0.1765133
0.1393375
    
0.2034751
0
0.2049017
0.1797458
0.1577776
0.1442041
0
0.1434844
0.1438031
    
0.2143983
0.213128
0.218537
0.1983842
0
0.199292
0.1746714
0.157443
0.1526958
    
0.2519377
0.2249905
0.1952404
0.2166895
0
0.2009417
0.1964243
0.1708753
0.163675
    
0.2212542
0.2037815
0
0.1918622
0.1962239
0.1853878
0.174157
0
0.1581749
    
0.1928128
0.2081933
0.226968
0.2098937
0
0.1675297
0.1698516
0.1531255
0.1620489
    
0.2199712
0.2327902
0
0.2172912
0.1958919
0.1497428
0.1524872
0
0.1162887
    
0.240889
0.2723869
0
0.2083173
0.1932286
0.163228
0.1630806
0
0.1295698
    
0.2053533
0
0.1637683
0.1662628
0.1413101
0.1309418
0
0.1212504
0.1342372
    
0
0.1953661
0.1520899
0.1422256
0.1570703
0
0.1593994
0.1649812
0.1186389
    
0.1867787
0.1737458
0.15718
0.1539173
0
0.1351537
0.1207071
0.1029512
0.106933
    
0.1083901
0.1221458
0.1680332
0.1922493
0
0.188112
0.1525059
0.1340369
0.114784
    
0.1701597
0.18345
0.1892219
0
0.2051922
0.1694317
0.1539143
0.1481385
0
    
0.14717
0
0.1743326
0.1797074
0.1805248
0.1388148
0
0.1370011
0.1286027
    
0.166623
0.1973931
0.2116852
0
0.2298856
0.1622618
0.1390336
0.1224683
0
    
0.2271264
0.2021833
0.1968146
0
0.168085
0.1490481
0.1252039
0.1157769
0
    
0.1757953
0
0.1630207
0.1369319
0.1310803
0.1273623
0
0.1421615
0.1392211
    
0.1832404
0.2214809
0.2697397
0
0.2115435
0.1552476
0.1403695
0.1342125
0
    
0.2481685
0
0.2068861
0.150348
0.1147053
0.1009095
0
0.1018902
0.09235144
    
0.174414
0.1704253
0.1927817
0.1969602
0
0.1719642
0.1420489
0.1369825
0.1214611
    
0.2460986
0.2120635
0.1978007
0
0.1703513
0.1784759
0.1630004
0.1598464
0
    
0.1964235
0.2077079
0
0.1828454
0.1768243
0.1844162
0.1572426
0
0.1351251
    
0.2347366
0
0.2280184
0.220419
0.2071303
0.1830336
0
0.1539206
0.1307622
    
0.2350599
0.204525
0.1976685
0
0.163252
0.1365916
0.133936
0.1295468
0
    
0.2062583
0.2452132
0.2247177
0
0.2027127
0.1593063
0.1646848
0.1455063
0
    
0.1776163
0.1622676
0
0.154386
0.1452682
0.1562857
0.1684016
0
0.1707547
    
0.1941802
0.1926696
0.1689754
0.181166
0
0.1865181
0.1714307
0.139513
0.1255201
    
0
0.2254161
0.1861471
0.185425
0.1852847
0
0.1858327
0.1796533
0.1483841
    
0.2141756
0.1977493
0.2025083
0.2029999
0
0.1964757
0.2071421
0.1377491
0.1311429
    
0.2484335
0.1977135
0.1588776
0
0.1584676
0.145653
0.1532764
0.1475385
0
    
0.2295282
0.1883249
0.1826137
0
0.2107748
0.2102986
0.1790972
0.1525851
0
    
0.2706631
0
0.2464972
0.1769765
0.1577189
0.16182
0
0.174758
0.1726359
    
0.2211392
0.1625528
0
0.1678614
0.1867075
0.1864111
0.1640188
0
0.1639684
    
0.2274608
0
0.2210311
0.1952133
0.1719007
0.1575711
0
0.1539809
0.157835
    
0.1739782
0.1848096
0.1843924
0
0.1896574
0.1818779
0.1643077
0.1491308
0
    
0.2583553
0.2379346
0.240065
0
0.2102981
0.1968868
0.1393943
0.1290793
0
    
0.2633126
0.2672451
0
0.1815609
0.1528279
0.1549553
0.1696167
0
0.1672948
    
0.2006482
0.1984387
0
0.198338
0.2027471
0.1515816
0.1368248
0
0.1318786
    
0.2068996
0.1973088
0
0.1858874
0.1650692
0.1403869
0.1163086
0
0.11803
    
0.1859083
0.1691319
0.1666478
0.1335734
0
0.1285204
0.1284748
0.1158717
0.1241912
    
0.2141625
0.1714443
0.1692692
0.1602694
0
0.1558412
0.142903
0.1303084
0.1199286
    
0.2057034
0.1696493
0
0.1575553
0.1567908
0.1442843
0.1312213
0
0.1303457
    
0.1663438
0.1732072
0.1579324
0.1208416
0
0.1110501
0.1140157
0.1142507
0.1090819
    
0.1571026
0.1530536
0.1784656
0
0.1878087
0.1749776
0.1515236
0.1313864
0.1378243
    
0
0.1770456
0.1919491
0.2211731
0.1940358
0
0.1762622
0.1386787
0.1236824
    
0.2144881
0
0.2132942
0.188115
0.1741301
0.1376427
0
0.1342492
0.1271256
    
0.2606754
0.219625
0.1855755
0.1667985
0
0.1521423
0.1555197
0.1585989
0
    
0.1614506
0
0.1497976
0.1546925
0.1742729
0.1468244
0
0.131029
0.1148112
    
/n
0.1744211
0
0.1691687
0.1692786
0.1672104
0.1478524
0
0.1530001
0.1555827
    
0.2118016
0.2004653
0
0.2052306
0.195253
0.1772234
0.1746709
0
0.1729937
    
0.2401128
0
0.244376
0.2171589
0.2062352
0.1881958
0
0.1872543
0.1628509
    
0.2623943
0.2625461
0.2508089
0.2354206
0
0.22418
0.205035
0.1843181
0.1714644
    
0.2305568
0
0.2311208
0.230541
0.2223642
0.2071094
0
0.1957184
0.1610045
    
0.2562444
0.2305234
0.2111982
0.2100781
0
0.2075374
0.2024014
0.1895318
0.1738125
    
0.2349837
0
0.2443733
0.2392945
0.2276989
0.2267171
0.2018036
0
0.1945538
    
0.3824222
0
0.3378206
0.2689366
0.2116921
0.1795296
0
0.157441
0.1441591
    
0.235175
0
0.2151651
0.2046693
0.203879
0.2051738
0
0.2045796
0.1905651
    
0.2323136
0
0.2047455
0.1857804
0.1830302
0.1814646
0
0.1765085
0.1603972
    
0.2246987
0.2340034
0
0.1956504
0.1810605
0.1841969
0.1795093
0
0.1680151
    
0.1929305
0.208269
0.2122888
0.2052868
0
0.1831542
0.1683223
0.1603032
0.1598351
    
0.2183955
0.2261129
0.2264638
0.2150899
0
0.2069649
0.2033761
0.1873809
0.1852251
    
0.2279709
0.2197598
0
0.2036542
0.217941
0.1981941
0
0.206057
0.1887453
    
0.2408177
0.2210848
0.2108277
0
0.2084212
0.1964787
0.1864994
0.1922471
0
    
0.1947508
0
0.1838853
0.1831097
0.1745217
0.1750269
0
0.184001
0.1673713
    
0.2115401
0.230113
0.2180722
0
0.2180155
0.2000644
0.1998111
0.1807915
0
    
0.2021308
0.2009302
0
0.18885
0.1879088
0.1872541
0.1666044
0
0.1701911
    
0.2318259
0.2251437
0.207874
0
0.1924318
0.1854221
0.1764803
0.1677832
0
    
0.2204451
0
0.1995283
0.1903525
0.187042
0.1880388
0
0.1875718
0.1687707
    
0.2297468
0.2093995
0.2090936
0.1897032
0
0.1920836
0.1753146
0.1705738
0.1605766
    
0.1827569
0.1754991
0
0.1835108
0.1891509
0.184243
0.1708591
0
0.1696934
    
0.2091399
0.2144171
0.214523
0.2298874
0
0.2026382
0.18414
0.1681523
0.1516269
    
0.2425747
0.2277661
0
0.2123849
0.2039932
0.193075
0.1833184
0
0.1763927
    
0.2306671
0
0.2261418
0.2111292
0.22394
0.1991672
0
0.1937682
0.1648777
    
0.2253396
0.2369748
0.2341242
0.216898
0
0.1955867
0.1775605
0.1965646
0.208817
    
0.2580632
0.2342878
0.2173586
0
0.2099252
0.2024951
0.200508
0.2006429
0
    
0.2458008
0
0.2185192
0.2117431
0.191311
0.1851356
0
0.1880141
0.1853399
    
0.1909669
0.2020034
0
0.1870898
0.1791029
0.1578367
0.1514512
0
0.137028
    
0.2362558
0.221416
0.2275868
0
0.1970147
0.1936947
0.1750405
0.1809559
0
    
0.240528
0
0.234331
0.2265496
0.230297
0.2286397
0
0.2042444
0.2047668
    
0.2276399
0
0.2107617
0.2050808
0.2000251
0.1884175
0
0.1844461
0.1896308
    
0.2464241
0.2184493
0.2015306
0.1878939
0
0.1952249
0.1926088
0.1806335
0.1673274
    
0.2155228
0.1948274
0
0.192252
0.1826586
0.1893535
0.1629132
0
0.161963
    
0.2173621
0
0.2172607
0.19331
0.177917
0
0.1597307
0.1616598
0.1466316
    
0.2358961
0.2225348
0.2166651
0
0.2035621
0.203582
0.20046
0.1977472
0
    
0.2686716
0.2512149
0.2306314
0
0.2220283
0.2042202
0.2069434
0
0.1936138
    
0.2229929
0.1987101
0
0.1869666
0.1656874
0.1540017
0.1582977
0
0.1565938
    
0
0.2455126
0.2484751
0.2183922
0.1991417
0
0.195554
0.1650821
0.1657428
    
0.2172754
0.2116695
0.2029489
0.1935701
0
0.1876702
0.1793471
0.167636
0.1645489
    
0.1962029
0
0.1808599
0.1784201
0.1711175
0.1543799
0
0.1578945
0.1499798
    
0.2093152
0.1946838
0
0.2074573
0.2090358
0.1941218
0.1754793
0
0.1736952
    
0.2276708
0.2048675
0.1819898
0
0.1819404
0.1791379
0.1758378
0.1674493
0
    
0.2232857
0.2026513
0
0.2011946
0.1778485
0.1727743
0.175866
0
0.1773426
    
0.2247384
0.1984646
0.1922261
0.1932959
0
0.1791716
0.1836759
0.1575392
0.1523363
    
0.1915215
0
0.1847281
0.162998
0.1704464
0.1759465
0
0.166573
0.1581614
    
0.1801264
0.1877525
0.1833262
0.1839995
0
0.1738674
0.1608211
0.1565816
0.1514832
    
0.1741796
0.1812324
0.1787259
0
0.1739629
0.1689385
0.1557046
0.152498
0
    
0.1778942
0
0.1636386
0.1598577
0.1524861
0.1482396
0
0.1478737
0.1442959
    
0.2090295
0.1935346
0.1795399
0.1811129
0
0.1585508
0.158506
0.1606294
0.1499624
    
0.254132
0.2366483
0.2189058
0.2148039
0
0.2063362
0.1908413
0.1809221
0
    
0.251064
0.1924275
0.190324
0
0.1757671
0.179682
0.1619267
0.1483464
0
    
0.2479792
0
0.2187827
0.2185916
0.2051506
0.1864736
0
0.1770603
0.1676369
    
0.2204757
0.235997
0
0.2165085
0.1980163
0.1666889
0.1540177
0
0.149013
    
0.2428063
0.2036578
0.2003176
0
0.1658919
0.171674
0.1711297
0.1539233
0
    
0.2369754
0
0.2221113
0.2272909
0.2009208
0.1714537
0
0.1518329
0.1396524
    
0.2070576
0.2041025
0.1812981
0.1728798
0
0.1626606
0.1463999
0.131521
0
    
0.2273523
0.2197662
0
0.204227
0.1807547
0.1662692
0.144784
0
0.1388981
    
0.209504
0.1981396
0
0.1930527
0.1783769
0.1852255
0.1699461
0
0.1666074
    
0.1992689
0.1912204
0.1743162
0
0.1720376
0.1629996
0.1436
0.1535165
0
    
0
0.2287546
0.2079565
0.2046392
0.1432321
0
0.1424157
0.1374218
0.1161897
    
0.2790285
0
0.2758254
0.2183027
0.1895009
0.186474
0
0.1805247
0.1799803
    
0.1988464
0
0.1912024
0.1643329
0.1698783
0.1545318
0
0.1520221
0.1405125
    
0.2370002
0.2099173
0
0.2029701
0.1708254
0.1684964
0.1599492
0
0.1623364
    
0.1988018
0.1989018
0
0.1966011
0.1948648
0.1643072
0.1543992
0
0.1506075
    
0.2135423
0.2080319
0.2059148
0.2010777
0
0.195421
0.1508251
0.1444336
0.1494259
    
0.1899609
0.1786169
0
0.1882689
0.1741172
0.1651361
0.1519336
0
0.1432572
    
0.2011499
0
0.1842699
0.166494
0.167336
0.1528884
0
0.1611262
0.1347039
    
0.2015041
0.1710855
0.1603369
0.1532148
0
0.144169
0.1255249
0.1185963
0.1127525
    
0.1907786
0
0.1832647
0.1808374
0.1573936
0.1475948
0.13108
0
0.1243742
    
0.201143
0
0.1824396
0.1748967
0.1513662
0.1571334
0
0.1499082
0.152623
    
0.2374228
0
0.2242708
0.2048424
0.1832633
0.1653177
0
0.1523768
0.1433199
    
0.2312063
0.2053409
0.1948009
0
0.1673639
0.1549194
0.1526527
0.1402522
0
    
0.2154896
0.1948922
0.1567858
0
0.1338921
0.1340865
0.1289784
0.1161416
0
    
0.2107738
0.2492447
0
0.2473046
0.2047146
0.1603452
0.1435588
0
0.1380072
    
0.1799981
0.180471
0.1864162
0.187654
0
0.1778145
0.1585578
0.1471395
0.1336656
    
0.188096
0
0.1774355
0.1638449
0.1507197
0.1408743
0
0.1401873
0.1350678
    
0.2007926
0
0.1750407
0.1806166
0.175463
0.157731
0
0.1526126
0.1306682
    
0.2119014
0.190836
0.176425
0.175646
0
0.1615451
0.1465186
0.1322127
0.1329637
    
0.2013915
0
0.1877795
0.1696013
0.1585523
0.1427822
0.1490464
0
0.1457872
    
0.2246724
0
0.2129198
0.2085329
0.1880179
0.1701341
0
0.1378603
0.1403408
    
0.1721182
0.1699188
0
0.1723731
0.1732602
0.1698448
0.1491736
0.1456639
0
    
0.1963576
0.1767661
0.1559806
0
0.1390241
0.131735
0.1268582
0
0.1237566
    
0.1705906
0.1718119
0
0.1765886
0.1730352
0.1708831
0.1421826
0
0.1441465
    
0.2038897
0.2049412
0.1909961
0.1970577
0
0.1770299
0.1825443
0.1735453
0.1736009
    
0.2496834
0.2031635
0.1864533
0.1962486
0
0.2113269
0.1828427
0.165021
0
    
0.1675823
0
0.170274
0.1668799
0.1502543
0.1574877
0
0.1504223
0.1548279
    
0.1713663
0.1668332
0.1672659
0
0.1623279
0.1608503
0.1478421
0.1379054
0
    
0.2583995
0.2465918
0.234701
0
0.2285228
0.1986362
0.2088938
0.1880618
0
    
0.2256672
0.2137469
0
0.1925833
0.1672051
0.1743132
0
0.1541709
0.1550852
    
0
0.2165948
0.1773529
0.1558615
0.1441995
0
0.1444676
0.1447069
0.1483465
    
0.2143872
0.197904
0
0.1915709
0.1670876
0.1536467
0.1554681
0
0.1493562
    
0.2245977
0
0.2167609
0.2187621
0.1837091
0.1760298
0
0.1725092
0.1661265
    
0.1968358
0.1886946
0.2041745
0
0.1888781
0.1771947
0.1720076
0.1664473
0
    
0.2633949
0.2152543
0
0.1971512
0.1609949
0.1594847
0.1551537
0
0.1449702
    
0
0.2133123
0.219689
0.2111916
0.1676288
0
0.1600118
0.1447731
0.1310457
    
0
0.1961071
0.1953833
0.1799729
0
0.1683759
0.1719727
0.1559793
0.1514539
    
0.1818048
0
0.1764479
0.1684533
0.1544842
0.15952
0
0.1445986
0.1398996
    
0
0.2267739
0.2199748
0.2113977
0.2038233
0
0.1927794
0.1847678
0.16832
    
0.1875581
0.1816279
0.1764034
0
0.1845468
0.1756081
0.1562218
0
0.1349948
    
/n
