    
    
    
    
    
    
    
    
    
    
(13.7, 177.3, 70.3)
(14.1, 185.4, 72.9)
(14.5, 193.6, 78.4)
(13.6, 203.0, 84.0)
(13.6, 203.0, 84.0)
(12.5, 212.1, 88.7)
(12.4, 221.1, 94.8)
(10.6, 227.7, 99.5)
(6.4, 235.6, 103.9)
(2.3, 241.4, 104.5)
    
(15.5, 192.1, 65.7)
(16.6, 205.9, 68.6)
(17.5, 218.1, 73.3)
(18.6, 230.3, 79.7)
(17.9, 240.3, 85.4)
(13.3, 248.9, 90.8)
(8.7, 255.9, 93.3)
(8.8, 261.0, 93.9)
(8.8, 261.0, 93.9)
(11.5, 262.2, 94.2)
    
(20.3, 198.5, 72.8)
(27.2, 219.7, 78.2)
(27.2, 244.0, 83.4)
(27.2, 244.0, 83.4)
(20.9, 265.4, 86.6)
(18.2, 282.1, 88.0)
(23.9, 300.5, 91.7)
(28.1, 322.1, 101.7)
(22.6, 334.9, 111.5)
(18.1, 334.2, 110.7)
    
(19.6, 178.2, 72.2)
(19.4, 193.4, 77.3)
(17.3, 206.5, 79.8)
(12.4, 220.8, 80.6)
(6.0, 237.1, 81.9)
(2.8, 253.5, 85.1)
(8.1, 272.1, 91.9)
(15.2, 291.4, 102.2)
(13.1, 305.6, 111.3)
(13.1, 305.6, 111.3)
    
(23.7, 157.6, 76.9)
(21.9, 170.9, 80.0)
(19.7, 184.5, 85.2)
(19.5, 196.2, 92.6)
(20.2, 207.9, 100.5)
(18.8, 220.0, 106.7)
(18.8, 220.0, 106.7)
(15.9, 232.4, 110.0)
(13.3, 243.9, 110.5)
(10.7, 254.1, 111.4)
    
(19.1, 192.9, 80.5)
(19.6, 207.5, 87.5)
(19.3, 220.0, 93.1)
(15.6, 232.9, 96.8)
(10.0, 247.9, 99.5)
(10.0, 247.9, 99.5)
(4.9, 264.2, 102.2)
(1.6, 280.7, 106.4)
(1.5, 294.3, 109.2)
(3.6, 305.1, 108.5)
    
(27.0, 174.3, 74.9)
(26.4, 188.0, 79.0)
(22.3, 198.4, 82.8)
(19.2, 207.6, 88.2)
(19.2, 207.6, 88.2)
(17.6, 219.7, 93.2)
(16.4, 235.8, 96.5)
(15.4, 252.1, 98.3)
(13.4, 267.1, 99.9)
(11.2, 280.1, 100.9)
    
(4.8, 178.9, 74.7)
(7.6, 180.4, 82.5)
(9.7, 188.1, 90.8)
(10.2, 202.1, 98.2)
(9.1, 217.2, 106.1)
(9.1, 217.2, 106.1)
(8.0, 230.8, 111.7)
(5.9, 242.8, 112.4)
(1.5, 251.7, 108.9)
(358.5, 258.5, 103.3)
    
(1.9, 167.2, 63.0)
(7.3, 182.3, 65.0)
(11.7, 196.8, 69.4)
(11.7, 196.8, 69.4)
(12.7, 211.2, 76.1)
(12.4, 225.7, 83.0)
(14.6, 238.2, 88.4)
(17.5, 249.8, 92.9)
(18.3, 259.4, 95.4)
(16.1, 266.4, 94.6)
    
(11.7, 185.1, 77.4)
(11.2, 200.8, 81.6)
(11.3, 214.9, 86.7)
(10.5, 226.6, 92.4)
(7.8, 236.6, 96.7)
(2.9, 249.3, 99.0)
(359.7, 262.4, 98.7)
(359.7, 262.4, 98.7)
(358.4, 274.0, 98.2)
(358.1, 283.9, 97.6)
    
(14.8, 167.8, 67.5)
(17.6, 179.9, 68.5)
(20.2, 197.0, 72.0)
(21.8, 215.9, 76.9)
(22.2, 234.2, 83.1)
(21.5, 252.1, 90.1)
(20.8, 270.6, 98.0)
(20.8, 270.6, 98.0)
(21.7, 283.3, 104.3)
(22.6, 289.1, 106.6)
    
(21.6, 164.9, 85.2)
(19.9, 181.3, 83.1)
(17.5, 199.6, 82.2)
(17.0, 216.0, 83.8)
(17.7, 229.1, 87.7)
(17.1, 240.6, 91.5)
(16.4, 250.2, 93.6)
(16.4, 250.2, 93.6)
(16.0, 258.4, 94.3)
(16.1, 265.8, 93.8)
    
(6.2, 167.0, 74.8)
(5.9, 179.1, 78.9)
(5.6, 192.9, 84.0)
(5.1, 206.3, 90.0)
(5.1, 206.3, 90.0)
(3.4, 215.9, 96.3)
(0.6, 223.5, 101.8)
(358.8, 231.6, 103.4)
(357.8, 240.5, 102.0)
(356.8, 248.7, 99.2)
    
(2.1, 193.5, 70.4)
(0.2, 199.2, 75.8)
(358.5, 208.4, 79.8)
(358.5, 208.4, 79.8)
(355.4, 222.6, 82.7)
(352.5, 236.7, 85.1)
(352.8, 250.0, 87.4)
(355.6, 262.7, 90.1)
(357.2, 275.5, 92.9)
(353.5, 284.6, 95.7)
    
(1.0, 176.6, 69.6)
(4.4, 190.7, 76.7)
(4.9, 203.4, 82.2)
(4.9, 203.4, 82.2)
(2.4, 213.6, 86.2)
(359.7, 224.5, 87.7)
(358.3, 237.8, 88.4)
(359.6, 251.1, 89.6)
(1.6, 264.6, 93.7)
(2.0, 274.6, 94.8)
    
(22.3, 185.4, 73.6)
(23.3, 189.3, 75.9)
(20.2, 188.9, 79.3)
(17.1, 189.4, 83.9)
(17.1, 189.4, 83.9)
(14.4, 201.1, 91.0)
(12.1, 218.4, 95.3)
(10.2, 235.5, 98.2)
(9.1, 251.1, 100.3)
(7.5, 265.4, 102.1)
    
(9.8, 182.1, 78.7)
(10.4, 195.7, 83.7)
(11.7, 209.5, 88.0)
(11.7, 209.5, 88.0)
(12.5, 221.6, 92.0)
(11.1, 231.4, 95.2)
(8.1, 240.4, 97.8)
(4.6, 250.2, 99.7)
(2.8, 261.3, 100.9)
(2.8, 270.9, 99.8)
    
(6.8, 169.0, 68.9)
(5.1, 171.4, 72.5)
(5.1, 171.4, 72.5)
(5.2, 179.5, 78.7)
(5.7, 191.4, 84.6)
(7.4, 202.9, 87.6)
(9.0, 213.7, 89.0)
(8.4, 225.0, 90.0)
(6.1, 236.6, 90.8)
(3.8, 246.6, 91.4)
    
(354.5, 178.6, 71.6)
(355.3, 187.6, 77.8)
(356.5, 199.3, 83.3)
(357.2, 211.5, 86.1)
(357.1, 223.7, 86.9)
(357.1, 223.7, 86.9)
(356.3, 236.3, 86.9)
(355.0, 249.8, 86.1)
(352.9, 262.7, 85.4)
(351.2, 273.6, 85.3)
    
(2.4, 183.1, 71.7)
(2.9, 187.1, 79.8)
(3.2, 193.7, 86.2)
(3.7, 205.3, 91.2)
(3.7, 220.0, 94.0)
(3.5, 234.2, 96.0)
(0.8, 247.8, 96.6)
(356.2, 261.5, 95.4)
(356.2, 261.5, 95.4)
(352.7, 274.0, 93.1)
    
(9.2, 169.4, 72.3)
(7.6, 175.3, 79.0)
(6.4, 183.7, 83.5)
(5.7, 195.1, 86.9)
(5.2, 210.0, 89.1)
(4.4, 226.5, 90.5)
(3.3, 242.3, 90.7)
(2.2, 257.5, 90.2)
(2.2, 257.5, 90.2)
(1.1, 270.3, 89.1)
    
(7.5, 164.7, 80.3)
(9.2, 170.3, 84.0)
(7.8, 181.4, 85.1)
(6.1, 191.4, 84.5)
(3.7, 199.7, 85.1)
(2.1, 205.4, 87.6)
(0.1, 212.1, 90.0)
(0.1, 212.1, 90.0)
(356.6, 222.6, 90.7)
(354.0, 235.6, 91.2)
    
(354.6, 171.2, 69.6)
(0.2, 188.6, 75.0)
(4.3, 207.9, 80.2)
(3.6, 224.0, 85.2)
(360.0, 235.7, 89.9)
(356.3, 246.9, 94.5)
(353.8, 260.7, 97.6)
(353.0, 277.7, 97.0)
(353.0, 277.7, 97.0)
(352.2, 292.0, 96.3)
    
(11.8, 173.6, 66.6)
(8.3, 186.1, 68.7)
(7.2, 200.9, 71.1)
(7.2, 200.9, 71.1)
(6.7, 214.2, 74.8)
(6.1, 227.2, 79.1)
(6.5, 239.4, 81.7)
(8.0, 250.5, 84.2)
(8.8, 261.2, 86.9)
(6.9, 271.8, 89.5)
    
(2.1, 182.3, 70.1)
(2.1, 182.3, 70.1)
(2.6, 190.2, 74.3)
(4.1, 199.4, 78.5)
(4.1, 210.8, 81.8)
(2.5, 224.9, 84.2)
(1.5, 237.7, 86.1)
(1.0, 248.4, 87.9)
(0.5, 256.9, 89.5)
(357.4, 264.3, 91.4)
    
(19.9, 163.3, 67.1)
(22.8, 174.0, 77.3)
(22.7, 184.5, 84.8)
(22.6, 195.2, 89.1)
(22.4, 204.6, 91.7)
(21.6, 212.7, 94.5)
(19.9, 219.8, 96.8)
(16.7, 226.5, 97.8)
(12.5, 232.1, 98.4)
(12.5, 232.1, 98.4)
    
(8.2, 189.1, 61.9)
(7.4, 191.7, 67.4)
(9.6, 193.6, 72.0)
(9.6, 193.6, 72.0)
(12.9, 200.3, 74.0)
(14.6, 210.5, 75.3)
(13.3, 221.0, 77.6)
(11.0, 230.2, 80.6)
(9.3, 238.4, 85.4)
(9.5, 244.9, 89.5)
    
(22.2, 168.7, 75.3)
(20.1, 176.4, 76.7)
(18.6, 186.8, 80.5)
(18.6, 186.8, 80.5)
(17.8, 197.9, 85.0)
(16.6, 208.6, 89.8)
(14.6, 219.1, 94.6)
(12.1, 228.2, 97.2)
(9.9, 236.4, 98.2)
(7.7, 243.8, 97.8)
    
(18.8, 182.6, 81.3)
(17.5, 189.4, 82.4)
(15.8, 195.2, 83.5)
(14.1, 203.3, 84.6)
(12.8, 215.4, 86.4)
(12.0, 228.3, 89.2)
(12.0, 228.3, 89.2)
(9.9, 240.0, 93.7)
(7.9, 247.1, 96.5)
(7.6, 250.0, 96.3)
    
(14.3, 168.9, 68.3)
(16.5, 180.8, 68.5)
(20.0, 193.5, 70.5)
(23.3, 205.9, 74.4)
(23.7, 217.9, 79.6)
(21.1, 229.0, 84.7)
(19.7, 237.1, 87.4)
(19.7, 237.1, 87.4)
(20.1, 243.7, 89.3)
(20.5, 249.1, 91.2)
    
(10.4, 181.3, 60.3)
(12.0, 189.4, 62.8)
(14.8, 198.9, 68.0)
(18.2, 207.8, 75.3)
(19.1, 217.0, 83.4)
(19.1, 217.0, 83.4)
(18.9, 223.7, 86.8)
(18.0, 229.4, 87.1)
(16.6, 234.7, 85.5)
(14.5, 239.7, 85.3)
    
(18.0, 166.3, 77.3)
(18.9, 171.5, 76.3)
(18.2, 179.8, 76.0)
(18.3, 189.7, 77.7)
(17.5, 200.2, 81.0)
(16.3, 210.5, 85.1)
(15.7, 221.1, 90.2)
(15.7, 221.1, 90.2)
(15.9, 229.9, 95.4)
(16.1, 236.4, 99.3)
    
(17.4, 169.5, 75.8)
(19.5, 175.1, 78.6)
(16.5, 181.5, 81.5)
(13.4, 190.2, 85.0)
(10.0, 203.3, 88.2)
(6.0, 218.0, 91.2)
(6.0, 218.0, 91.2)
(3.6, 231.3, 94.2)
(3.4, 244.4, 96.8)
(3.9, 257.2, 98.5)
    
(11.8, 195.1, 66.1)
(16.8, 213.0, 69.0)
(19.6, 231.1, 71.9)
(19.2, 248.2, 75.1)
(17.7, 264.3, 78.6)
(17.7, 264.3, 78.6)
(18.5, 280.8, 83.2)
(22.0, 293.1, 88.0)
(24.0, 298.7, 91.1)
(20.5, 297.4, 90.5)
    
(22.3, 174.0, 82.2)
(19.9, 182.6, 84.2)
(18.3, 191.4, 88.1)
(17.1, 199.7, 92.0)
(15.5, 207.6, 94.8)
(15.5, 207.6, 94.8)
(12.7, 215.4, 96.3)
(8.9, 223.2, 97.7)
(5.1, 231.0, 99.5)
(1.8, 238.4, 101.7)
    
(0.2, 183.3, 74.5)
(1.1, 188.2, 77.3)
(1.2, 196.6, 79.0)
(2.2, 206.4, 80.1)
(3.4, 215.1, 81.4)
(3.5, 222.5, 83.1)
(2.5, 229.1, 84.8)
(1.1, 234.8, 86.5)
(1.1, 234.8, 86.5)
(0.2, 238.7, 87.6)
    
(16.1, 170.8, 80.0)
(17.9, 184.1, 84.4)
(17.9, 184.1, 84.4)
(19.1, 196.9, 87.3)
(19.4, 207.5, 88.9)
(18.9, 216.8, 89.8)
(18.5, 225.5, 91.4)
(18.4, 235.1, 93.9)
(18.3, 246.9, 96.7)
(16.0, 256.3, 97.1)
    
(4.1, 189.8, 75.0)
(11.6, 198.7, 81.9)
(17.3, 204.6, 86.9)
(17.7, 209.6, 88.5)
(15.3, 214.5, 88.9)
(12.2, 220.4, 88.3)
(9.5, 227.3, 87.7)
(8.5, 233.3, 87.8)
(8.2, 238.2, 89.0)
(8.2, 238.2, 89.0)
    
(12.9, 173.5, 75.7)
(14.7, 180.5, 79.7)
(14.7, 180.5, 79.7)
(17.6, 188.1, 83.2)
(19.4, 197.1, 86.2)
(19.3, 207.2, 88.7)
(18.2, 217.6, 90.1)
(16.5, 226.4, 91.1)
(14.1, 234.4, 92.2)
(11.4, 242.1, 92.8)
    
(18.1, 173.7, 80.5)
(17.2, 174.9, 80.6)
(16.8, 177.0, 80.7)
(17.1, 179.2, 81.0)
(17.1, 180.5, 82.3)
(17.1, 180.5, 82.3)
(17.1, 180.9, 84.2)
(18.4, 180.3, 86.6)
(20.3, 179.7, 88.3)
(21.8, 179.4, 89.1)
    
(12.9, 185.3, 73.0)
(13.5, 194.4, 73.7)
(14.6, 205.4, 77.0)
(15.5, 217.5, 81.1)
(15.5, 217.5, 81.1)
(14.8, 230.0, 86.1)
(14.0, 239.6, 87.7)
(12.8, 246.2, 87.5)
(10.8, 249.8, 87.2)
(9.0, 251.7, 87.6)
    
(15.2, 174.1, 79.4)
(14.2, 186.7, 82.8)
(16.3, 200.3, 87.3)
(18.0, 214.2, 93.2)
(17.5, 229.2, 99.0)
(17.5, 229.2, 99.0)
(15.1, 243.0, 102.0)
(10.5, 255.1, 102.7)
(7.0, 262.6, 101.0)
(6.1, 266.1, 97.5)
    
(16.3, 185.3, 66.6)
(20.2, 196.7, 69.9)
(21.0, 208.2, 71.6)
(20.4, 220.9, 72.6)
(20.9, 232.6, 75.3)
(21.0, 243.1, 79.3)
(20.5, 251.8, 82.9)
(20.5, 251.8, 82.9)
(19.8, 259.8, 86.9)
(19.7, 266.2, 90.2)
    
(4.0, 207.4, 76.2)
(4.4, 216.8, 77.8)
(4.2, 226.4, 79.1)
(3.7, 235.1, 80.2)
(3.2, 243.0, 80.8)
(3.6, 250.5, 80.7)
(4.4, 255.6, 80.3)
(3.8, 259.1, 80.1)
(3.8, 259.1, 80.1)
(1.6, 260.5, 79.6)
    
(5.3, 174.2, 79.8)
(6.7, 185.3, 84.4)
(6.7, 194.6, 88.1)
(5.1, 203.0, 91.4)
(2.6, 215.1, 94.8)
(1.3, 230.4, 97.3)
(359.3, 244.2, 98.6)
(357.3, 256.1, 98.6)
(357.3, 256.1, 98.6)
(356.2, 266.0, 98.0)
    
(4.1, 198.9, 75.9)
(4.1, 198.9, 75.9)
(6.0, 212.2, 82.6)
(6.5, 223.9, 87.3)
(7.1, 234.9, 90.9)
(7.3, 245.5, 94.2)
(6.0, 255.2, 97.3)
(3.0, 262.2, 98.6)
(0.2, 267.8, 97.7)
(0.2, 267.8, 97.7)
    
(9.4, 174.2, 83.8)
(11.1, 189.6, 88.2)
(8.1, 203.8, 89.9)
(4.8, 218.6, 90.8)
(5.0, 232.0, 92.1)
(7.0, 246.4, 95.2)
(8.2, 260.4, 99.7)
(5.8, 273.0, 104.2)
(5.8, 273.0, 104.2)
(1.3, 282.8, 105.6)
    
(7.6, 182.0, 72.8)
(12.3, 193.3, 79.7)
(15.6, 209.0, 85.3)
(16.7, 222.6, 88.7)
(16.0, 234.4, 90.8)
(15.1, 245.7, 92.7)
(14.2, 255.0, 94.7)
(12.1, 264.2, 96.3)
(12.1, 264.2, 96.3)
(11.1, 271.7, 97.4)
    
(16.2, 179.0, 81.5)
(16.6, 193.1, 85.3)
(14.6, 208.6, 88.4)
(14.6, 208.6, 88.4)
(11.6, 224.3, 90.5)
(9.8, 239.9, 91.8)
(10.4, 252.6, 93.5)
(11.2, 262.9, 94.9)
(10.3, 270.0, 95.4)
(7.6, 275.6, 94.0)
    
(7.9, 185.9, 73.9)
(8.4, 196.3, 78.4)
(7.4, 208.2, 82.3)
(5.3, 220.1, 85.0)
(5.3, 220.1, 85.0)
(4.0, 231.2, 87.3)
(5.2, 242.2, 90.0)
(6.5, 252.6, 93.3)
(4.9, 262.0, 96.8)
(359.9, 269.2, 99.6)
    
(9.8, 181.8, 79.1)
(9.8, 192.8, 80.3)
(9.8, 202.8, 84.0)
(9.8, 202.8, 84.0)
(10.3, 211.2, 88.9)
(10.4, 219.7, 94.1)
(9.8, 228.9, 97.6)
(8.2, 238.5, 99.2)
(5.2, 246.7, 99.2)
(1.2, 253.0, 98.3)
    
(12.0, 179.7, 82.7)
(15.1, 198.1, 86.7)
(15.2, 217.4, 89.8)
(12.2, 233.6, 91.5)
(7.3, 247.9, 92.5)
(7.3, 247.9, 92.5)
(4.6, 260.8, 93.5)
(7.6, 273.7, 96.4)
(14.3, 285.0, 100.9)
(17.2, 292.9, 104.4)
    
(350.8, 190.5, 67.2)
(351.6, 198.7, 71.7)
(355.1, 211.0, 77.2)
(359.7, 226.3, 83.5)
(2.5, 241.1, 89.8)
(2.5, 241.1, 89.8)
(2.0, 253.9, 94.9)
(0.6, 262.8, 96.3)
(0.1, 268.7, 94.7)
(359.6, 272.5, 91.8)
    
(10.9, 177.2, 72.8)
(11.1, 184.0, 75.2)
(11.8, 192.1, 79.2)
(11.9, 203.6, 84.2)
(11.9, 203.6, 84.2)
(12.1, 216.7, 88.9)
(13.5, 229.9, 93.8)
(15.3, 240.8, 96.6)
(15.2, 248.9, 97.9)
(11.3, 255.8, 97.5)
    
(7.1, 189.0, 70.3)
(12.2, 205.4, 76.3)
(15.2, 220.2, 81.9)
(17.0, 232.8, 86.7)
(18.0, 244.2, 89.7)
(16.9, 255.8, 91.0)
(14.6, 265.2, 90.8)
(14.6, 265.2, 90.8)
(13.8, 272.4, 89.8)
(14.1, 277.1, 89.0)
    
(7.3, 168.9, 83.2)
(6.8, 179.4, 87.7)
(6.9, 193.4, 91.8)
(5.9, 207.5, 95.5)
(4.2, 219.3, 99.0)
(4.2, 219.3, 99.0)
(0.4, 231.4, 102.3)
(357.4, 242.4, 104.4)
(356.7, 252.2, 105.3)
(355.4, 260.8, 105.4)
    
(13.5, 201.5, 80.3)
(13.5, 201.5, 80.3)
(14.8, 217.4, 85.5)
(13.5, 233.4, 89.0)
(11.7, 249.6, 91.8)
(10.5, 265.4, 94.9)
(10.1, 279.4, 98.6)
(9.7, 291.4, 102.4)
(9.8, 299.6, 104.8)
(10.0, 304.6, 104.4)
    
(11.0, 164.2, 71.5)
(14.6, 172.4, 77.2)
(18.2, 184.5, 82.1)
(20.6, 197.8, 85.3)
(20.0, 210.5, 87.5)
(17.9, 222.7, 89.6)
(15.6, 233.6, 91.8)
(14.5, 242.1, 93.9)
(14.5, 242.1, 93.9)
(13.9, 249.9, 95.9)
    
(12.3, 171.9, 71.1)
(11.5, 179.5, 76.3)
(11.3, 189.0, 82.2)
(11.0, 202.1, 88.1)
(11.6, 217.1, 93.2)
(11.9, 229.6, 96.5)
(10.9, 241.2, 98.9)
(8.5, 251.1, 100.1)
(4.7, 259.8, 101.0)
(2.8, 265.4, 101.2)
    
(9.3, 193.7, 75.3)
(13.2, 205.4, 82.0)
(13.2, 205.4, 82.0)
(13.0, 218.7, 86.8)
(10.6, 232.4, 90.0)
(8.5, 245.2, 91.5)
(7.0, 257.5, 92.6)
(6.3, 266.0, 94.0)
(5.5, 271.4, 94.6)
(5.2, 275.2, 93.3)
    
(13.4, 184.7, 73.4)
(15.7, 196.7, 78.0)
(14.8, 209.4, 82.0)
(14.8, 209.4, 82.0)
(12.8, 224.0, 85.3)
(12.5, 236.4, 88.3)
(12.6, 246.5, 91.8)
(10.4, 255.6, 95.9)
(6.7, 262.7, 98.8)
(4.6, 268.5, 99.9)
    
(15.1, 178.6, 74.3)
(15.1, 178.6, 74.3)
(16.1, 191.9, 78.1)
(18.1, 205.3, 82.9)
(20.5, 218.0, 88.7)
(22.1, 230.8, 94.5)
(20.8, 240.6, 97.4)
(17.9, 248.2, 98.2)
(16.2, 253.3, 97.5)
(16.2, 257.0, 96.7)
    
(22.5, 204.1, 74.0)
(24.3, 217.3, 79.2)
(26.2, 229.4, 85.1)
(25.9, 240.5, 91.2)
(22.4, 249.6, 96.1)
(19.8, 254.7, 97.8)
(19.8, 254.7, 97.8)
(19.9, 257.3, 97.1)
(20.8, 257.1, 95.5)
(20.3, 255.7, 93.5)
    
(18.3, 173.5, 76.7)
(19.1, 185.5, 82.0)
(18.6, 196.3, 87.4)
(18.6, 196.3, 87.4)
(18.2, 207.4, 92.3)
(18.3, 219.2, 96.5)
(17.9, 231.1, 100.2)
(15.6, 241.3, 102.9)
(11.4, 249.4, 103.8)
(8.4, 254.1, 102.8)
    
(18.5, 178.8, 84.5)
(17.1, 190.7, 86.6)
(15.6, 204.7, 88.6)
(13.7, 217.7, 91.3)
(11.4, 229.3, 94.3)
(11.4, 229.3, 94.3)
(9.4, 240.4, 96.8)
(7.5, 251.9, 99.0)
(5.3, 260.7, 100.1)
(2.9, 268.5, 100.7)
    
(17.9, 188.6, 86.8)
(17.6, 201.1, 90.8)
(16.0, 210.5, 94.8)
(13.7, 217.4, 97.9)
(10.8, 225.9, 100.0)
(7.6, 236.0, 101.7)
(7.6, 236.0, 101.7)
(6.0, 246.5, 103.3)
(5.1, 256.9, 104.9)
(3.3, 265.2, 105.5)
    
(17.5, 176.0, 77.3)
(17.8, 185.8, 78.5)
(15.5, 196.0, 80.8)
(14.2, 206.7, 84.2)
(13.4, 218.6, 88.7)
(11.7, 231.3, 93.6)
(10.4, 244.8, 97.7)
(10.0, 259.5, 101.7)
(10.0, 259.5, 101.7)
(8.8, 271.9, 104.7)
    
(20.4, 173.5, 79.3)
(17.1, 182.1, 80.5)
(14.0, 193.2, 81.7)
(12.9, 205.1, 82.1)
(13.4, 215.8, 83.2)
(13.2, 226.0, 85.5)
(12.1, 235.8, 88.5)
(9.7, 246.2, 91.5)
(9.7, 246.2, 91.5)
(6.8, 254.6, 93.4)
    
(15.5, 170.7, 82.0)
(18.2, 181.0, 85.5)
(19.9, 192.6, 88.4)
(19.7, 202.6, 90.6)
(19.1, 211.4, 92.6)
(17.6, 219.1, 94.5)
(15.3, 225.9, 96.1)
(15.3, 225.9, 96.1)
(13.7, 230.8, 96.6)
(13.5, 234.6, 96.5)
    
(14.9, 173.0, 77.7)
(14.7, 184.6, 80.3)
(14.7, 184.6, 80.3)
(14.5, 197.9, 82.6)
(13.5, 210.7, 84.9)
(12.4, 221.7, 88.4)
(12.0, 232.8, 91.9)
(11.8, 243.6, 94.7)
(10.4, 253.7, 97.1)
(7.7, 262.1, 98.7)
    
(15.7, 174.3, 74.8)
(14.8, 184.7, 79.0)
(16.1, 196.1, 83.1)
(17.9, 207.7, 87.5)
(17.1, 217.5, 90.8)
(14.5, 226.1, 92.9)
(11.8, 233.2, 93.7)
(9.5, 239.3, 94.8)
(7.9, 244.2, 95.6)
(7.9, 244.2, 95.6)
    
(22.5, 163.5, 87.5)
(23.6, 171.4, 94.1)
(21.9, 183.2, 101.6)
(17.9, 195.7, 106.9)
(14.2, 208.5, 108.5)
(11.8, 219.8, 108.1)
(9.3, 228.8, 106.9)
(6.3, 235.8, 105.0)
(6.3, 235.8, 105.0)
(4.0, 241.0, 102.8)
    
(352.5, 188.9, 59.0)
(353.4, 195.0, 65.5)
(354.1, 202.0, 72.7)
(354.1, 202.0, 72.7)
(353.9, 210.4, 77.3)
(353.7, 220.2, 80.0)
(353.7, 229.6, 82.5)
(353.2, 239.3, 84.5)
(351.0, 247.8, 86.7)
(347.7, 254.8, 89.2)
    
(359.2, 174.2, 69.2)
(3.2, 187.9, 73.9)
(5.3, 205.1, 77.4)
(5.0, 223.1, 80.1)
(5.0, 223.1, 80.1)
(4.4, 238.2, 83.8)
(4.9, 252.0, 87.6)
(5.7, 264.9, 90.8)
(5.1, 276.7, 92.9)
(1.6, 283.4, 92.4)
    
(12.3, 164.7, 61.9)
(18.0, 181.7, 65.4)
(22.5, 197.6, 70.5)
(24.7, 214.6, 76.6)
(25.4, 231.5, 81.9)
(26.2, 248.6, 86.1)
(26.2, 248.6, 86.1)
(26.4, 261.0, 88.9)
(24.9, 268.5, 91.4)
(21.2, 271.1, 93.3)
    
(2.7, 180.7, 75.9)
(3.2, 190.3, 80.0)
(3.2, 201.8, 84.1)
(3.6, 214.0, 88.3)
(2.8, 225.8, 92.7)
(0.3, 236.8, 96.9)
(357.0, 246.2, 99.9)
(357.0, 246.2, 99.9)
(354.1, 254.1, 101.4)
(353.1, 260.2, 100.3)
    
(5.9, 172.4, 71.6)
(5.2, 181.7, 76.6)
(5.2, 181.7, 76.6)
(5.3, 192.1, 82.0)
(5.0, 204.6, 86.0)
(4.7, 217.0, 89.0)
(3.8, 228.1, 91.5)
(0.6, 238.2, 94.0)
(357.0, 245.8, 96.2)
(355.4, 251.7, 97.8)
    
(18.3, 177.5, 71.6)
(18.7, 187.2, 77.5)
(17.1, 196.0, 83.1)
(15.5, 204.6, 88.0)
(14.6, 214.7, 91.9)
(13.3, 225.0, 95.7)
(10.5, 233.7, 98.6)
(10.5, 233.7, 98.6)
(6.6, 241.0, 100.5)
(4.0, 246.3, 100.9)
    
(23.0, 167.4, 72.5)
(24.4, 181.2, 77.5)
(25.1, 194.1, 83.3)
(24.4, 205.8, 88.4)
(22.8, 216.9, 91.8)
(20.6, 228.1, 94.3)
(20.6, 228.1, 94.3)
(18.5, 239.2, 96.0)
(17.1, 249.9, 97.4)
(16.4, 259.8, 99.0)
    
(20.4, 176.2, 67.5)
(21.1, 186.5, 74.1)
(22.1, 200.7, 78.4)
(22.8, 215.5, 81.6)
(22.6, 230.8, 85.6)
(21.7, 244.5, 89.3)
(20.0, 256.5, 92.7)
(17.6, 267.4, 95.1)
(17.6, 267.4, 95.1)
(14.7, 278.1, 96.6)
    
(19.6, 181.3, 77.3)
(20.8, 189.1, 82.0)
(19.5, 203.7, 85.1)
(18.2, 217.7, 86.5)
(16.1, 229.4, 88.6)
(13.2, 239.0, 91.1)
(11.3, 245.9, 92.9)
(11.3, 245.9, 92.9)
(10.5, 251.0, 93.6)
(9.1, 256.4, 93.1)
    
(20.3, 178.2, 78.0)
(19.2, 186.6, 82.4)
(18.7, 195.9, 86.5)
(18.7, 205.4, 90.1)
(17.8, 214.4, 93.0)
(15.6, 222.5, 95.0)
(15.6, 222.5, 95.0)
(12.9, 228.9, 95.8)
(11.0, 233.8, 96.1)
(9.7, 238.0, 96.5)
    
(24.3, 183.7, 76.8)
(24.1, 199.4, 81.4)
(24.1, 199.4, 81.4)
(23.2, 214.0, 85.5)
(21.1, 227.8, 90.0)
(18.1, 242.0, 94.4)
(15.6, 255.6, 98.0)
(14.6, 268.5, 100.3)
(14.8, 281.0, 101.7)
(14.4, 287.7, 100.9)
    
(16.9, 171.4, 69.3)
(20.5, 182.8, 74.8)
(22.7, 194.3, 79.7)
(23.6, 205.1, 83.1)
(23.4, 215.9, 86.0)
(23.0, 226.7, 88.9)
(22.1, 237.8, 91.8)
(19.9, 246.2, 94.0)
(17.5, 251.3, 95.0)
(17.5, 251.3, 95.0)
    
(7.8, 184.0, 76.7)
(7.5, 197.2, 79.7)
(6.5, 210.5, 83.1)
(6.5, 210.5, 83.1)
(6.8, 224.0, 86.2)
(8.2, 238.7, 89.4)
(8.6, 251.8, 91.9)
(7.5, 262.3, 93.6)
(5.3, 269.2, 93.9)
(2.7, 273.1, 93.2)
    
(0.9, 165.5, 69.7)
(5.9, 177.7, 75.8)
(11.7, 192.6, 82.1)
(11.7, 192.6, 82.1)
(15.4, 207.9, 88.1)
(16.2, 222.7, 92.8)
(14.5, 235.1, 95.5)
(11.8, 246.4, 97.0)
(9.5, 256.2, 97.7)
(7.3, 264.7, 98.0)
    
(12.8, 176.1, 70.6)
(14.6, 190.1, 73.8)
(16.5, 203.9, 78.8)
(17.6, 216.7, 84.5)
(17.6, 216.7, 84.5)
(18.0, 228.7, 89.5)
(17.3, 240.8, 93.6)
(16.2, 250.2, 95.0)
(15.4, 257.5, 94.7)
(15.0, 263.1, 94.2)
    
(10.0, 183.6, 62.0)
(16.1, 199.3, 64.4)
(21.2, 213.5, 68.6)
(25.3, 228.4, 74.8)
(27.1, 242.2, 81.4)
(28.3, 258.0, 88.9)
(28.3, 258.0, 88.9)
(30.0, 268.7, 93.7)
(28.5, 276.9, 96.8)
(24.8, 276.1, 97.1)
    
(14.8, 172.3, 66.3)
(17.5, 192.4, 67.6)
(21.2, 211.2, 70.0)
(27.4, 227.3, 75.1)
(34.0, 245.8, 86.0)
(32.4, 260.4, 95.7)
(28.7, 266.1, 97.6)
(25.6, 267.5, 95.6)
(25.6, 267.5, 95.6)
(24.1, 267.3, 94.7)
    
(16.4, 187.7, 77.5)
(17.1, 201.0, 82.2)
(17.0, 213.4, 87.4)
(15.8, 224.1, 92.5)
(14.4, 232.8, 96.4)
(14.4, 232.8, 96.4)
(13.4, 238.0, 97.5)
(12.5, 241.7, 97.0)
(12.0, 244.3, 95.7)
(11.5, 246.9, 94.8)
    
(22.0, 169.0, 71.1)
(22.9, 180.0, 74.0)
(22.0, 192.8, 76.8)
(20.5, 206.0, 79.9)
(19.2, 217.7, 83.2)
(18.1, 228.9, 87.0)
(17.2, 239.2, 90.8)
(17.2, 239.2, 90.8)
(16.1, 247.4, 94.1)
(15.0, 253.6, 96.0)
    
(6.8, 171.8, 73.7)
(5.7, 183.8, 75.8)
(5.5, 197.3, 77.0)
(6.4, 208.9, 78.9)
(7.0, 218.3, 81.9)
(5.5, 226.6, 85.4)
(5.5, 226.6, 85.4)
(2.2, 233.6, 88.2)
(359.6, 240.6, 88.5)
(358.3, 248.2, 87.8)
    
(349.5, 193.8, 61.3)
(353.1, 209.9, 65.4)
(353.1, 209.9, 65.4)
(355.0, 227.9, 69.6)
(356.6, 244.4, 74.1)
(359.8, 259.1, 78.7)
(2.8, 271.9, 84.0)
(1.6, 282.8, 89.7)
(357.9, 289.0, 92.1)
(355.6, 292.9, 90.7)
    
(50.9, 150.3, 68.8)
(52.3, 170.1, 75.3)
(53.3, 190.6, 83.6)
(52.7, 208.4, 91.3)
(50.3, 224.4, 98.1)
(46.9, 239.1, 104.2)
(43.1, 253.1, 109.5)
(38.3, 263.9, 113.4)
(34.2, 272.1, 115.2)
(31.6, 278.3, 116.1)
    
/n
(19.2, 181.8, 70.5)
(19.3, 187.3, 74.6)
(19.7, 193.1, 77.1)
(18.8, 201.2, 77.5)
(16.8, 211.0, 77.5)
(14.4, 220.7, 78.3)
(11.4, 231.2, 79.9)
(9.4, 242.4, 80.9)
(9.4, 242.4, 80.9)
(9.6, 252.3, 81.1)
    
(17.9, 181.5, 68.7)
(19.7, 194.2, 72.3)
(20.6, 207.1, 74.2)
(19.8, 219.1, 74.5)
(18.0, 230.4, 75.2)
(16.5, 240.3, 77.0)
(15.7, 249.9, 79.5)
(15.7, 249.9, 79.5)
(15.9, 257.2, 81.5)
(16.1, 262.2, 83.1)
    
(15.4, 159.6, 79.0)
(16.9, 171.7, 82.6)
(16.9, 185.0, 87.1)
(16.9, 185.0, 87.1)
(15.2, 196.6, 92.0)
(12.6, 206.6, 95.1)
(9.0, 215.6, 96.2)
(5.2, 223.9, 95.8)
(3.5, 230.8, 95.2)
(2.8, 237.5, 95.0)
    
(39.3, 150.6, 84.8)
(41.3, 163.1, 88.0)
(40.4, 179.6, 94.1)
(36.9, 196.0, 99.8)
(31.1, 209.4, 102.8)
(25.0, 221.0, 103.4)
(20.4, 231.5, 103.2)
(16.7, 242.6, 103.6)
(16.7, 242.6, 103.6)
(13.1, 253.6, 104.7)
    
(18.6, 181.9, 84.4)
(18.6, 181.9, 84.4)
(16.5, 195.7, 86.0)
(15.0, 209.0, 87.0)
(13.6, 221.4, 87.7)
(12.6, 231.9, 88.9)
(12.1, 241.3, 91.4)
(11.3, 249.4, 94.8)
(9.7, 256.6, 98.1)
(9.7, 256.6, 98.1)
    
(48.2, 149.2, 77.0)
(45.7, 167.5, 83.0)
(43.0, 186.3, 89.1)
(41.0, 204.5, 94.8)
(39.9, 219.7, 99.0)
(39.1, 233.4, 102.2)
(36.6, 245.3, 104.8)
(32.0, 254.8, 106.2)
(32.0, 254.8, 106.2)
(28.0, 259.7, 105.5)
    
(4.2, 169.1, 79.3)
(2.0, 175.4, 83.0)
(358.7, 185.6, 85.0)
(356.3, 198.5, 85.6)
(355.7, 211.5, 86.2)
(355.1, 223.2, 88.8)
(353.8, 234.1, 92.3)
(351.9, 243.9, 95.4)
(350.0, 253.1, 96.6)
(350.0, 253.1, 96.6)
    
(9.4, 153.2, 76.6)
(9.4, 164.5, 80.0)
(8.8, 176.8, 84.1)
(7.3, 188.2, 88.6)
(5.0, 198.6, 93.8)
(5.0, 198.6, 93.8)
(2.7, 207.0, 98.2)
(1.0, 214.4, 100.6)
(1.4, 220.7, 100.8)
(2.3, 226.1, 99.7)
    
(10.4, 211.3, 73.3)
(10.2, 233.5, 77.4)
(14.9, 251.6, 81.8)
(24.6, 272.1, 87.8)
(25.3, 294.4, 96.7)
(14.7, 309.1, 100.3)
(10.1, 306.0, 94.1)
(9.2, 294.4, 85.8)
(8.3, 279.9, 77.9)
(8.3, 279.9, 77.9)
    
(14.2, 179.8, 83.9)
(11.6, 194.2, 87.9)
(10.0, 208.3, 92.0)
(8.8, 221.4, 96.0)
(7.6, 234.1, 100.3)
(7.6, 234.1, 100.3)
(6.5, 244.9, 103.4)
(5.2, 253.9, 105.1)
(2.2, 261.0, 104.5)
(359.2, 266.2, 101.7)
    
(18.5, 164.6, 79.7)
(18.8, 175.4, 83.6)
(15.3, 185.2, 86.0)
(10.8, 198.1, 88.1)
(7.2, 215.6, 90.6)
(7.2, 215.6, 90.6)
(6.7, 232.0, 94.1)
(6.8, 246.7, 97.9)
(6.0, 259.1, 100.6)
(3.9, 268.1, 101.3)
    
(18.5, 156.7, 78.9)
(22.6, 161.4, 84.5)
(26.8, 171.9, 91.7)
(29.4, 184.6, 99.0)
(29.3, 196.5, 104.2)
(27.5, 206.6, 106.3)
(27.5, 206.6, 106.3)
(25.3, 214.7, 106.7)
(23.3, 222.2, 107.5)
(21.4, 229.4, 108.5)
    
(11.6, 200.9, 76.4)
(13.1, 218.7, 82.7)
(13.9, 234.4, 89.3)
(11.7, 249.6, 96.1)
(11.7, 249.6, 96.1)
(10.8, 262.2, 98.8)
(11.2, 274.4, 100.4)
(11.2, 285.8, 101.8)
(10.1, 296.9, 102.6)
(9.8, 304.2, 100.9)
    
(9.7, 162.4, 79.5)
(16.4, 166.1, 79.6)
(19.9, 176.4, 82.0)
(19.2, 186.8, 86.4)
(16.5, 195.6, 91.1)
(12.3, 203.4, 95.7)
(12.3, 203.4, 95.7)
(8.9, 211.0, 98.6)
(7.7, 218.3, 100.1)
(7.7, 224.8, 100.9)
    
(20.7, 180.8, 75.9)
(18.2, 190.4, 79.6)
(18.2, 190.4, 79.6)
(15.9, 199.3, 82.7)
(15.0, 208.5, 85.4)
(15.2, 218.8, 88.1)
(15.2, 229.5, 90.6)
(14.3, 240.5, 92.7)
(12.3, 249.8, 93.6)
(9.6, 257.3, 93.4)
    
(7.6, 182.4, 76.6)
(7.8, 193.3, 81.7)
(8.0, 204.1, 86.0)
(7.9, 215.5, 89.6)
(7.9, 215.5, 89.6)
(7.2, 225.6, 91.5)
(6.2, 234.3, 92.4)
(5.2, 242.3, 92.0)
(4.1, 250.5, 91.6)
(2.6, 257.4, 91.6)
    
(10.6, 179.3, 79.3)
(7.1, 187.7, 85.0)
(7.1, 187.7, 85.0)
(4.3, 198.6, 89.1)
(2.8, 209.9, 92.0)
(2.1, 220.4, 94.6)
(1.9, 229.4, 97.4)
(0.4, 235.7, 98.7)
(357.2, 240.2, 98.7)
(353.2, 243.9, 98.2)
    
(3.4, 153.3, 72.7)
(9.9, 164.0, 77.9)
(13.8, 178.8, 82.2)
(13.8, 192.7, 86.4)
(11.1, 205.2, 90.3)
(8.6, 216.2, 93.2)
(8.4, 227.0, 95.2)
(9.1, 237.7, 96.9)
(8.6, 247.3, 98.4)
(5.7, 254.7, 98.9)
    
(2.5, 173.0, 76.7)
(5.6, 175.5, 83.2)
(10.5, 182.4, 87.7)
(12.9, 193.8, 91.8)
(12.9, 193.8, 91.8)
(11.5, 205.8, 95.0)
(8.5, 216.7, 97.9)
(6.2, 225.9, 100.2)
(4.9, 234.1, 101.7)
(3.2, 241.3, 101.9)
    
(20.1, 172.1, 79.4)
(22.6, 183.7, 83.5)
(24.0, 196.3, 87.3)
(24.3, 208.9, 90.2)
(23.9, 221.4, 92.9)
(22.0, 233.7, 96.1)
(22.0, 233.7, 96.1)
(19.1, 243.5, 98.0)
(17.1, 250.6, 97.9)
(16.2, 255.6, 96.9)
    
(15.7, 194.7, 81.2)
(17.1, 205.9, 84.1)
(17.7, 217.2, 87.3)
(17.5, 227.7, 90.1)
(16.1, 237.7, 92.2)
(13.4, 246.1, 93.4)
(11.3, 253.0, 93.8)
(11.3, 253.0, 93.8)
(11.1, 257.9, 93.4)
(11.0, 261.4, 93.0)
    
(8.6, 167.3, 78.7)
(13.9, 184.6, 82.5)
(18.1, 202.8, 86.2)
(19.3, 217.6, 89.7)
(17.7, 229.6, 92.7)
(15.2, 238.9, 94.5)
(12.7, 247.0, 95.7)
(12.7, 247.0, 95.7)
(11.4, 253.1, 96.6)
(10.7, 258.0, 97.1)
    
(5.5, 184.0, 78.5)
(2.7, 189.5, 84.0)
(1.7, 196.7, 89.2)
(1.8, 207.6, 93.4)
(2.0, 220.0, 96.5)
(0.5, 231.0, 98.6)
(356.7, 239.3, 98.7)
(352.9, 245.0, 98.3)
(351.0, 249.1, 98.0)
(351.0, 249.1, 98.0)
    
(359.9, 189.8, 73.6)
(359.1, 199.6, 79.5)
(359.2, 210.5, 83.9)
(358.9, 223.0, 87.6)
(357.8, 236.8, 90.7)
(357.8, 236.8, 90.7)
(356.8, 250.7, 93.4)
(355.8, 262.1, 94.5)
(354.2, 270.9, 94.2)
(351.8, 277.4, 92.9)
    
(13.4, 181.5, 77.4)
(13.8, 193.3, 81.9)
(11.1, 207.6, 85.3)
(8.1, 224.7, 86.4)
(8.1, 224.7, 86.4)
(6.1, 241.3, 86.3)
(5.8, 255.2, 86.4)
(5.9, 267.9, 87.5)
(6.0, 278.5, 89.3)
(7.2, 286.9, 91.1)
    
(11.2, 181.9, 73.7)
(11.3, 191.9, 76.9)
(11.1, 201.2, 80.3)
(10.0, 209.0, 83.0)
(10.0, 209.0, 83.0)
(7.7, 215.9, 84.6)
(5.4, 222.1, 85.4)
(4.3, 228.1, 85.8)
(4.4, 233.9, 86.8)
(3.6, 239.9, 89.7)
    
(3.0, 165.6, 71.7)
(5.6, 172.3, 79.4)
(8.6, 181.3, 86.3)
(8.6, 181.3, 86.3)
(10.3, 192.2, 91.3)
(9.5, 202.1, 93.4)
(7.5, 210.9, 93.7)
(4.8, 218.8, 93.3)
(1.6, 226.0, 93.2)
(358.7, 231.0, 93.8)
    
(8.7, 172.2, 75.1)
(13.1, 182.5, 77.8)
(14.9, 197.1, 80.9)
(13.9, 210.5, 84.4)
(11.8, 222.0, 87.8)
(9.4, 232.1, 91.0)
(9.4, 232.1, 91.0)
(6.7, 240.9, 94.0)
(4.6, 247.3, 95.6)
(3.2, 252.8, 96.2)
    
(4.1, 172.0, 71.8)
(6.3, 182.5, 76.4)
(9.0, 191.3, 80.9)
(11.1, 201.1, 84.6)
(11.5, 213.2, 88.0)
(11.2, 226.0, 91.4)
(9.5, 238.8, 95.0)
(9.5, 238.8, 95.0)
(5.8, 250.2, 98.4)
(4.7, 257.1, 99.0)
    
(14.7, 171.6, 79.2)
(14.5, 183.6, 82.1)
(13.7, 197.6, 84.1)
(13.8, 212.2, 86.8)
(13.6, 225.2, 90.4)
(11.8, 235.2, 94.3)
(10.4, 240.8, 97.9)
(10.4, 240.8, 97.9)
(10.5, 243.2, 100.0)
(12.2, 242.9, 100.0)
    
(5.6, 184.4, 71.6)
(6.5, 194.1, 75.5)
(6.9, 204.4, 79.2)
(7.3, 216.2, 82.0)
(7.8, 227.4, 85.0)
(7.3, 238.2, 88.9)
(5.1, 244.8, 92.3)
(2.8, 247.2, 94.3)
(2.8, 247.2, 94.3)
(1.1, 246.4, 94.3)
    
(16.4, 172.2, 78.6)
(19.2, 182.4, 82.3)
(19.5, 194.8, 84.5)
(17.6, 208.8, 86.5)
(14.8, 222.1, 89.2)
(12.0, 232.1, 93.0)
(9.9, 239.2, 96.4)
(9.9, 244.0, 98.6)
(9.9, 244.0, 98.6)
(10.9, 248.1, 100.3)
    
(11.9, 191.1, 78.9)
(11.5, 197.2, 81.7)
(11.5, 197.2, 81.7)
(11.2, 202.0, 83.8)
(11.3, 208.3, 86.2)
(11.5, 214.5, 87.5)
(11.8, 220.3, 87.6)
(11.6, 225.0, 86.7)
(11.3, 228.5, 85.9)
(11.1, 230.2, 85.9)
    
(10.7, 177.7, 75.4)
(11.7, 190.3, 78.4)
(13.5, 202.2, 82.3)
(15.1, 213.4, 87.4)
(15.1, 213.4, 87.4)
(15.4, 223.9, 93.2)
(14.9, 230.8, 97.0)
(14.3, 234.0, 98.3)
(13.5, 236.0, 98.8)
(13.0, 236.6, 98.8)
    
(17.4, 172.2, 78.0)
(22.4, 184.7, 80.3)
(22.4, 184.7, 80.3)
(22.3, 198.4, 82.2)
(21.5, 212.2, 83.8)
(21.9, 224.9, 85.7)
(22.3, 236.4, 88.2)
(21.1, 245.1, 90.4)
(18.4, 250.4, 91.2)
(15.8, 252.8, 90.9)
    
(15.9, 181.2, 76.5)
(15.1, 193.3, 80.7)
(14.5, 204.1, 84.3)
(14.8, 214.9, 87.5)
(16.1, 223.9, 90.0)
(16.6, 231.0, 92.0)
(16.6, 231.0, 92.0)
(15.1, 236.4, 93.1)
(12.7, 240.7, 93.4)
(11.9, 243.9, 94.2)
    
(21.1, 166.4, 82.6)
(24.5, 185.0, 84.6)
(25.5, 202.9, 86.4)
(24.6, 219.8, 88.4)
(24.1, 235.3, 91.0)
(24.1, 235.3, 91.0)
(24.6, 250.0, 96.0)
(23.9, 259.5, 100.9)
(22.1, 263.6, 103.6)
(19.3, 265.0, 104.9)
    
(15.2, 182.6, 82.7)
(14.4, 195.3, 85.7)
(14.1, 207.9, 87.4)
(15.4, 219.8, 89.0)
(16.7, 232.0, 91.6)
(15.7, 241.1, 93.7)
(13.7, 247.2, 94.5)
(13.7, 247.2, 94.5)
(12.8, 251.0, 94.8)
(12.5, 253.6, 95.6)
    
(19.3, 175.3, 74.5)
(18.3, 189.7, 79.4)
(18.0, 205.4, 83.7)
(19.9, 219.1, 87.8)
(20.9, 231.7, 92.9)
(19.4, 243.4, 97.9)
(16.0, 254.2, 101.9)
(16.0, 254.2, 101.9)
(13.7, 261.1, 103.5)
(12.8, 264.8, 103.6)
    
(13.5, 187.8, 80.6)
(13.7, 197.2, 84.6)
(14.5, 207.4, 86.9)
(15.8, 219.3, 89.8)
(15.4, 229.5, 93.9)
(14.0, 236.8, 97.3)
(12.7, 240.6, 98.1)
(11.4, 242.8, 97.7)
(11.2, 243.5, 97.1)
(11.2, 243.5, 97.1)
    
(18.4, 179.0, 80.1)
(20.3, 192.7, 84.7)
(21.4, 205.7, 89.0)
(21.8, 218.2, 93.1)
(21.4, 229.2, 96.3)
(20.1, 238.9, 98.4)
(18.6, 245.9, 99.2)
(17.4, 251.8, 100.0)
(17.4, 251.8, 100.0)
(16.7, 256.8, 101.3)
    
(17.6, 179.7, 78.7)
(18.9, 192.1, 81.3)
(18.9, 192.1, 81.3)
(20.2, 203.4, 83.6)
(20.7, 212.6, 85.7)
(20.3, 220.7, 88.2)
(19.3, 227.2, 91.0)
(18.2, 232.5, 93.3)
(17.4, 236.0, 94.5)
(16.5, 238.9, 95.1)
    
(20.2, 185.6, 68.7)
(22.1, 202.9, 70.5)
(25.0, 218.1, 75.1)
(29.4, 233.4, 83.5)
(29.4, 233.4, 83.5)
(31.5, 250.5, 94.9)
(30.3, 259.2, 101.3)
(28.5, 259.5, 102.8)
(26.0, 252.7, 99.3)
(22.5, 242.9, 94.0)
    
(15.6, 166.6, 77.6)
(17.5, 176.8, 81.5)
(17.5, 176.8, 81.5)
(17.9, 187.3, 83.2)
(17.5, 196.7, 83.4)
(17.9, 205.6, 83.0)
(19.6, 214.9, 84.3)
(20.0, 223.0, 87.2)
(18.6, 229.1, 89.6)
(17.5, 232.1, 90.6)
    
(13.6, 170.2, 78.0)
(15.5, 182.8, 79.6)
(15.5, 182.8, 79.6)
(16.4, 196.2, 81.3)
(15.7, 208.3, 83.2)
(15.6, 218.3, 84.8)
(16.0, 226.2, 86.4)
(15.8, 232.5, 88.3)
(15.2, 236.2, 89.8)
(14.9, 238.3, 91.3)
    
(11.7, 175.4, 75.4)
(12.5, 186.8, 78.5)
(12.5, 186.8, 78.5)
(13.1, 198.0, 82.8)
(13.7, 207.7, 87.0)
(14.0, 216.1, 90.7)
(13.3, 222.6, 93.1)
(12.4, 227.3, 93.8)
(11.7, 230.4, 93.5)
(10.8, 233.1, 93.5)
    
(16.3, 161.8, 75.5)
(15.4, 175.0, 78.5)
(15.4, 175.0, 78.5)
(12.9, 186.9, 81.8)
(12.5, 196.8, 85.1)
(13.7, 206.2, 88.4)
(15.8, 215.7, 92.1)
(17.5, 225.7, 96.3)
(16.2, 232.9, 99.6)
(13.5, 236.9, 101.2)
    
(359.1, 165.5, 65.6)
(3.7, 180.5, 65.7)
(7.8, 194.6, 68.5)
(7.8, 194.6, 68.5)
(11.2, 208.4, 73.1)
(14.4, 222.4, 78.7)
(16.5, 236.7, 84.7)
(17.5, 248.1, 89.6)
(19.1, 255.0, 93.0)
(18.7, 255.8, 93.1)
    
(8.2, 163.4, 74.0)
(14.7, 169.0, 77.4)
(18.1, 180.5, 81.0)
(19.4, 193.4, 84.9)
(19.4, 206.0, 88.6)
(19.4, 206.0, 88.6)
(17.9, 217.4, 91.4)
(15.4, 228.0, 92.9)
(13.2, 237.0, 93.8)
(12.6, 244.4, 94.9)
    
(20.6, 169.1, 79.8)
(16.8, 175.4, 81.2)
(16.7, 187.6, 84.6)
(17.6, 199.3, 88.4)
(17.8, 210.7, 91.9)
(17.8, 210.7, 91.9)
(16.9, 221.1, 95.5)
(15.7, 230.2, 99.8)
(14.4, 238.1, 103.9)
(12.8, 245.5, 106.7)
    
(22.5, 182.1, 74.1)
(23.2, 197.3, 79.2)
(23.8, 212.0, 84.5)
(23.7, 225.2, 89.3)
(23.1, 237.7, 93.4)
(21.7, 251.1, 97.1)
(19.7, 262.9, 100.2)
(18.2, 271.6, 102.3)
(17.3, 277.4, 103.5)
(17.3, 277.4, 103.5)
    
(18.7, 172.5, 73.6)
(22.8, 185.3, 74.2)
(25.2, 197.9, 76.9)
(26.4, 210.5, 80.9)
(27.2, 224.1, 85.3)
(26.4, 236.4, 90.0)
(24.1, 245.2, 93.8)
(21.8, 248.3, 95.9)
(19.1, 245.9, 96.1)
(19.1, 245.9, 96.1)
    
(10.8, 177.4, 78.3)
(14.8, 183.7, 81.2)
(17.3, 191.9, 82.1)
(17.8, 201.7, 82.6)
(17.0, 211.1, 83.7)
(16.2, 218.7, 85.1)
(16.2, 224.0, 87.2)
(17.1, 227.5, 89.6)
(17.1, 227.5, 89.6)
(18.8, 229.7, 91.6)
    
(16.6, 188.3, 74.8)
(16.5, 204.6, 77.4)
(17.2, 221.3, 80.1)
(17.8, 237.2, 82.8)
(17.4, 251.1, 85.5)
(17.4, 251.1, 85.5)
(16.1, 264.1, 87.9)
(14.8, 274.7, 89.7)
(14.5, 283.5, 91.3)
(15.0, 290.2, 92.9)
    
(18.7, 180.6, 72.0)
(21.8, 193.2, 74.6)
(24.6, 204.8, 77.6)
(26.0, 215.9, 80.0)
(26.0, 215.9, 80.0)
(26.2, 226.5, 81.7)
(25.6, 235.3, 82.9)
(25.4, 243.0, 83.9)
(25.8, 250.7, 85.2)
(26.2, 257.1, 87.0)
    
(10.4, 172.3, 66.2)
(12.4, 185.4, 69.4)
(14.1, 198.7, 73.8)
(16.2, 212.8, 78.8)
(17.0, 226.8, 83.6)
(17.0, 226.8, 83.6)
(17.1, 238.1, 87.4)
(18.2, 244.1, 89.3)
(18.3, 247.3, 90.5)
(17.1, 249.2, 92.1)
    
(14.1, 185.0, 82.8)
(13.9, 193.9, 86.1)
(13.7, 203.7, 87.9)
(13.4, 213.3, 89.4)
(12.5, 221.6, 92.1)
(11.2, 227.6, 95.7)
(11.2, 227.6, 95.7)
(11.1, 230.4, 98.3)
(11.9, 231.7, 98.9)
(12.7, 233.2, 99.2)
    
(3.9, 171.7, 73.5)
(8.5, 183.0, 74.1)
(11.7, 197.7, 76.5)
(14.1, 211.3, 80.6)
(16.7, 223.7, 86.4)
(16.7, 223.7, 86.4)
(18.8, 235.7, 92.4)
(17.6, 244.8, 96.3)
(15.5, 249.9, 96.9)
(14.6, 252.5, 95.1)
    
(16.2, 173.6, 74.3)
(15.3, 189.2, 77.5)
(15.4, 204.6, 81.2)
(16.9, 219.1, 85.5)
(18.9, 233.3, 90.5)
(18.9, 247.5, 95.0)
(18.9, 247.5, 95.0)
(16.2, 257.2, 97.5)
(13.7, 262.5, 98.5)
(13.0, 264.6, 98.9)
    
(19.0, 176.8, 82.5)
(18.2, 185.9, 84.1)
(15.1, 195.3, 84.9)
(14.2, 202.9, 85.7)
(15.3, 208.6, 87.0)
(17.0, 213.3, 88.7)
(17.0, 213.3, 88.7)
(17.9, 217.9, 90.7)
(17.5, 222.2, 91.9)
(16.9, 225.9, 92.2)
    
(11.9, 173.6, 76.4)
(14.9, 185.8, 78.6)
(16.7, 198.2, 80.9)
(17.8, 210.6, 83.3)
(19.0, 221.9, 85.9)
(19.9, 231.5, 88.5)
(19.7, 238.3, 90.9)
(19.7, 238.3, 90.9)
(18.4, 243.1, 92.2)
(16.8, 245.5, 92.0)
    
(12.2, 161.3, 79.8)
(14.5, 177.1, 82.7)
(14.4, 192.3, 87.2)
(13.6, 205.5, 92.5)
(12.8, 218.1, 98.0)
(11.9, 230.1, 102.3)
(11.9, 230.1, 102.3)
(11.0, 241.6, 105.0)
(10.7, 250.5, 105.7)
(10.1, 256.7, 105.6)
    
(10.5, 175.5, 85.7)
(9.6, 179.2, 89.1)
(10.4, 181.4, 91.1)
(13.3, 183.0, 90.8)
(13.6, 189.8, 90.5)
(11.9, 200.1, 91.9)
(10.9, 210.1, 94.0)
(10.9, 210.1, 94.0)
(10.9, 219.3, 96.4)
(10.5, 227.8, 98.4)
    
(7.2, 188.7, 75.5)
(9.5, 201.9, 79.6)
(9.5, 201.9, 79.6)
(10.8, 212.3, 84.9)
(11.2, 221.2, 89.1)
(10.1, 228.6, 91.0)
(8.1, 236.2, 91.5)
(7.9, 243.5, 92.0)
(9.0, 249.6, 93.4)
(9.7, 253.8, 94.7)
    
(10.5, 172.4, 77.8)
(12.0, 184.2, 79.6)
(14.1, 198.0, 83.9)
(14.1, 198.0, 83.9)
(17.0, 215.0, 90.4)
(19.0, 232.9, 97.2)
(18.2, 249.1, 102.6)
(16.5, 259.4, 103.7)
(15.4, 264.7, 101.9)
(16.2, 265.6, 99.7)
    
(19.4, 186.1, 84.8)
(19.9, 190.7, 85.8)
(17.6, 197.3, 86.0)
(17.6, 197.3, 86.0)
(15.0, 211.3, 88.4)
(16.7, 227.8, 93.5)
(18.5, 243.5, 100.5)
(18.4, 256.1, 106.0)
(17.3, 265.6, 109.5)
(16.8, 272.5, 110.6)
    
(15.1, 160.5, 86.6)
(21.1, 171.0, 92.2)
(24.4, 180.7, 96.9)
(24.1, 190.4, 100.2)
(21.3, 201.0, 102.2)
(17.7, 211.9, 103.6)
(14.7, 223.1, 104.5)
(13.0, 232.8, 104.9)
(11.5, 240.8, 105.2)
(11.5, 240.8, 105.2)
    
(19.2, 181.5, 83.6)
(20.1, 193.0, 90.4)
(22.3, 206.1, 95.8)
(23.6, 218.2, 99.3)
(23.6, 218.2, 99.3)
(23.1, 229.6, 101.8)
(21.0, 240.4, 104.3)
(18.3, 248.6, 106.1)
(16.1, 254.7, 106.7)
(14.6, 259.2, 105.9)
    
(17.0, 175.2, 78.2)
(16.8, 188.7, 80.8)
(17.1, 202.1, 85.6)
(18.1, 215.6, 90.8)
(19.1, 229.4, 95.3)
(19.1, 229.4, 95.3)
(18.6, 243.7, 99.2)
(16.7, 254.4, 101.8)
(15.4, 261.3, 103.5)
(14.5, 264.8, 104.2)
    
(5.0, 178.1, 85.7)
(2.0, 185.8, 84.3)
(0.4, 193.7, 84.0)
(1.2, 200.5, 86.0)
(2.8, 205.8, 89.3)
(2.8, 205.8, 89.3)
(4.0, 209.3, 92.3)
(3.5, 211.0, 92.5)
(1.5, 212.8, 91.8)
(359.9, 214.7, 91.7)
    
(12.3, 173.7, 78.3)
(15.2, 180.9, 78.6)
(19.3, 189.2, 79.3)
(21.5, 198.7, 80.9)
(20.7, 207.8, 83.5)
(19.8, 215.5, 86.4)
(19.8, 215.5, 86.4)
(19.7, 221.6, 88.8)
(20.4, 227.1, 90.8)
(20.4, 232.2, 91.6)
    
(15.0, 164.5, 72.8)
(17.2, 178.9, 72.2)
(18.5, 193.7, 71.7)
(18.2, 208.1, 71.8)
(17.3, 220.8, 73.6)
(19.8, 231.8, 78.2)
(23.3, 243.7, 85.4)
(24.3, 254.9, 93.6)
(24.3, 254.9, 93.6)
(22.8, 260.5, 98.9)
    
(18.0, 168.7, 82.0)
(19.0, 171.9, 83.6)
(18.6, 176.2, 85.2)
(18.9, 183.3, 87.3)
(20.9, 191.2, 90.3)
(20.9, 191.2, 90.3)
(22.7, 199.7, 94.0)
(22.0, 207.8, 96.8)
(18.8, 213.7, 97.5)
(16.0, 218.5, 97.2)
    
(16.5, 171.7, 83.6)
(17.0, 178.3, 80.5)
(16.6, 186.0, 78.9)
(16.3, 193.7, 80.3)
(17.2, 200.9, 84.2)
(18.3, 208.5, 89.1)
(18.1, 215.2, 92.6)
(18.1, 215.2, 92.6)
(17.1, 221.0, 94.5)
(16.1, 227.1, 95.9)
    
(11.1, 177.1, 83.9)
(13.1, 183.8, 85.6)
(13.7, 192.5, 86.3)
(13.4, 201.1, 87.2)
(13.7, 209.4, 89.8)
(14.1, 217.7, 94.3)
(13.8, 223.4, 98.0)
(13.4, 227.0, 100.1)
(13.4, 227.0, 100.1)
(12.9, 228.6, 100.9)
    
(13.7, 177.8, 74.8)
(13.7, 177.8, 74.8)
(13.5, 189.3, 76.6)
(13.3, 200.5, 80.3)
(15.4, 212.2, 85.5)
(18.3, 224.2, 91.9)
(20.5, 236.3, 98.4)
(21.0, 248.3, 104.0)
(19.2, 255.2, 104.9)
(16.9, 258.7, 103.0)
    
(8.7, 176.0, 76.0)
(12.7, 187.2, 78.3)
(15.3, 200.8, 82.2)
(15.3, 200.8, 82.2)
(16.3, 213.0, 86.1)
(16.9, 224.5, 89.4)
(17.6, 235.6, 91.9)
(17.3, 246.8, 94.5)
(16.3, 257.7, 97.7)
(14.6, 267.7, 101.1)
    
(15.6, 172.5, 79.3)
(19.0, 181.9, 80.7)
(17.3, 192.1, 82.0)
(17.3, 192.1, 82.0)
(13.3, 207.2, 83.1)
(10.4, 223.5, 84.8)
(9.8, 239.5, 87.6)
(11.7, 257.6, 92.9)
(13.2, 272.5, 99.1)
(13.0, 281.2, 102.6)
    
(10.0, 174.3, 78.9)
(12.8, 179.5, 78.5)
(14.6, 188.4, 79.6)
(16.0, 198.5, 81.7)
(16.0, 198.5, 81.7)
(16.7, 208.6, 84.3)
(17.6, 218.9, 87.2)
(18.5, 227.8, 89.9)
(17.8, 236.0, 92.0)
(15.9, 242.9, 93.9)
    
(0.5, 174.3, 75.8)
(2.3, 181.5, 77.5)
(3.4, 191.9, 80.0)
(4.7, 203.5, 82.7)
(6.8, 214.8, 85.9)
(6.8, 214.8, 85.9)
(8.4, 225.7, 89.4)
(8.7, 237.0, 93.5)
(8.1, 246.3, 97.1)
(7.1, 254.0, 99.8)
    
(26.5, 167.4, 80.0)
(26.8, 176.3, 81.5)
(26.4, 185.0, 85.5)
(25.6, 194.3, 90.4)
(25.1, 204.2, 95.5)
(25.1, 204.2, 95.5)
(25.1, 214.5, 100.5)
(24.9, 224.3, 104.1)
(23.7, 233.0, 106.4)
(21.5, 239.9, 107.2)
    
(24.9, 187.1, 79.8)
(26.2, 203.3, 86.1)
(27.2, 220.1, 92.8)
(27.1, 237.3, 99.3)
(25.4, 251.8, 104.2)
(22.2, 264.2, 107.6)
(20.5, 273.0, 109.8)
(20.8, 278.4, 111.5)
(20.8, 278.4, 111.5)
(20.6, 280.6, 112.0)
    
(20.1, 166.8, 89.1)
(20.8, 167.4, 88.0)
(20.5, 169.3, 86.2)
(19.9, 174.1, 85.6)
(20.2, 180.2, 86.5)
(20.2, 180.2, 86.5)
(21.9, 185.8, 88.8)
(24.3, 191.7, 91.2)
(26.1, 198.8, 92.7)
(26.1, 207.0, 93.7)
    
(23.4, 164.9, 86.3)
(24.8, 169.3, 88.8)
(25.1, 174.8, 90.3)
(23.9, 182.5, 90.8)
(21.9, 192.3, 91.3)
(21.4, 203.1, 93.5)
(21.2, 214.0, 97.2)
(20.3, 223.2, 100.8)
(19.4, 230.0, 103.2)
(19.4, 230.0, 103.2)
    
(21.9, 186.6, 74.9)
(24.1, 198.5, 77.8)
(27.3, 210.9, 82.5)
(30.0, 223.3, 88.7)
(30.0, 223.3, 88.7)
(30.3, 232.2, 93.5)
(28.8, 238.7, 95.9)
(27.1, 243.2, 96.7)
(26.7, 246.4, 96.5)
(26.4, 248.2, 97.0)
    
(10.8, 160.8, 85.1)
(17.8, 164.4, 87.5)
(22.0, 174.8, 89.4)
(22.5, 188.4, 93.3)
(21.2, 200.9, 98.1)
(19.6, 212.4, 103.4)
(17.0, 223.4, 108.6)
(14.3, 234.9, 113.2)
(14.3, 234.9, 113.2)
(11.5, 245.5, 116.4)
    
(17.4, 171.0, 70.8)
(20.7, 183.9, 73.7)
(23.8, 196.9, 78.7)
(25.7, 209.6, 85.1)
(25.7, 209.6, 85.1)
(27.2, 220.7, 90.0)
(28.2, 230.3, 93.5)
(27.6, 238.6, 96.3)
(26.0, 246.4, 98.1)
(24.7, 253.4, 98.7)
    
(10.0, 189.8, 80.2)
(14.0, 196.9, 84.9)
(14.1, 205.4, 88.2)
(14.1, 205.4, 88.2)
(13.3, 214.2, 89.7)
(13.1, 222.5, 90.4)
(12.7, 229.2, 91.7)
(12.7, 231.7, 93.2)
(13.5, 231.7, 93.4)
(13.9, 231.0, 93.4)
    
(17.9, 168.0, 84.2)
(17.6, 176.6, 85.7)
(17.6, 176.6, 85.7)
(19.1, 187.7, 87.9)
(22.2, 198.4, 90.5)
(24.1, 208.1, 92.5)
(23.1, 216.8, 93.6)
(21.0, 222.6, 95.0)
(19.0, 226.0, 96.6)
(18.4, 227.0, 97.8)
    
(19.9, 177.9, 80.8)
(21.5, 187.3, 83.8)
(19.3, 195.7, 87.2)
(15.9, 204.6, 89.5)
(15.9, 204.6, 89.5)
(15.2, 214.8, 91.1)
(16.9, 225.0, 93.6)
(17.8, 234.8, 97.0)
(15.8, 243.0, 100.2)
(12.6, 249.1, 101.3)
    
(27.8, 176.6, 81.5)
(29.8, 184.7, 85.3)
(30.8, 196.3, 89.8)
(31.1, 210.9, 94.7)
(30.8, 225.3, 99.3)
(29.1, 238.0, 103.1)
(25.8, 248.8, 106.4)
(25.8, 248.8, 106.4)
(23.8, 256.6, 107.7)
(23.5, 263.6, 108.5)
    
(20.7, 160.1, 76.3)
(22.1, 176.7, 77.5)
(23.7, 194.6, 81.0)
(25.7, 211.8, 85.9)
(28.0, 228.9, 91.6)
(28.0, 228.9, 91.6)
(28.8, 247.0, 98.1)
(27.6, 259.4, 102.5)
(26.1, 265.8, 103.6)
(24.3, 269.5, 103.3)
    
(25.6, 174.6, 77.2)
(28.5, 183.8, 84.6)
(28.9, 193.2, 92.7)
(28.9, 193.2, 92.7)
(28.2, 200.5, 97.4)
(28.4, 206.5, 99.8)
(28.2, 212.2, 101.0)
(26.8, 218.1, 101.8)
(24.4, 223.6, 102.8)
(22.6, 228.1, 103.9)
    
/n
