    
    
    
    
    
    
    
    
    
    
0.1938952
0.2069679
0.2163882
0
0.2090768
0.2201038
0.1736709
0.1856682
0.1471161
    
0.2210443
0.2150844
0.2185399
0.1941164
0.1753497
0.1479142
0.123482
0
0.093503
    
0.3913619
0.3693911
0
0.3384351
0.2814714
0.2580251
0.2246177
0.1567819
0.1244433
    
0.3250262
0.3236761
0.3186225
0.3192808
0.3105555
0.3146242
0.2668954
0.2097028
0
    
0.2139045
0.2437867
0.2474343
0.2476598
0.2436384
0
0.2423015
0.2243356
0.210379
    
0.3162098
0.3133059
0.3110075
0.313832
0
0.3057233
0.2915447
0.2463232
0.2136462
    
0.2720811
0.2645212
0.2702719
0
0.3020693
0.309377
0.2992966
0.2827407
0.2466575
    
0.1886545
0.2186453
0.2480645
0.254754
0
0.2408331
0.2242663
0.1942528
0.1720681
    
0.2567839
0.2682632
0
0.2657209
0.26226
0.2289246
0.2015958
0.169919
0.145283
    
0.2990934
0.2903432
0.2780335
0.2654496
0.2701827
0.2498961
0
0.2256099
0.1999508
    
0.2744961
0.3027412
0.3078187
0.2914074
0.2715207
0.2574759
0
0.1943584
0.1419402
    
0.246295
0.2741699
0.2742557
0.2529907
0.2363365
0.2154935
0
0.2048377
0.1829455
    
0.2022182
0.2247263
0.23261
0
0.2174901
0.2057586
0.193022
0.1910351
0.1783704
    
0.2436086
0.2721947
0
0.2891846
0.2843516
0.2670827
0.249608
0.2366568
0.1923627
    
0.2791942
0.2758499
0
0.2656246
0.2617102
0.2623067
0.2519464
0.2470303
0.2037636
    
0.1682369
0.1607542
0.1845669
0
0.2579752
0.2929434
0.2879255
0.2686998
0.2495808
    
0.2508673
0.2557443
0
0.2504648
0.2310162
0.2219871
0.2172155
0.2161191
0.1895778
    
0.1564837
0
0.2153482
0.2537112
0.254909
0.2483743
0.2467994
0.2459661
0.218895
    
0.2627463
0.2901059
0.2867899
0.2788994
0
0.2717745
0.2707371
0.2462969
0.2195638
    
0.2661785
0.2784019
0.3051862
0.3162311
0.3123639
0.2931323
0.2774816
0
0.2527232
    
0.2350571
0.2658353
0.2925972
0.3114457
0.3230591
0.3014514
0.2785839
0
0.245659
    
0.1956347
0.2295036
0.2298548
0.2282688
0.2304625
0.2415228
0
0.2556014
0.2748083
    
0.3068053
0.3291024
0.3019926
0.2802988
0.2740934
0.2811649
0.2602732
0
0.228164
    
0.2418257
0.2715384
0
0.2705198
0.27154
0.2553446
0.2397358
0.2237994
0.2121732
    
0
0.2248248
0.2425873
0.2554222
0.2687881
0.2489365
0.2270908
0.208326
0.1834854
    
0.2147289
0.2084282
0.2057272
0.1972238
0.1896733
0.1844049
0.1818385
0.1684421
0
    
0.1514621
0.1569969
0
0.1819315
0.2035372
0.2078369
0.2061068
0.1946235
0.1728766
    
0.1659684
0.1976541
0
0.214939
0.2190789
0.2215365
0.2072642
0.1952972
0.1828616
    
0.1991093
0.2060606
0.2211505
0.2489889
0.2491747
0
0.2352934
0.1998261
0.1673127
    
0.21717
0.2324518
0.2299521
0.2199874
0.2113165
0.1812724
0
0.1594074
0.1398548
    
0.1806306
0.2051764
0.2094099
0.2081057
0
0.1749038
0.154
0.1393354
0.1323724
    
0.1689253
0.1959576
0.2136414
0.2181391
0.2173872
0.2188578
0
0.1910664
0.1605244
    
0.1976272
0.2181532
0.2506112
0.2887329
0.3072107
0
0.2906952
0.2747316
0.2552183
    
0.3051008
0.3071752
0.2763775
0.2538088
0
0.2450188
0.1909223
0.1380279
0.1033299
    
0.1749338
0.1955527
0.2026217
0.2051921
0
0.2092903
0.2122644
0.2121396
0.2069113
    
0.1645016
0.1830332
0.1968205
0.1904531
0.1785369
0.1697319
0.1611143
0
0.1405659
    
0.2398085
0
0.2443536
0.2355411
0.2251531
0.2204264
0.2196884
0.2302729
0.1965851
    
0.2024306
0.1768395
0.1626426
0.1626847
0.1659526
0.1737035
0.1686943
0.1619353
0
    
0.1869579
0
0.1989737
0.2078052
0.2170749
0.220408
0.1975615
0.1898443
0.1803135
    
0.04983823
0.05374408
0.05539022
0.05070142
0
0.04568943
0.04169104
0.03186013
0.02715749
    
0.218829
0.238078
0.2442575
0
0.2377241
0.207011
0.1798407
0.1557021
0.123243
    
0.269904
0.2783472
0.2736569
0.2786209
0
0.2496345
0.2234981
0.1822161
0.1574292
    
0.2339998
0.2233373
0.2252567
0.2109354
0.1963495
0.175608
0
0.1635374
0.1346558
    
0.2031584
0.1997795
0.1874126
0.1699791
0.1580361
0.1271631
0.1046709
0
0.08282393
    
0.2440515
0.245913
0.2521505
0.2799951
0.2876312
0.2685611
0.2413338
0
0.2191981
    
0
0.2791613
0.2563249
0.2398613
0.2241905
0.2140274
0.1800282
0.1555899
0
    
0.291912
0.2788191
0.2811475
0.2719444
0.2743377
0.2495401
0.2243581
0
0.1902405
    
0.2481453
0.2686337
0.2514167
0.2313575
0.2243988
0.1997231
0.1902142
0
0.1629288
    
0.278418
0.2827225
0
0.278836
0.2725765
0.2374037
0.2076755
0.1769805
0.1569763
    
0.2373418
0.2490001
0.2456457
0
0.2356184
0.2324239
0.2106907
0.1924644
0.169091
    
0.211977
0.2187036
0
0.2178675
0.2207702
0.2132263
0.207085
0.1903362
0.17426
    
0.3145113
0.3245042
0.2908206
0.2658077
0
0.2389073
0.2231612
0.1791495
0.1436098
    
0.2452762
0.2771435
0.2936502
0.2703775
0
0.2390302
0.2008845
0.1757287
0.1491139
    
0.1762767
0.199246
0.2285511
0
0.2397598
0.2407077
0.2133836
0.1877356
0.1777117
    
0.2831965
0.2680477
0.2457714
0.2233086
0.2139163
0.1799131
0
0.1519609
0.125844
    
0.2480452
0.2766887
0.2824971
0.2668209
0
0.2662678
0.2528631
0.2401401
0.2163896
    
0
0.2938173
0.2898138
0.2823683
0.2735531
0.2382879
0.2062892
0.1662296
0.141783
    
0.1944003
0.2307002
0.2442946
0.2402078
0.233421
0.2250864
0.1964791
0
0.1775018
    
0.198664
0.2265183
0.2503639
0.2642295
0.2432622
0.2289935
0.2082307
0.1947441
0.1624147
    
0.2782878
0
0.2745883
0.2682201
0.2548653
0.2440911
0.2044016
0.1743555
0.1489509
    
0.2361151
0.2374447
0
0.248076
0.2321139
0.2150908
0.2052919
0.1804046
0.1586695
    
0
0.2385843
0.2454127
0.2371641
0.2325656
0.1993133
0.1774083
0.1544387
0.1343687
    
0.2365838
0.2173065
0.1985571
0.1730329
0.1375639
0
0.1108373
0.07602537
0.05669196
    
0.2276808
0.2277906
0
0.2351852
0.2317116
0.2242104
0.2052349
0.1877611
0.1525771
    
0.2408412
0.2546989
0.2504747
0.2409423
0
0.2291079
0.2295459
0.1846848
0.1710271
    
0.2327426
0.2224501
0.2203072
0.2230308
0.2294174
0
0.2258414
0.2178039
0.1925038
    
0.2325579
0.2449159
0.2605407
0.2681426
0.2654203
0.2608328
0.2524813
0
0.2133841
    
0.1915468
0.2188032
0.2344679
0.2360287
0.2321192
0.2270517
0.2243797
0
0.1990689
    
0.2068501
0.2172377
0.2089103
0.1995279
0.1911178
0.1819676
0
0.1569489
0.1387259
    
0.2346911
0
0.2508473
0.2483855
0.2408082
0.239243
0.2193479
0.2003062
0.1731911
    
0.2091431
0.2264978
0.2316076
0.2148243
0.2027836
0.1894677
0.1808643
0.1625325
0
    
0.1744239
0.2106182
0.2290189
0.232498
0.2230012
0.206603
0.1964344
0
0.1809789
    
0.2213818
0.2422547
0
0.2384848
0.2382748
0.2316113
0.2302021
0.2096306
0.1903041
    
0.2863933
0.3050392
0.3074896
0
0.279085
0.2568284
0.2279883
0.203449
0.1502471
    
0.2699844
0.2752177
0.2721252
0.2580308
0.2453269
0
0.1910174
0.1492854
0.114321
    
0.2301804
0.2442284
0.2552086
0.2473956
0.2374251
0.2150492
0
0.2033603
0.1633781
    
0.2278484
0
0.2457875
0.2549626
0.2485561
0.2348584
0.223652
0.1916698
0.1633788
    
0.2113146
0.2101972
0.2155341
0.2152318
0.2122135
0.1934929
0
0.1807717
0.1519198
    
0.2449175
0.2511452
0.2414506
0.2366798
0.2318511
0
0.2283044
0.2057994
0.1847959
    
0.2320679
0.2586628
0.2666969
0.2734321
0.2530449
0.2311644
0.2100447
0
0.1938654
    
0.2039391
0.2409041
0.2468697
0.231426
0.215588
0.1980834
0
0.1839062
0.1710813
    
0.1729685
0.1891924
0.1956156
0.1964259
0.1904925
0
0.1786239
0.1653413
0.1554398
    
0.2698122
0
0.2621956
0.2537816
0.2523265
0.2279731
0.2030758
0.1837094
0.1327135
    
0.2277102
0.2322767
0.2220586
0.2180579
0.2092391
0.2036887
0.1709735
0.141104
0
    
0.25863
0.2672186
0
0.2722298
0.2735759
0.2449797
0.2151364
0.1808976
0.1559366
    
0.2658554
0.2885574
0
0.2863203
0.2811739
0.2546991
0.238624
0.2179325
0.2023834
    
0.2588204
0.2647663
0.2566836
0
0.2450442
0.2365935
0.2048248
0.1800489
0.1568934
    
0.3054834
0.2856932
0.2810376
0.2312483
0.2281373
0
0.1660872
0.130918
0.08207151
    
0.2958465
0.2901159
0.2700651
0.2679462
0.2120824
0.1592237
0.1300169
0
0.1015678
    
0.2275974
0.2243962
0.2108624
0.195662
0
0.1602325
0.1419822
0.1258061
0.1184808
    
0.2126583
0.2277942
0.2376699
0.2280445
0.220501
0.2048646
0
0.1829625
0.1643755
    
0.2244781
0.2433423
0.2420447
0.232348
0.2282171
0
0.2225735
0.2109036
0.2055675
    
0.313339
0
0.3249337
0.2989198
0.2725817
0.2415491
0.2159137
0.1627331
0.1279374
    
0.2402041
0.2519977
0.2408354
0.2324505
0.2252088
0.219898
0.1937044
0.1684677
0.1419902
    
/n
0.1617229
0.1726218
0.1884875
0.1991053
0.2026386
0.2116054
0.1986696
0
0.1814394
    
0.2366437
0.2400156
0.221058
0.2030406
0.1836491
0.1734424
0
0.1359518
0.1061643
    
0.213946
0.2382931
0
0.2330394
0.2225646
0.2107667
0.2031688
0.1864532
0.1746801
    
0.2096499
0.247075
0.2675966
0.260435
0.252694
0.2416703
0.2410755
0
0.2204463
    
0
0.2561666
0.252922
0.2475741
0.2266607
0.2099144
0.1904359
0.1755637
0
    
0.2409066
0.2599656
0.2696299
0.251244
0.2328749
0.210711
0.1950662
0
0.1601666
    
0.205017
0.233982
0.256447
0.2672693
0.2590222
0.2489144
0.230538
0.2157367
0
    
0.1736013
0.2049675
0.2104411
0.2105291
0
0.1984847
0.1882579
0.1757044
0.1704424
    
0.3517683
0.3022167
0.2796061
0.2367767
0.1767854
0.1221152
0.1367962
0.1313848
0
    
0.2651132
0.2715882
0.2630322
0.254164
0
0.2281184
0.2062403
0.188439
0.1731116
    
0.241151
0.2554286
0.2827691
0.3144014
0
0.2999597
0.2750433
0.2443369
0.2124202
    
0.1117736
0.1639316
0.1861849
0.1885652
0.185408
0
0.1797654
0.1793982
0.1781023
    
0.2647372
0.2592947
0.2607645
0
0.2201161
0.2097311
0.1916598
0.1778829
0.1475237
    
0.1201674
0.1708421
0.1874198
0.1877979
0.1905119
0
0.187146
0.1800513
0.1723754
    
0.1825806
0
0.1868255
0.1937803
0.1984214
0.196677
0.1936803
0.1679461
0.145002
    
0.2010706
0.2051472
0.2093058
0
0.1971164
0.1848309
0.1732333
0.1671371
0.1473737
    
0.1954923
0
0.2106662
0.2135459
0.2061779
0.1943135
0.1715043
0.1561665
0.1457568
    
0.1911454
0.2309973
0.2311341
0.2284402
0.2262013
0.2156086
0.2044531
0.1867122
0.1692778
    
0.1493157
0.1748096
0.2048783
0
0.2195727
0.2173916
0.2080181
0.1979971
0.1858269
    
0.1932
0.2117499
0.2177806
0.2144356
0.2129966
0
0.1869419
0.1668381
0.1458973
    
0.2091037
0.2134728
0.1993102
0.1866772
0.1695063
0.1554523
0
0.1295017
0.1136782
    
0.2366597
0.2469738
0.222356
0.2021666
0.1808354
0.1694809
0
0.1432672
0.125653
    
0.1816412
0.2035601
0.2215592
0.2256513
0.2174768
0.1955279
0.1778024
0.1653131
0
    
0.2633624
0.2717744
0.2773546
0.2745203
0
0.2692454
0.2326607
0.2024166
0.1770891
    
0.2673222
0.2852628
0.2960885
0
0.2926977
0.2592214
0.2356668
0.2054207
0.1815173
    
0.1828518
0.18428
0.1748244
0
0.1681762
0.1533121
0.1452941
0.1366282
0.1328841
    
0.189602
0.2044392
0
0.2142002
0.2056474
0.196421
0.1874896
0.1816122
0.1633605
    
0.1962781
0.226363
0.2261721
0.2130172
0.2026294
0
0.1939482
0.1695604
0.1524285
    
0.2142377
0.2153323
0.2270476
0.2385731
0.2378492
0.2307827
0
0.2166472
0.1770108
    
0.2255174
0.2425639
0.2487443
0.2206322
0.1872846
0.1456971
0
0.1162826
0.08284657
    
0.2254017
0.2322567
0.2343538
0.2231706
0.2128991
0.1697051
0.1330486
0
0.1006916
    
0.2099177
0.2224091
0.2298998
0.2268241
0.1974061
0.1702981
0.1424277
0
0.1277158
    
0.1516515
0
0.1425495
0.1519443
0.1386986
0.1327791
0.1196963
0.1080326
0.08766127
    
0.2201563
0.2121638
0.1996955
0
0.1886833
0.1537413
0.1073482
0.09116162
0.07486599
    
0.2300947
0
0.2311138
0.2291814
0.2099257
0.1904616
0.1633274
0.1400754
0.1103265
    
0.2252893
0.2158808
0.2143802
0.1871104
0.1645138
0
0.1400096
0.1266599
0.1008445
    
0.2807817
0.2684844
0.2500733
0.2277116
0
0.2083923
0.156157
0.1149916
0.09334724
    
0.2254774
0.2260955
0.2155431
0.2079461
0.171351
0.1387334
0
0.1114059
0.09857661
    
0.2515553
0.2722923
0.2545849
0.2374396
0.2145494
0.1984137
0
0.1517163
0.1272534
    
0.2056905
0.2071893
0.2148087
0.1899638
0.160883
0.1264836
0.1067249
0.08265385
0
    
0.2430725
0.2347177
0.2245997
0.2067714
0.1928156
0.1617153
0.1408546
0
0.1214892
    
0.2146108
0
0.2084396
0.1863044
0.1690789
0.1518364
0.1379019
0.1116163
0.09493747
    
0.256671
0.2352498
0.220067
0
0.2076822
0.1335971
0.07867352
0.06318589
0.06302503
    
0.1997666
0
0.1950842
0.1859967
0.1765679
0.1736735
0.1491814
0.1239295
0.09441212
    
0.2023766
0
0.2096156
0.1951511
0.1764586
0.1550073
0.1386269
0.1098155
0.09099496
    
0.202865
0
0.208512
0.1951488
0.1783128
0.1580443
0.1403183
0.1142748
0.1006347
    
0.2035803
0
0.2060436
0.1977017
0.191439
0.1849115
0.1804599
0.1500777
0.1206853
    
0.2378572
0.2458838
0
0.2496982
0.2335237
0.2123375
0.1723212
0.1331223
0.08306021
    
0.1615162
0.2035659
0.220449
0.2246023
0
0.2120619
0.1980913
0.1791126
0.1573339
    
0.1376938
0.1989
0.2066579
0.2097184
0
0.2048648
0.1979955
0.1906961
0.1842386
    
0.2155926
0.2232263
0.2160286
0.2054045
0.2041756
0.1752012
0.1432446
0.1178289
0
    
0.2006443
0.2067561
0.2061232
0.2033199
0.17652
0.1424917
0.101435
0.07261837
0
    
0.1400309
0.1493442
0.1589516
0.1519519
0.1368159
0.1176585
0.09837331
0
0.08283208
    
0.3052051
0.3013704
0.2872576
0.2608443
0
0.2413405
0.2038713
0.173228
0.1536427
    
0.230684
0.2259491
0.2163451
0
0.206146
0.1822872
0.1640451
0.1541545
0.1281167
    
0.2436026
0.2449402
0.2445195
0.2292179
0
0.204956
0.1539465
0.1208521
0.1029253
    
0.1806825
0.1848791
0.1762269
0.1628818
0.1415678
0
0.1170647
0.09095763
0.08135109
    
0.2195647
0.2507386
0.2459221
0.2328769
0
0.2185599
0.1823945
0.1477968
0.1248393
    
0.2549345
0.2542756
0.2442485
0.2289082
0.2175697
0
0.1676538
0.1269373
0.0929575
    
0.1638341
0.1665388
0.156779
0.1460728
0.1348751
0
0.1301461
0.1192304
0.1088191
    
0.2177482
0.2201167
0.2163567
0.1959568
0.1734913
0.146384
0
0.1252737
0.09388212
    
0.2336286
0.2465085
0.2380368
0.2323801
0.2180955
0
0.2064378
0.1715842
0.1441055
    
0.1204775
0.1196608
0.1227481
0.1666839
0.1985014
0.2101059
0
0.2118511
0.2084257
    
0.2495665
0
0.2303732
0.2133713
0.1919863
0.1854838
0.1667607
0.1473749
0.1232462
    
0.2567903
0.2802611
0
0.3010579
0.2803471
0.2488328
0.198074
0.1630364
0.1251224
    
0.1710214
0.1913038
0
0.2434574
0.2653494
0.2567109
0.2277617
0.2085332
0.1787507
    
0.1944267
0.1953782
0.2047317
0.2164436
0.22248
0.2265615
0.2065893
0.1869133
0
    
0.2099032
0.2236145
0.2140907
0
0.2052065
0.1981934
0.1775006
0.1582176
0.1433878
    
0.246623
0.2540396
0.2556325
0.2443687
0
0.2349336
0.1936563
0.1573668
0.129507
    
0.1489202
0.1528152
0.1475595
0.1358349
0
0.1214298
0.09710389
0.08872847
0.0823748
    
0.1589052
0.1726553
0.1788964
0.1696123
0.1605118
0
0.1497886
0.1463206
0.1339838
    
0.2483408
0.2500454
0.2400625
0.2278967
0.207442
0.1932516
0.1623746
0
0.1125926
    
0.1293349
0.1408689
0.1644774
0.1741213
0
0.1804572
0.1805688
0.1655072
0.1519594
    
0.1552983
0.1657351
0.171196
0.1735588
0.1782415
0.1659368
0
0.1535249
0.1507662
    
0.1519659
0.1682842
0.1666446
0.1632629
0.1618086
0.1349626
0.1105081
0
0.08833819
    
0
0.2097918
0.2212391
0.2227523
0.2201988
0.2076893
0.1980529
0.1581055
0.1313592
    
0.2520738
0.2788142
0
0.2725064
0.2718748
0.2548337
0.2459222
0.2339023
0.221402
    
0.246028
0.2626717
0
0.3061117
0.3110968
0.2997953
0.2955311
0.2395656
0.1840544
    
0.170161
0.2008834
0.2127075
0
0.2118164
0.2140836
0.1920865
0.1763232
0.1566999
    
0.1987601
0.2292785
0.244098
0.244367
0
0.2358244
0.2322907
0.2010581
0.1746838
    
0.175659
0.1833784
0.1935171
0.2010519
0
0.2065021
0.1962745
0.1844458
0.1682599
    
0.2492743
0.2542047
0.2565213
0.2246317
0.1980242
0.160232
0.1303456
0
0.09494402
    
0.08193351
0.09844143
0.1263632
0.1478015
0
0.1613685
0.169843
0.1784108
0.1899852
    
0.1521559
0.1679258
0.1888347
0.2121985
0.2202502
0.2191491
0.2043406
0.1870606
0
    
0.2305393
0.2276377
0.2209042
0
0.1806077
0.1520572
0.1249732
0.1062354
0.07867702
    
0.1285781
0.1781432
0.2122598
0.2197902
0.2244374
0.2241047
0.2270928
0
0.2157323
    
0.2146438
0.2239025
0.2246461
0
0.2093446
0.1947032
0.1795647
0.1716195
0.1540274
    
0.1650589
0.1699582
0
0.1683774
0.1610124
0.1478079
0.1098943
0.0824025
0.06623328
    
0.1681788
0
0.1959297
0.1987822
0.1886607
0.18107
0.1511467
0.1275438
0.1029172
    
0.1828524
0.1830441
0.1925313
0
0.2003552
0.2008891
0.1926564
0.1843011
0.1587814
    
0.1692766
0.1965194
0.2156479
0.2161393
0.203078
0.1970627
0
0.1589333
0.140222
    
0.2378426
0.2574903
0.2512679
0.2386002
0
0.2276784
0.172801
0.1259133
0.102203
    
0.1637084
0.1676221
0
0.156228
0.1479596
0.1458459
0.150775
0.1430847
0.1333391
    
/n
