    
    
    
    
    
    
    
    
    
    
0.2139656
0.1850283
0.1643521
0.1582278
0.1492371
0
0.1377309
0.1267759
0.1270552
    
0
0.2121211
0.2034395
0.1733864
0.1482366
0
0.1308902
0.1168592
0.1071421
    
0.1711528
0.1945332
0
0.2051616
0.20594
0.1629906
0.1831522
0
0.1325232
    
0
0.1764866
0.1664923
0.1525863
0.1432899
0
0.1442475
0.127864
0.1372057
    
0.1650101
0.1709069
0.1403228
0.09834265
0
0.1000282
0.1173559
0.1136094
0.09031956
    
0.1473584
0.1671451
0
0.139188
0.1238644
0.09368118
0.09002533
0
0.08381189
    
0.1475279
0.1542643
0.1624294
0
0.1620994
0.1647178
0.1317723
0.1173631
0
    
0.169924
0.1545303
0.1428761
0.1449523
0
0.1326494
0.144642
0.1208784
0.124616
    
0.1721329
0
0.1518161
0.1381419
0.1259687
0.1290833
0
0.1613798
0.1540265
    
0
0.1196737
0.1193921
0.1246525
0.1241515
0
0.1135843
0.1143905
0.1120211
    
0.1330989
0
0.1377193
0.1416496
0.1342991
0.1284748
0
0.1193476
0.1201285
    
0.1556626
0.1661703
0.1507685
0
0.1306776
0.1200337
0.1135063
0.1164706
0
    
0.1775981
0.1639962
0
0.1564002
0.155833
0.1418062
0.1691412
0.1495626
0
    
0.2106239
0.1581648
0.1501991
0
0.1591945
0.1498336
0.153676
0.1389895
0
    
0.1895675
0.1773199
0.1641207
0
0.1443059
0.1412441
0.1552421
0
0.1461847
    
0.1552866
0.1478746
0.1396542
0
0.1362372
0.1238282
0.1132895
0.09301897
0
    
0.216721
0.2182874
0
0.1879565
0.1713539
0.1508696
0.1456629
0
0.1217509
    
0.2065018
0.1904715
0
0.1830584
0.1834107
0.1668954
0.1705364
0
0.1721164
    
0.1689514
0.1622196
0.1782527
0
0.1933554
0.1906056
0.1886974
0.1641941
0
    
0
0.1328626
0.1363263
0.1354788
0.1309778
0
0.132965
0.1331773
0.1376342
    
0.180204
0.1455909
0
0.1273858
0.1253882
0.123874
0.122099
0
0.1515674
    
0.1891737
0.1796589
0
0.1559271
0.1606019
0.1560282
0.1380332
0
0.1302206
    
0.1809242
0
0.1716485
0.1648425
0.1625542
0.1555313
0
0.1548264
0.1556138
    
0.2352744
0.2183424
0.1931481
0
0.1728785
0.1573769
0.1635065
0.1675193
0
    
0.1673964
0.1582107
0.1820396
0
0.2015602
0.1802269
0.1564196
0.1516003
0
    
0.173876
0
0.1786534
0.1646235
0.1486588
0
0.1454286
0.1438905
0.1188817
    
0.6928071
0.7024907
0.4591973
0
0.4439007
0.3756021
0.251605
0.233107
0
    
0.2109151
0.2093462
0.2180704
0.2031136
0
0.2011082
0.1831504
0.171106
0.1440616
    
0
0.1759127
0.1750183
0.1890423
0.1682228
0
0.1761277
0.1594104
0.1511559
    
0.2152278
0
0.2046608
0.2135305
0.2093206
0.1869303
0
0.1826251
0.1475952
    
0.2170815
0.2248473
0.2103022
0
0.2037508
0.2016255
0.1862771
0.1752052
0
    
0.2159398
0.2345657
0
0.2421653
0.2367495
0.2254767
0.18437
0
0.151086
    
0
0.1525805
0.1635228
0.1771521
0.1601406
0
0.145722
0.1401645
0.1387873
    
0.1785436
0.1753001
0.159121
0
0.1540534
0.1405557
0.1331548
0.1402474
0
    
0.1749648
0.1713525
0.1730664
0
0.2012716
0.1995682
0.1750647
0.1674006
0
    
0.1769528
0.1511955
0.164759
0
0.1813491
0.1825672
0.1859996
0.1691755
0
    
0.2272683
0.217856
0.1937094
0
0.1591587
0.1556296
0.1848312
0
0.2056593
    
0.2045312
0.1842618
0
0.1719565
0.1769564
0.154922
0.1692576
0
1.715221
    
0.2327448
0.2279667
0.2032807
0
0.2093979
0.2018282
0.181327
0.1552258
0.1396472
    
0.211017
0.1953082
0
0.1748939
0.1606638
0.1639235
0.1793728
0
0.1777969
    
0.2893881
0.2851799
0.2544779
0
0.1908933
0.1820318
0.1687171
0.1659502
0
    
0.2283909
0.2627446
0.2354841
0
0.2331813
0.2172753
0.1978529
0.1913041
0
    
0.2208854
0
0.2353232
0.234701
0.2493919
0.2429991
0
0.2068989
0.2155811
    
0.2222294
0.2295377
0.1985399
0.216465
0
0.188928
0.1783853
0.1715305
0.1616261
    
0.2508435
0.2041241
0.1783455
0.1689027
0
0.1835845
0.1977309
0.2026483
0.1928382
    
0.2220642
0.2220311
0.2201075
0
0.2172492
0.2191599
0.1857915
0.1706684
0
    
0.2448107
0.2019713
0
0.1969813
0.2149636
0.2147802
0.1955064
0
0.1863837
    
0.3672692
0
0.3150944
0.286424
0.2420395
0.2557226
0
0.2397837
0.212755
    
0.2070862
0.2131952
0.2169197
0
0.2097765
0.1954869
0.1610615
0.1532802
0
    
0.1783913
0.1853449
0.1981045
0
0.1788423
0.1640255
0.165032
0
0.1577323
    
0.1912314
0.1991248
0.1971974
0
0.1766494
0.1540626
0.14424
0
0.1417221
    
0.1955311
0
0.1877756
0.1801247
0.1691424
0.9063013
0
0.0232056
0.0182627
    
0.1966977
0.1877163
0.1959827
0
0.1838582
0.1797211
0.1553781
0.1480397
0
    
0.1864138
0.193303
0
0.2196996
0.224821
0.1764812
0.168461
0
0.1800692
    
0
0.2294898
0.2234013
0.2021846
0.1688728
0.1635288
0
0.1341945
0.1363667
    
0.1800362
0.1830319
0.1796631
0
0.1688669
0.1619638
0.1871881
0
0.1997743
    
0.161172
0
0.1537159
0.1362045
0.1399001
0
0.1560366
0.1359129
0.1444862
    
0
0.1913677
0.201893
0.2048553
0.1621655
0
0.161963
0.1519053
0.1556333
    
0.1327586
0
0.1489144
0.1501094
0.1475984
0.129578
0
0.1292803
0.1366875
    
0.2488633
0
0.2724151
0.2844202
0.2014202
0.1964276
0
0.1653894
0.1421594
    
0.1913025
0.1994745
0.1917089
0
0.1803859
0.170695
0.181564
0.1788064
0
    
0.1811772
0
0.181975
0.1967312
0.184032
0.2012161
0
0.1469707
0.1368337
    
0.1679328
0.1589962
0.1215336
0.1111156
0
0.1142062
0.1192592
0.1252637
0.123724
    
0.1747121
0.1638392
0
0.1541755
0.1415292
0.1517658
0
0.1580224
0.1532655
    
0.1365014
0
0.1777902
0.2083789
0.181112
0.1459112
0
0.1398719
0.1368952
    
0.1834293
0.1841127
0.1698456
0
0.1536356
0.1471448
0.1539277
0.154844
0
    
0.1618791
0
0.1614257
0.1556739
0.1666628
0.1510517
0
0.1429135
0.1253528
    
0.2128351
0
0.2034651
0.1690523
0.1761615
0.1631195
0
0.1561051
0.1564642
    
0
0.1970994
0.1762523
0.1762187
0
0.17157
1.998289
0.0245947
0.02374374
    
0.1504167
0.1714432
0
0.1647278
0.1532233
0.1345332
0.130659
0
0.1348393
    
0.130091
0.1444535
0.1450145
0.1327563
0
0.1200567
0.112657
0.1134285
0.118503
    
0
0.17454
0.1688862
0.1574721
0.1623674
0
0.1573879
0.1664779
0.1409245
    
0.1814117
0.1626484
0.1594619
0.1489438
0
0.1406875
0.133685
0.1283981
0
    
0.1447403
0.1533928
0
0.1482809
0.1508579
0.1497118
0.1447316
0
0.1356525
    
0.1823561
0.1595361
0
0.1600655
0.1537598
0.1567306
0.1522671
0
0.152895
    
0
0.1419274
0.1383843
0.1339511
0.1289772
0
0.1286846
0.1280906
0.1289512
    
0
0.1970844
0.1957112
0.1979881
0.1728651
0
0.1637807
0.1651119
0.1675632
    
0.1818706
0.1580912
0.1552204
0.1503117
0
0.1494684
0.1539079
0.1557353
0.1513843
    
0.2116749
0.1736131
0
0.145663
0.1471
0.138363
0.1309836
0
0.135297
    
0.1211265
0.1326158
0.1571994
0.1529031
0
0.121794
0.1134445
0.1171869
0.1276438
    
0.1668239
0.1743766
0
0.1642434
0.1508095
0.1545593
0.1344945
0
0.1290583
    
0
0.1842927
0.1746198
0.1574451
0.1525986
0
0.1408072
0.1295975
0.1287973
    
0.18943
0.1891261
0
0.1700329
0.1731232
0.1683387
0.1734221
0
0.1686816
    
0.2170638
0.2264143
0
0.205139
0.168842
0.1498066
0.1402105
0
0.1277136
    
0.2086211
0.2087139
0.2196748
0.1947936
0
0.19949
0.1954979
0.2191945
0.2126133
    
0.1706485
0
0.1944343
0.1862011
0.1816194
0
0.1660194
0.1590466
0.1644607
    
0.2854108
0
0.1503398
0.1521946
0
0.1505021
0.1263134
0.1267877
0.1269028
    
0
0.1405643
0.1333476
0.1372711
0.1444973
0
0.1429583
0.1317424
0.1253292
    
0
0.1639089
0.1319285
0.1398955
0.1336075
0
0.1417454
0.1257152
0.1251094
    
0.1582382
0.1577506
0
0.1650402
0.1657717
0.16418
0.1554961
0
0.1436133
    
0.1597457
0.1693729
0
0.1663232
0.1424277
0.1413428
0.1450106
0
0.1425833
    
0.163785
0
0.1640105
0.169837
0.1589639
0.1505685
0
0.1335047
0.1214174
    
0.1773754
0.1787608
0.1682456
0.1689386
0
0.1642709
0.1656373
0.1566369
0.1439157
    
0.1812884
0.171073
0.163101
0.1486067
0
0.1531389
0.1492302
0.1463981
1.3626
    
0.1875339
0.1853063
0.1942957
0
0.1647629
0.1533753
0.1522788
0.1482917
0
    
0.1825113
0
0.1740178
0.1713937
0.1687281
0.1649173
0
0.1563879
0.1481955
    
0.2031195
0
0.1761467
0.1659871
0.1811623
0.1729496
0
0.1719499
1.672472
    
0.174035
0
0.1965826
0.1702863
0.167515
0.1502026
0
0.1350433
0.1359911
    
0.1477266
0.1454209
0.1473207
0.150785
0
0.13867
0.1390975
0.1368309
0.1336562
    
0.1734962
0.1701141
0
0.1659321
0.1619264
0.1560879
0
0.1561906
0.1516212
    
/n
0.1594032
0
0.1637426
0.1403874
0.1450666
0.1282431
0.128961
0
0.1221002
    
0.1427417
0
0.157943
0.1473549
0.1330494
0.1209063
0
0.1133138
0.1095967
    
0.1693319
0.1733277
0.1614087
0
0.1416024
0.1324312
0.1396556
0.115668
0
    
0.207218
0.1977104
0.1683592
0
0.1699648
0.1659026
0.1497023
0.1476074
0
    
0
0.1932925
0.1894472
0.1975867
0.1918927
0
0.1732073
0.1521411
0.1392341
    
0.2007626
0.2057824
0.1534407
0
0.1552456
0.8058008
0.01247817
0.01402938
0
    
0
0.1688591
0.187641
0.1400513
0.1355274
0
0.9466353
0.01045742
0.01121089
    
0.1441927
0
0.1339777
0.1527991
0.1488618
0.1406271
0
0.1423482
0.1303303
    
0.1364722
0.1461946
0.1490146
0
0.1399303
0.1460172
0.122734
0.1234024
0
    
0
0.1466047
0.1509608
0.1468935
0.144747
0
0.131352
0.1202408
0.1214947
    
0.1778731
0
0.1957339
0.207478
0.1937211
0.1468753
0
0.1064302
0.09329217
    
0.3658805
0.3572878
0.2510033
0.1501175
0
0.0.1789172
0
0.1780476
0.1993374
0.1648219
0
0.156187
0.139576
0.1456462
    
0.1680267
0.1618617
0
0.1610118
0.1542834
0.1466478
0.1427816
0
0.1383531
    
0.1517577
0.1526475
0.1613225
0
0.1436995
0.1447486
0.1327085
0
0.1240062
    
0.1610182
0.1715619
0.1662998
0
0.1640302
0.1637467
0.1561871
0.1579371
0
    
0.2039714
0.1914302
0.1635079
0
0.1465447
0.14497
0.140196
0.1298616
0
    
0.1850749
0.1832504
0
0.1658177
0.158188
0.1822796
0.2043567
0
0.1583691
    
0.1583673
0.1620573
0.1591605
0
0.1482421
0.1410733
0.1321706
0.1292553
0
    
0.1506515
0
0.1583044
0.1736256
0.1528013
0.1409073
0
0.1331521
0.1119562
    
0.1803697
0.1696919
0.1673274
0.1565028
0
0.1605654
0.1520276
0.1500153
0.1446697
    
0.1721957
0.1670587
0.1692497
0
0.1623019
0.1642104
0.1489999
0.1384069
0
    
0.1540269
0.1469276
0
0.1424693
0.1323647
0.1304234
0.1325133
0
0.1363563
    
0.1429549
0
0.1393245
0.1420914
0.147695
0.1522504
0
0.1557656
0.1538481
    
0.1691386
0.1572633
0.1590583
0
0.1622346
0.1816969
0.1638889
0.1257471
0
    
0.1599558
0.1677199
0.1571594
0.1366126
0
0.1226129
0.1175025
0.3816442
0.4083143
    
0.1880617
0.1820762
0.1596224
0
0.1553422
0.1444208
0.1371964
0.1260186
0
    
0.1486863
0
0.1326378
0.1206768
0.1161539
0
0.1110094
0.1093942
0.1113288
    
0.1426215
0.156854
0.1567669
0
0.1491545
0.1460863
0.1464832
0.1365378
0
    
0.138455
0.1342779
0.1343998
0.1279345
0
0.1165831
0.1069199
0.1080367
0.1114136
    
0
0.1640531
0.1870255
0.1711023
0.158836
0
0.1358101
0.1056627
0.1055167
    
0.1563863
0.1524482
0.1498682
0.146698
0
0.142966
0.1484277
0.1498933
0.1441876
    
0.1604454
0
0.1634774
0.1644696
0.1683973
0.1468213
0
0.1436278
0.1305736
    
0.1645696
0
0.1692593
0.1757298
0.1841927
0.1563391
0
0.1475047
0.1389073
    
0.1811255
0.182568
0.1629193
0
0.153108
0.1358332
0.1338756
0.1498656
0
    
0.1935433
0.1784149
0
0.1549364
0.1464079
0.1483717
0.130758
0
0.1319559
    
0.1464253
0.1527636
0.1579486
0.1532165
0
0.1406894
0.1372888
0.1281044
0.1330758
    
0.1575284
0.1602262
0
0.1561731
0.1525418
0.1642512
0.1456638
0
0.1506727
    
0.1441125
0
0.1392978
0.1354585
0.1303468
0.1310527
0
0.1369111
0.1297495
    
0
0.1566303
0.1546612
0.1611878
0.1528399
0
0.1520859
0.1423059
0.131757
    
0.1889476
0.1711481
0.1570637
0
0.1490249
0.148789
0.1573444
0.1602635
0
    
0.1646424
0.1713225
0.1795009
0.1778133
0
0.1629215
0.1443614
0.1267597
0.1168376
    
0.1837358
0.1819979
0.1777638
0.1877271
0
0.1884397
0.1679157
0.1601897
0.1462132
    
0.1550181
0.1564222
0
0.1603434
0.1610988
0.1624721
0.1604045
0
0.1522981
    
0.2157522
0.1703932
0.1696984
0.164251
0
0.1446869
0.1340829
0.1258373
0
    
0.1620782
0.160698
0.1690354
0
0.1721947
0.1674952
0.1589252
0.1477846
0
    
0.1802326
0.1862951
0.1712347
0.1664021
0
0.1537557
0.1421372
0.1356314
0.1382345
    
0.1681509
0.1525311
0.147306
0
0.1409039
0.1347153
0.1261855
0.1248553
0
    
0.1550515
0
0.1543372
0.1589644
0.1589572
0.1563065
0
0.158415
0.1322593
    
0.1710429
0.1751582
0.1669946
0.1504691
0
0.1373388
0.1310827
0.128755
0.1342003
    
0.167514
0.1701697
0.1664756
0
0.1742559
0.1658376
0.169379
0
0.1548819
    
0.1650477
0.1660614
0.1750243
0
0.1506637
0.1491164
0.1403287
0.148222
0
    
0.186667
0.1935672
0.1824202
0
0.1663868
0.1482555
0.1343255
0.1931097
0
    
0.1874733
0.1807258
0.1693455
0
0.1483547
0.1513933
0.1595671
0.1409134
0
    
0.1669146
0.1806308
0
0.1639554
0.1608163
0.1375094
0.1354874
0
0.1302358
    
0.1471037
0.1512142
0.1813077
0
0.1647764
0.171135
0.6020327
0.1568198
0
    
0.1818426
0.1665082
0
0.1574378
0.1597507
0.1657894
0.1660231
0
0.1486029
    
0.1761069
0.1838038
0.1738661
0
0.1449858
0.1366815
0.1304086
0.1308814
0
    
0.189383
0.1801838
0
0.1722122
0.1634513
0.1538295
0.1467797
0
0.1381394
    
0.1535152
0.1530207
0
0.1618634
0.1646141
0.1640526
0.1536504
0
0.1427249
    
0.1436166
0.1416126
0
0.1455749
0.1480915
0.1357974
0.1327515
0
0.1282924
    
0.1488912
0.135217
0.1281907
0.1400125
0
0.160677
0.1516328
0.1448764
0.1200793
    
0.2019651
0.1837197
0
0.1661488
0.154514
0.153295
0.1499316
0
0.1551816
    
0.155049
0.1448411
0.1415706
0.1382269
0
0.1328071
0.1288392
0.1347405
0.1330492
    
0.1612613
0.1521113
0.1410766
0.1470803
0
0.144519
0.1346146
0.1254682
0.1168855
    
0.1532502
0.1563603
0.1700303
0
0.1548829
0.1488908
0.1400117
0.1300915
0
    
0.16984
0.1610994
0
0.1642736
0.1636679
0.1508937
0.1334555
0
0.1227636
    
0.1680622
0
0.1661962
0.1494064
0.1464585
0
0.139222
0.1233539
0.1193386
    
0.1753709
0.1749035
0.1707133
0.169998
0
0.1661593
0.162289
0.1620939
0.1439664
    
0.1807843
0.1649341
0.1644953
0
0.152141
0.1511305
0.1474047
0.1599428
0
    
0.1790719
0
0.1680111
0.1565225
0.1552236
0.1531879
0
0.1634661
0.1470294
    
0.135138
0
0.1376078
0.1397115
0.1422189
0.140429
0
0.132709
0.1256409
    
0.1490333
0.1490059
0
0.1468506
0.1209549
0.109096
0.1072938
0
0.1113316
    
0.1923283
0.1960415
0
0.186346
0.1722736
0.1614912
0.1687483
0
0.1515363
    
0.1340782
0.1384237
0
0.129181
0.1267848
0.121373
0.1229639
0
0.1207104
    
0.1581973
0
0.1664738
0.1633836
0.157598
0.1565455
0
0.1529121
0.1534975
    
0.1526545
0.1562004
0.1711064
0.1763208
0
0.1774821
0.1738012
0.1485334
0.1500355
    
0.1824229
0
0.1687486
0.1572772
0.1710375
0
0.1625917
0.1473931
0.1281398
    
0.1760991
0
0.1745656
0.169714
0.165132
0.1397623
0
0.1433915
0.1377461
    
0
0.1775708
0.168995
0.1622827
0.1677192
0
0.1787834
0.1741335
0.158346
    
0.1536313
0.1571113
0.1609637
0
0.159522
0.1563248
0.1585143
0
0.1383114
    
0.183464
0
0.1767299
0.1744931
0.1833691
0.190443
0
0.1772944
0.191581
    
0
0.1635107
0.1536745
0.1440559
0.1362661
0
0.1422142
0.1458637
0.1482314
    
0.1622671
0.1611878
0.1444048
0.1400078
0
0.1415806
0.1356785
0.1357614
0.1277787
    
0.1518833
0.1367088
0.138271
0.143515
0
0.1391964
0.1380613
0.1284846
0.1230048
    
0.185127
0.1826553
0.1757099
0
0.1596207
0.1379062
0.1426178
0.1333575
0
    
0.1480076
0
0.1562481
0.1661292
0.1641342
0.1571332
0
0.1508645
0.1470984
    
0.2019586
0.2223056
0.2063628
0.2129477
0
0.1835058
0.1732528
0.1538119
0
    
0.1939561
0
0.1871116
0.2043003
0.1924889
0.1906532
0
0.1769353
0.1597081
    
0
0.1877786
0.1838122
0.1782237
0.1674828
0
0.1545931
0.1504899
0.1451122
    
0.210106
0.2021333
0
0.175043
0.166232
0.1596775
0.1616499
0
0.1597822
    
0.2019452
0
0.1788765
0.1667341
0.1550049
0.1498293
0
0.1456835
0.1470951
    
0.2163081
0
0.1906739
0.1846443
0.2104273
0
0.2018813
0.1662105
0.1260603
    
0.2204996
0.2139766
0.1835737
0.1669515
0
0.1715069
0.1647232
0.1689434
1.749786
    
0.184959
0.1897799
0.1692691
0
0.1648266
0.1562728
0.1681805
0.1911406
0
    
0.1821957
0.1809554
0.1652827
0.1600128
0
0.1504502
0.1457488
0.1578228
0.159405
    
0.2081318
0.2146274
0.1993915
0.1987295
0
0.1805827
0.1791566
0.1612066
0.1384591
    
0.1534402
0.1396798
0.1363388
0
0.1373942
0.1419527
0.1458665
0.1383947
0
    
0
0.1612156
0.1550113
0.1597076
0.1657743
0
0.1694563
0.1595872
0.1588489
    
0.1897491
0.1755222
0
0.1697129
0.1757444
0.1860581
0.1884078
0
0.1663069
    
0.1531183
0.1273039
0.1225787
0.1504275
0
0.1513824
0.1439086
0.1379882
0.1306724
    
0
0.1953877
0.1962227
0.1976956
0.1833217
0
0.1853857
0.1812594
0.174882
    
0.1654984
0.1644987
0.1656697
0
0.1716162
0.1851061
0.1718635
0.16563
0
    
0
0.1541178
0.157367
0.1527338
0.150669
0
0.1482152
0.1320321
0.1261266
    
0.1605037
0.1694828
0.170841
0
0.1709354
0.1659414
0.163564
0.1628344
0
    
0.1999903
0
0.1871915
0.1821088
0.1645192
0.1552702
0
0.1655443
0.143748
    
0
0.1797054
0.1687417
0.1544069
0
0.1433932
0.1443451
0.158351
0.1415319
    
0.1783006
0.1665178
0.1663115
0
0.1552007
0.1394098
0.1299716
0.1241978
0
    
0.1969529
0
0.1887945
0.159834
0.1515369
0.1447988
0
0.1465328
0.1452009
    
0.1478425
0.1650151
0.1553936
0
0.1547351
0.1434342
0.1344929
0.1281463
0
    
0.1743426
0.1705571
0.1645233
0
0.1328507
0.1305383
0.1326787
0.1312103
0
    
/n
