    
    
    
    
    
    
    
    
    
    
(347.0, 10.6, 279.5)
(341.4, 17.4, 275.5)
(330.1, 22.8, 272.8)
(320.9, 27.8, 270.2)
(321.9, 30.4, 273.2)
(327.3, 31.5, 278.4)
(327.3, 31.5, 278.4)
(329.5, 32.5, 282.5)
(328.5, 33.6, 284.3)
(326.7, 35.1, 285.9)
    
(344.3, 356.6, 284.2)
(344.3, 356.6, 284.2)
(345.8, 5.5, 284.4)
(346.4, 14.6, 284.1)
(344.2, 20.0, 284.2)
(341.2, 20.3, 285.1)
(341.2, 20.3, 285.1)
(339.4, 19.0, 286.8)
(340.9, 18.8, 288.6)
(344.0, 19.8, 289.8)
    
(354.3, 347.9, 283.8)
(353.8, 350.4, 283.5)
(354.5, 356.8, 283.2)
(354.5, 356.8, 283.2)
(354.4, 4.7, 284.6)
(353.3, 13.0, 285.5)
(350.4, 18.7, 286.5)
(342.5, 24.7, 286.4)
(342.5, 24.7, 286.4)
(337.8, 28.0, 285.8)
    
(345.7, 358.7, 286.6)
(345.7, 358.7, 286.6)
(342.7, 5.4, 284.2)
(346.4, 11.9, 281.3)
(347.7, 16.2, 283.3)
(343.9, 18.1, 285.7)
(343.9, 18.1, 285.7)
(340.6, 19.5, 287.1)
(340.6, 21.5, 288.4)
(339.8, 24.3, 289.8)
    
(351.3, 354.1, 286.9)
(351.7, 0.9, 286.0)
(352.4, 8.2, 282.5)
(351.7, 11.2, 278.2)
(351.4, 9.6, 278.1)
(351.4, 9.6, 278.1)
(352.3, 10.7, 281.9)
(352.8, 14.1, 284.9)
(352.1, 18.4, 283.9)
(351.6, 20.9, 282.7)
    
(345.7, 357.1, 280.6)
(341.2, 359.1, 280.1)
(337.8, 4.8, 279.9)
(337.8, 4.8, 279.9)
(339.8, 9.4, 280.2)
(343.2, 11.8, 281.0)
(343.0, 12.2, 280.4)
(340.9, 12.5, 279.0)
(340.9, 12.5, 279.0)
(340.1, 12.3, 279.4)
    
(353.6, 346.4, 286.9)
(352.5, 349.3, 285.7)
(350.1, 352.8, 285.2)
(347.1, 357.6, 285.0)
(347.1, 357.6, 285.0)
(344.5, 2.2, 284.9)
(343.5, 6.9, 283.7)
(343.1, 10.5, 283.1)
(340.6, 13.6, 283.4)
(340.6, 13.6, 283.4)
    
(349.2, 353.3, 278.9)
(342.8, 358.6, 278.1)
(344.2, 3.3, 279.1)
(346.5, 7.5, 279.8)
(346.3, 10.8, 280.8)
(346.3, 10.8, 280.8)
(343.9, 13.6, 281.9)
(341.3, 16.8, 282.6)
(341.8, 19.3, 283.9)
(343.7, 21.9, 285.3)
    
(344.8, 353.2, 282.6)
(344.4, 359.5, 282.4)
(344.4, 359.5, 282.4)
(344.3, 4.5, 282.1)
(346.0, 7.5, 282.7)
(348.7, 8.6, 283.5)
(348.4, 11.1, 282.7)
(348.4, 11.1, 282.7)
(345.1, 16.4, 280.4)
(343.0, 22.7, 279.4)
    
(343.3, 0.0, 280.0)
(343.3, 0.0, 280.0)
(344.4, 2.6, 280.1)
(342.7, 4.9, 280.0)
(339.6, 8.6, 279.6)
(338.1, 13.1, 279.3)
(338.1, 13.1, 279.3)
(338.6, 16.7, 279.3)
(338.5, 19.2, 279.7)
(336.6, 21.1, 280.7)
    
(344.0, 351.9, 284.0)
(348.6, 354.9, 284.4)
(348.6, 354.9, 284.4)
(349.2, 358.8, 283.6)
(345.5, 3.4, 280.7)
(342.0, 8.2, 278.2)
(342.0, 12.0, 279.5)
(342.0, 12.0, 279.5)
(343.9, 15.5, 281.9)
(345.3, 19.4, 283.6)
    
(340.6, 352.6, 282.0)
(339.7, 357.9, 281.9)
(340.0, 4.3, 282.7)
(340.7, 9.5, 282.1)
(340.7, 9.5, 282.1)
(339.8, 13.3, 280.2)
(337.9, 16.1, 278.1)
(336.7, 18.2, 278.3)
(336.7, 19.8, 281.0)
(336.7, 19.8, 281.0)
    
(330.6, 355.5, 283.2)
(331.2, 1.3, 283.1)
(333.6, 7.8, 281.8)
(333.6, 7.8, 281.8)
(336.0, 13.2, 279.7)
(334.7, 16.6, 278.7)
(333.1, 20.6, 279.1)
(332.8, 25.9, 280.0)
(334.8, 31.3, 280.8)
(334.8, 31.3, 280.8)
    
(352.5, 0.7, 285.3)
(344.0, 3.3, 282.0)
(342.6, 4.4, 282.7)
(344.8, 6.5, 283.9)
(344.8, 6.5, 283.9)
(346.0, 9.5, 284.1)
(345.4, 13.4, 283.9)
(345.6, 18.2, 284.3)
(346.7, 22.2, 285.0)
(346.7, 22.2, 285.0)
    
(346.5, 354.7, 283.0)
(349.9, 0.8, 285.5)
(348.9, 5.4, 284.6)
(342.5, 7.6, 281.1)
(342.5, 7.6, 281.1)
(338.5, 10.0, 279.5)
(340.7, 12.9, 280.2)
(346.7, 17.3, 283.5)
(346.7, 17.3, 283.5)
(347.7, 21.6, 286.3)
    
(344.1, 356.6, 280.4)
(343.0, 1.0, 280.7)
(344.4, 5.3, 281.9)
(346.2, 9.5, 282.4)
(346.2, 9.5, 282.4)
(345.7, 13.8, 281.3)
(343.7, 17.2, 279.6)
(343.0, 19.8, 278.1)
(344.6, 21.0, 278.2)
(344.6, 21.0, 278.2)
    
(357.0, 344.9, 283.6)
(355.2, 354.7, 282.7)
(353.3, 5.0, 281.7)
(353.3, 5.0, 281.7)
(352.0, 12.8, 281.0)
(350.7, 19.0, 280.5)
(348.7, 23.4, 280.8)
(346.4, 27.6, 281.9)
(346.4, 27.6, 281.9)
(345.1, 31.1, 282.6)
    
(1.6, 357.4, 264.0)
(2.9, 3.8, 264.6)
(0.7, 8.7, 263.8)
(0.7, 8.7, 263.8)
(355.6, 14.0, 261.9)
(351.6, 19.5, 261.5)
(352.6, 23.2, 262.6)
(356.0, 25.8, 264.7)
(356.0, 25.8, 264.7)
(356.5, 29.1, 265.8)
    
(355.8, 353.8, 270.6)
(358.5, 356.8, 271.6)
(0.1, 358.3, 271.9)
(357.4, 2.5, 270.9)
(357.4, 2.5, 270.9)
(353.5, 8.7, 270.3)
(353.6, 15.2, 271.4)
(355.3, 21.4, 272.5)
(355.8, 26.1, 272.8)
(355.8, 26.1, 272.8)
    
(336.5, 0.9, 269.4)
(336.5, 0.9, 269.4)
(335.2, 2.2, 271.5)
(338.6, 5.0, 273.2)
(341.9, 8.6, 273.4)
(342.3, 11.7, 273.6)
(342.3, 11.7, 273.6)
(340.2, 14.5, 273.5)
(339.1, 18.0, 273.5)
(338.9, 22.0, 273.7)
    
(340.8, 357.9, 273.9)
(332.9, 3.2, 270.8)
(330.1, 5.7, 269.3)
(330.1, 5.7, 269.3)
(332.8, 4.7, 271.6)
(335.2, 5.5, 273.8)
(335.8, 6.3, 275.3)
(334.6, 8.4, 275.5)
(334.6, 8.4, 275.5)
(332.5, 11.8, 275.7)
    
(336.2, 349.0, 270.2)
(338.3, 354.9, 271.1)
(341.7, 359.2, 270.6)
(341.7, 359.2, 270.6)
(344.1, 2.7, 270.9)
(345.4, 6.2, 272.3)
(345.9, 10.9, 273.6)
(346.7, 15.2, 274.5)
(346.7, 15.2, 274.5)
(348.3, 19.2, 274.9)
    
(356.1, 353.6, 278.0)
(353.9, 0.5, 277.6)
(353.9, 0.5, 277.6)
(349.6, 6.0, 277.8)
(346.1, 10.8, 277.8)
(345.6, 15.7, 276.7)
(348.5, 20.4, 274.7)
(348.5, 20.4, 274.7)
(350.2, 26.1, 273.6)
(348.0, 32.4, 273.7)
    
(354.1, 352.1, 280.3)
(344.9, 1.2, 276.1)
(341.8, 9.9, 275.0)
(344.3, 15.8, 275.7)
(344.3, 15.8, 275.7)
(341.8, 19.7, 275.1)
(335.2, 22.1, 274.2)
(330.8, 23.1, 275.5)
(331.8, 24.5, 279.1)
(331.8, 24.5, 279.1)
    
(346.8, 356.0, 277.2)
(347.7, 357.7, 276.1)
(347.4, 359.2, 275.2)
(346.1, 4.4, 275.9)
(346.1, 4.4, 275.9)
(345.3, 12.0, 277.1)
(346.4, 18.3, 278.7)
(347.6, 21.6, 280.2)
(346.3, 24.6, 280.5)
(346.3, 24.6, 280.5)
    
(338.2, 2.9, 269.1)
(341.7, 7.7, 270.5)
(341.7, 7.7, 270.5)
(345.3, 13.4, 272.2)
(343.6, 18.9, 271.6)
(338.7, 23.9, 269.1)
(338.7, 23.9, 269.1)
(335.6, 27.2, 268.3)
(337.7, 29.0, 271.1)
(340.2, 31.0, 273.7)
    
(338.8, 346.6, 268.8)
(323.5, 20.2, 267.6)
(315.4, 53.1, 266.4)
(308.5, 73.6, 266.7)
(308.5, 73.6, 266.7)
(303.1, 102.2, 257.4)
(302.9, 137.2, 235.7)
(303.5, 159.0, 222.7)
(302.5, 173.3, 218.3)
(302.5, 173.3, 218.3)
    
(345.1, 5.0, 279.6)
(347.2, 11.1, 279.8)
(351.3, 16.3, 281.7)
(348.1, 21.8, 283.7)
(342.0, 28.1, 284.0)
(342.0, 28.1, 284.0)
(340.6, 36.0, 282.5)
(342.4, 42.7, 281.9)
(340.6, 46.4, 283.0)
(337.8, 46.8, 286.4)
    
(342.8, 356.6, 277.4)
(342.8, 356.6, 277.4)
(346.9, 359.3, 277.0)
(349.2, 2.7, 277.5)
(345.4, 7.0, 279.1)
(342.9, 11.9, 280.4)
(342.9, 11.9, 280.4)
(344.0, 17.4, 281.2)
(349.1, 21.6, 281.7)
(350.9, 25.4, 281.9)
    
(347.4, 355.4, 280.1)
(340.2, 1.3, 278.9)
(340.2, 1.3, 278.9)
(341.0, 6.8, 277.8)
(347.3, 14.1, 278.9)
(344.0, 21.8, 279.0)
(335.4, 28.6, 277.2)
(335.4, 28.6, 277.2)
(329.6, 34.3, 274.9)
(333.8, 37.5, 276.6)
    
(344.5, 348.1, 278.7)
(338.7, 354.0, 279.3)
(335.1, 1.8, 276.8)
(340.4, 9.1, 275.5)
(340.4, 9.1, 275.5)
(346.7, 15.6, 278.3)
(343.7, 21.6, 280.6)
(333.3, 25.3, 281.7)
(324.4, 27.3, 282.4)
(324.4, 27.3, 282.4)
    
(341.8, 358.0, 275.4)
(342.9, 2.6, 276.8)
(345.3, 8.8, 279.5)
(345.3, 8.8, 279.5)
(343.5, 16.5, 281.0)
(339.2, 27.2, 278.9)
(336.9, 39.6, 274.5)
(337.4, 45.9, 274.9)
(337.4, 45.9, 274.9)
(337.8, 46.7, 278.6)
    
(344.7, 1.4, 274.3)
(344.7, 1.4, 274.3)
(344.8, 5.0, 274.4)
(348.2, 10.0, 275.2)
(350.3, 16.6, 274.5)
(348.1, 22.1, 273.1)
(348.1, 22.1, 273.1)
(344.4, 26.2, 272.1)
(340.6, 28.9, 272.1)
(340.2, 31.3, 273.2)
    
(348.9, 352.6, 282.5)
(350.3, 358.1, 282.1)
(351.0, 3.0, 282.0)
(346.4, 6.8, 281.1)
(346.4, 6.8, 281.1)
(338.3, 10.7, 277.8)
(335.5, 13.4, 275.5)
(341.6, 15.5, 275.9)
(346.8, 19.4, 277.8)
(346.8, 19.4, 277.8)
    
(359.3, 349.2, 282.6)
(357.1, 354.3, 281.2)
(352.0, 357.1, 278.3)
(344.7, 1.7, 276.8)
(344.7, 1.7, 276.8)
(339.7, 9.7, 276.3)
(341.6, 18.6, 278.5)
(345.6, 25.6, 281.6)
(347.8, 31.5, 283.4)
(347.8, 31.5, 283.4)
    
(355.3, 359.6, 280.6)
(344.7, 359.6, 279.0)
(339.1, 0.2, 279.4)
(336.1, 2.4, 280.2)
(336.1, 2.4, 280.2)
(335.3, 7.2, 280.5)
(336.3, 13.5, 282.1)
(338.1, 20.5, 284.0)
(337.1, 25.6, 284.5)
(337.1, 25.6, 284.5)
    
(342.9, 351.2, 280.8)
(345.4, 1.8, 281.1)
(348.6, 12.0, 281.1)
(345.6, 17.6, 279.1)
(345.6, 17.6, 279.1)
(338.9, 18.4, 277.3)
(334.6, 18.3, 277.3)
(335.4, 24.2, 277.6)
(335.4, 24.2, 277.6)
(336.7, 34.3, 276.5)
    
(351.6, 346.4, 275.5)
(348.2, 353.7, 275.5)
(343.6, 0.1, 275.1)
(343.6, 0.1, 275.1)
(342.0, 5.3, 276.1)
(344.9, 8.0, 277.0)
(346.4, 11.8, 278.3)
(345.0, 17.1, 278.8)
(345.0, 17.1, 278.8)
(344.5, 24.5, 279.6)
    
(352.4, 359.5, 275.8)
(355.8, 4.8, 279.5)
(351.8, 9.7, 280.1)
(347.9, 14.9, 279.9)
(347.9, 14.9, 279.9)
(345.8, 21.8, 279.9)
(347.5, 29.5, 281.3)
(350.1, 35.8, 283.3)
(349.2, 39.5, 283.8)
(345.5, 41.8, 284.3)
    
(345.6, 0.3, 280.3)
(345.5, 8.9, 279.2)
(347.1, 15.5, 280.0)
(347.1, 15.5, 280.0)
(347.1, 17.8, 281.0)
(344.5, 17.7, 281.7)
(339.8, 20.6, 282.5)
(337.0, 26.4, 284.6)
(337.0, 26.4, 284.6)
(338.2, 33.6, 286.6)
    
(0.7, 351.6, 281.2)
(355.6, 358.5, 282.1)
(352.6, 6.2, 283.0)
(353.0, 15.1, 283.6)
(353.0, 15.1, 283.6)
(351.6, 21.5, 284.6)
(348.7, 26.7, 284.7)
(347.3, 30.7, 285.6)
(346.7, 35.3, 287.1)
(346.7, 35.3, 287.1)
    
(345.6, 1.7, 274.5)
(345.4, 8.1, 273.7)
(344.0, 18.5, 273.2)
(343.2, 26.9, 273.7)
(343.2, 26.9, 273.7)
(343.8, 33.1, 274.4)
(344.4, 37.3, 276.1)
(344.8, 41.3, 277.5)
(344.8, 46.4, 278.3)
(344.8, 46.4, 278.3)
    
(342.5, 356.9, 269.4)
(343.1, 2.2, 270.9)
(343.1, 2.2, 270.9)
(344.5, 8.0, 271.3)
(341.8, 16.2, 271.6)
(337.3, 25.9, 271.4)
(336.2, 34.6, 271.5)
(336.2, 34.6, 271.5)
(338.0, 39.8, 273.2)
(341.4, 42.8, 276.4)
    
(1.5, 359.6, 272.1)
(359.8, 5.7, 272.9)
(3.2, 10.7, 275.1)
(6.4, 17.3, 277.1)
(4.1, 25.7, 278.0)
(4.1, 25.7, 278.0)
(0.9, 32.2, 277.8)
(359.5, 37.8, 278.7)
(0.7, 43.7, 281.3)
(1.6, 48.8, 283.9)
    
(347.5, 11.8, 261.9)
(350.7, 21.3, 264.0)
(353.7, 25.7, 267.2)
(354.1, 28.4, 269.2)
(351.7, 31.0, 269.4)
(351.7, 31.0, 269.4)
(348.4, 35.1, 268.8)
(348.3, 41.6, 269.4)
(351.7, 49.2, 272.1)
(353.6, 55.1, 276.4)
    
(354.5, 356.7, 272.8)
(351.0, 3.3, 273.0)
(350.5, 9.9, 273.5)
(352.3, 16.4, 274.2)
(352.3, 16.4, 274.2)
(353.3, 23.4, 275.7)
(351.1, 31.5, 277.7)
(349.5, 39.0, 279.2)
(348.3, 45.8, 281.3)
(348.3, 45.8, 281.3)
    
(353.9, 359.1, 269.8)
(355.2, 5.5, 270.5)
(350.9, 9.4, 270.0)
(350.9, 9.4, 270.0)
(345.2, 15.1, 270.5)
(344.4, 22.4, 271.9)
(348.4, 30.8, 274.6)
(349.5, 37.8, 276.2)
(349.5, 37.8, 276.2)
(346.0, 43.8, 275.5)
    
(346.3, 355.8, 266.6)
(348.8, 7.0, 268.9)
(348.8, 7.0, 268.9)
(350.0, 15.1, 271.6)
(348.4, 20.9, 273.8)
(349.2, 26.2, 276.1)
(348.5, 33.7, 278.4)
(348.5, 33.7, 278.4)
(347.3, 43.5, 279.0)
(345.5, 52.0, 280.7)
    
(355.2, 354.2, 275.9)
(355.1, 357.8, 274.5)
(352.4, 2.5, 274.3)
(351.3, 9.1, 276.2)
(351.3, 9.1, 276.2)
(351.6, 15.7, 278.4)
(352.8, 21.3, 280.2)
(354.0, 24.6, 281.4)
(353.5, 27.9, 282.2)
(353.5, 27.9, 282.2)
    
(347.7, 358.9, 269.3)
(354.1, 1.9, 272.0)
(355.4, 7.2, 273.3)
(351.4, 14.6, 272.6)
(351.4, 14.6, 272.6)
(345.9, 20.2, 271.4)
(343.8, 23.9, 271.7)
(346.0, 28.0, 272.6)
(346.0, 28.0, 272.6)
(348.2, 33.1, 274.5)
    
(358.1, 350.5, 272.0)
(354.7, 356.1, 272.7)
(351.1, 2.8, 273.8)
(350.5, 9.9, 274.5)
(350.5, 9.9, 274.5)
(352.6, 15.0, 276.3)
(353.6, 19.2, 277.6)
(351.9, 23.0, 278.2)
(351.9, 23.0, 278.2)
(349.6, 26.5, 279.8)
    
(351.1, 356.1, 275.0)
(350.3, 0.8, 276.2)
(350.3, 0.8, 276.2)
(346.8, 2.7, 279.6)
(340.3, 5.9, 277.9)
(342.0, 10.9, 277.0)
(352.3, 19.0, 274.7)
(352.3, 19.0, 274.7)
(356.6, 23.4, 276.8)
(352.9, 27.6, 277.4)
    
(357.2, 0.1, 276.5)
(354.4, 6.8, 276.5)
(351.9, 12.7, 276.6)
(352.7, 17.8, 277.8)
(352.7, 17.8, 277.8)
(356.1, 22.2, 279.0)
(358.7, 27.6, 279.3)
(357.2, 33.4, 279.5)
(353.8, 38.2, 279.2)
(353.8, 38.2, 279.2)
    
(1.4, 347.8, 281.4)
(355.3, 351.8, 278.7)
(351.9, 358.1, 275.0)
(351.9, 358.1, 275.0)
(352.7, 7.9, 273.4)
(352.7, 18.0, 275.8)
(350.1, 23.9, 276.6)
(346.9, 29.0, 277.1)
(346.9, 29.0, 277.1)
(345.1, 34.8, 276.6)
    
(0.3, 0.0, 279.4)
(0.3, 0.0, 279.4)
(350.5, 7.3, 275.7)
(344.7, 17.1, 272.8)
(344.7, 25.6, 273.9)
(346.8, 28.8, 278.1)
(346.7, 26.6, 282.9)
(346.7, 26.6, 282.9)
(346.9, 26.6, 284.2)
(346.2, 28.2, 285.0)
    
(354.0, 355.9, 279.8)
(359.4, 1.9, 281.5)
(2.0, 8.3, 282.8)
(0.5, 14.1, 282.5)
(0.5, 14.1, 282.5)
(356.8, 18.0, 280.9)
(354.2, 21.6, 279.6)
(355.6, 27.3, 279.7)
(355.6, 27.3, 279.7)
(358.0, 35.2, 281.2)
    
(342.3, 354.0, 282.3)
(341.9, 359.6, 282.6)
(341.9, 359.6, 282.6)
(342.2, 3.6, 282.5)
(341.4, 7.4, 281.3)
(339.6, 11.6, 279.9)
(339.6, 11.6, 279.9)
(337.3, 17.1, 279.2)
(337.9, 22.3, 279.3)
(339.6, 28.6, 278.9)
    
(336.8, 1.1, 277.3)
(336.8, 1.1, 277.3)
(336.3, 8.9, 278.7)
(331.2, 17.0, 278.4)
(325.3, 28.0, 272.9)
(326.0, 37.0, 269.1)
(326.0, 37.0, 269.1)
(328.5, 42.2, 271.1)
(328.7, 45.9, 275.1)
(325.3, 49.5, 278.8)
    
(331.6, 359.7, 275.0)
(334.0, 0.3, 277.5)
(334.0, 0.3, 277.5)
(335.8, 3.9, 278.6)
(336.1, 9.1, 277.6)
(335.8, 13.4, 276.4)
(334.8, 16.0, 275.5)
(334.8, 16.0, 275.5)
(332.5, 18.3, 274.1)
(330.1, 22.4, 272.3)
    
(348.5, 353.3, 279.0)
(340.4, 357.6, 277.8)
(340.4, 357.6, 277.8)
(337.5, 4.4, 277.0)
(343.4, 16.1, 278.3)
(345.7, 24.7, 279.9)
(344.0, 31.4, 280.2)
(344.0, 31.4, 280.2)
(337.4, 35.6, 278.8)
(334.8, 37.9, 278.9)
    
(342.2, 359.0, 280.6)
(337.7, 3.2, 277.5)
(335.6, 9.7, 276.5)
(338.3, 15.8, 277.5)
(338.3, 15.8, 277.5)
(342.9, 20.7, 278.9)
(344.3, 24.9, 279.5)
(341.1, 28.9, 277.9)
(338.6, 32.7, 276.9)
(338.6, 32.7, 276.9)
    
(358.3, 352.7, 277.2)
(355.2, 356.4, 275.0)
(355.2, 356.4, 275.0)
(355.1, 1.9, 274.1)
(356.6, 9.2, 274.3)
(358.6, 16.7, 274.7)
(359.1, 25.9, 274.5)
(359.1, 25.9, 274.5)
(358.7, 30.1, 274.8)
(358.8, 32.3, 274.7)
    
(344.2, 351.8, 280.5)
(345.6, 359.6, 280.7)
(341.7, 5.3, 279.0)
(338.6, 7.1, 278.3)
(338.6, 8.2, 277.9)
(338.6, 8.2, 277.9)
(339.9, 10.6, 277.8)
(341.9, 13.9, 278.1)
(344.2, 17.5, 278.4)
(344.7, 21.0, 277.9)
    
(343.9, 2.5, 278.1)
(346.5, 8.8, 277.8)
(342.6, 13.2, 275.9)
(342.6, 13.2, 275.9)
(338.3, 16.5, 274.2)
(339.1, 19.6, 274.3)
(342.0, 23.2, 275.8)
(342.0, 23.2, 275.8)
(341.9, 28.2, 277.0)
(340.7, 33.9, 276.4)
    
(338.3, 358.4, 277.8)
(341.6, 359.7, 278.8)
(341.6, 359.7, 278.8)
(340.7, 3.0, 279.2)
(336.5, 8.9, 278.1)
(334.9, 16.0, 276.6)
(337.4, 21.1, 276.3)
(337.4, 21.1, 276.3)
(340.8, 24.7, 277.4)
(341.7, 27.5, 279.3)
    
(344.7, 353.7, 276.4)
(345.2, 1.6, 277.1)
(347.0, 10.3, 277.4)
(347.1, 16.8, 276.6)
(347.1, 16.8, 276.6)
(344.3, 20.9, 274.4)
(341.0, 24.6, 273.5)
(339.4, 29.0, 274.9)
(339.8, 33.9, 276.6)
(339.8, 33.9, 276.6)
    
(338.4, 4.9, 265.5)
(339.5, 9.0, 267.8)
(339.5, 9.0, 267.8)
(346.3, 11.1, 271.8)
(348.4, 14.8, 273.5)
(344.5, 20.6, 272.4)
(340.0, 26.4, 270.8)
(340.0, 26.4, 270.8)
(338.3, 30.5, 270.5)
(341.6, 32.2, 272.7)
    
(339.6, 357.8, 274.6)
(341.8, 5.9, 275.5)
(341.8, 5.9, 275.5)
(341.3, 12.2, 275.6)
(339.6, 16.5, 275.3)
(337.2, 21.0, 274.5)
(337.7, 25.3, 274.1)
(337.7, 25.3, 274.1)
(341.2, 29.2, 275.2)
(342.0, 33.9, 277.0)
    
(351.9, 355.0, 275.8)
(351.9, 355.0, 275.8)
(347.9, 1.3, 272.9)
(345.3, 6.5, 271.1)
(344.5, 11.8, 269.9)
(344.5, 11.8, 269.9)
(346.7, 16.4, 270.4)
(352.1, 20.1, 272.0)
(351.5, 26.0, 272.1)
(348.0, 31.8, 270.7)
    
(353.3, 357.7, 277.0)
(352.4, 0.8, 276.9)
(349.1, 6.5, 276.4)
(349.1, 6.5, 276.4)
(347.6, 12.7, 276.1)
(349.3, 17.7, 276.2)
(351.0, 20.9, 276.1)
(350.1, 24.4, 275.7)
(350.1, 24.4, 275.7)
(347.6, 28.7, 275.0)
    
(338.9, 353.9, 275.2)
(339.4, 356.5, 273.9)
(335.8, 1.8, 270.0)
(333.2, 7.7, 266.6)
(333.8, 11.5, 265.7)
(333.8, 11.5, 265.7)
(336.0, 13.1, 266.1)
(337.6, 14.0, 265.9)
(337.8, 15.7, 264.7)
(337.5, 18.9, 263.6)
    
(345.0, 359.6, 270.0)
(345.0, 359.6, 270.0)
(341.6, 4.8, 268.7)
(336.4, 10.0, 266.8)
(334.7, 14.7, 265.6)
(337.6, 18.1, 265.9)
(337.6, 18.1, 265.9)
(340.6, 21.9, 266.9)
(341.8, 26.4, 267.6)
(340.9, 31.7, 267.5)
    
(346.0, 353.5, 274.8)
(344.7, 358.9, 271.5)
(343.3, 3.6, 268.9)
(342.9, 8.2, 267.6)
(343.9, 12.1, 268.0)
(343.9, 12.1, 268.0)
(345.9, 15.3, 268.9)
(346.7, 18.4, 268.4)
(345.8, 21.2, 267.0)
(345.8, 21.2, 267.0)
    
(350.8, 352.7, 266.9)
(350.1, 356.0, 265.1)
(349.0, 0.0, 263.1)
(349.0, 0.0, 263.1)
(349.8, 4.6, 262.5)
(352.6, 9.1, 262.7)
(354.9, 14.1, 262.6)
(354.2, 19.8, 260.8)
(354.2, 19.8, 260.8)
(351.4, 25.4, 258.2)
    
(346.6, 356.9, 275.3)
(338.4, 2.2, 273.2)
(336.0, 6.6, 271.9)
(336.0, 6.6, 271.9)
(338.9, 10.7, 270.8)
(342.5, 15.7, 270.0)
(343.5, 21.0, 269.5)
(340.4, 26.4, 269.0)
(340.4, 26.4, 269.0)
(336.8, 31.1, 267.9)
    
(347.0, 5.3, 270.4)
(347.0, 5.3, 270.4)
(346.5, 9.8, 269.2)
(344.4, 13.9, 267.6)
(342.5, 17.5, 267.1)
(343.3, 20.4, 267.6)
(343.3, 20.4, 267.6)
(345.7, 23.0, 268.7)
(347.8, 25.7, 269.4)
(349.1, 28.7, 269.8)
    
(336.3, 356.8, 275.8)
(336.3, 356.8, 275.8)
(339.0, 3.2, 274.2)
(341.2, 9.0, 273.7)
(341.5, 14.8, 272.5)
(338.6, 20.2, 271.7)
(338.6, 20.2, 271.7)
(336.5, 25.5, 271.4)
(337.1, 31.1, 271.4)
(338.8, 37.5, 271.7)
    
(343.8, 0.9, 275.1)
(344.2, 6.3, 274.9)
(349.0, 10.1, 275.7)
(352.9, 13.3, 275.6)
(351.6, 16.2, 274.2)
(351.6, 16.2, 274.2)
(347.1, 19.5, 272.3)
(346.2, 24.0, 271.5)
(350.2, 29.3, 272.1)
(354.7, 34.7, 273.2)
    
(341.8, 350.0, 273.1)
(335.4, 358.0, 268.3)
(337.7, 2.5, 267.7)
(337.7, 2.5, 267.7)
(340.1, 4.7, 268.8)
(339.5, 6.8, 268.9)
(333.9, 9.7, 266.5)
(331.6, 13.0, 265.3)
(331.6, 13.0, 265.3)
(332.7, 15.9, 266.6)
    
(345.2, 351.3, 278.6)
(347.0, 355.3, 277.2)
(348.4, 0.3, 275.0)
(348.9, 6.6, 272.4)
(348.5, 12.1, 269.7)
(348.5, 12.1, 269.7)
(347.6, 13.9, 268.6)
(346.3, 14.2, 268.0)
(346.4, 15.6, 267.7)
(347.5, 19.1, 267.1)
    
(338.9, 2.4, 275.8)
(339.9, 6.4, 274.8)
(337.1, 11.1, 272.8)
(337.1, 11.1, 272.8)
(336.4, 15.8, 271.3)
(340.0, 20.0, 270.9)
(345.2, 24.2, 270.5)
(345.2, 27.9, 270.0)
(345.2, 27.9, 270.0)
(341.7, 30.8, 269.2)
    
(350.6, 6.7, 275.8)
(350.6, 6.7, 275.8)
(351.3, 13.0, 274.0)
(350.3, 18.6, 272.5)
(350.0, 22.9, 271.9)
(351.5, 25.8, 272.3)
(351.5, 25.8, 272.3)
(355.0, 27.7, 273.5)
(357.0, 30.0, 273.5)
(357.5, 33.2, 272.4)
    
(1.6, 351.8, 278.9)
(2.9, 358.5, 278.7)
(355.9, 3.5, 276.1)
(355.9, 3.5, 276.1)
(349.2, 7.8, 273.6)
(348.6, 12.7, 273.3)
(352.6, 19.0, 274.7)
(355.5, 26.2, 275.8)
(355.5, 26.2, 275.8)
(353.9, 33.1, 275.0)
    
(345.6, 352.4, 277.5)
(341.8, 358.8, 275.8)
(346.1, 7.2, 276.2)
(346.1, 7.2, 276.2)
(351.1, 15.1, 277.0)
(351.4, 19.9, 276.6)
(348.3, 22.5, 275.2)
(344.8, 24.6, 274.5)
(344.8, 24.6, 274.5)
(345.2, 27.6, 274.7)
    
(14.3, 358.2, 277.7)
(11.6, 3.8, 275.8)
(7.6, 10.7, 274.8)
(6.1, 18.5, 274.6)
(7.1, 24.6, 274.8)
(7.1, 24.6, 274.8)
(6.0, 30.5, 274.4)
(3.8, 36.2, 274.1)
(2.6, 42.3, 274.5)
(3.0, 48.2, 276.5)
    
(354.9, 359.8, 278.2)
(356.5, 5.3, 276.6)
(356.5, 5.3, 276.6)
(359.2, 13.4, 275.5)
(0.8, 21.3, 275.1)
(1.4, 28.4, 274.2)
(1.4, 28.4, 274.2)
(0.1, 33.4, 273.1)
(358.9, 38.0, 273.0)
(358.9, 43.7, 274.0)
    
(354.8, 359.9, 275.7)
(357.9, 8.3, 274.1)
(357.9, 8.3, 274.1)
(358.8, 12.8, 272.6)
(357.4, 17.3, 270.6)
(357.4, 17.3, 270.6)
(353.6, 20.8, 268.6)
(352.5, 23.3, 267.9)
(352.1, 25.6, 268.0)
(353.1, 28.5, 268.0)
    
(348.7, 2.2, 274.2)
(348.7, 2.2, 274.2)
(350.1, 1.9, 273.4)
(352.6, 2.2, 273.7)
(355.2, 3.9, 274.0)
(357.0, 7.5, 273.3)
(357.0, 7.5, 273.3)
(358.6, 11.3, 271.7)
(0.1, 14.1, 270.8)
(2.0, 16.4, 270.4)
    
(349.2, 6.8, 282.9)
(349.2, 6.8, 282.9)
(351.2, 11.8, 281.1)
(352.0, 15.2, 280.5)
(350.7, 18.6, 279.3)
(348.8, 22.5, 277.1)
(348.8, 22.5, 277.1)
(347.6, 27.5, 275.1)
(349.2, 31.2, 275.2)
(352.2, 34.2, 277.0)
    
(349.8, 354.0, 284.1)
(353.0, 357.6, 282.9)
(353.0, 0.5, 280.8)
(353.0, 0.5, 280.8)
(349.4, 3.8, 278.2)
(346.7, 8.6, 275.1)
(347.9, 14.2, 272.9)
(351.5, 18.8, 271.9)
(351.5, 18.8, 271.9)
(355.2, 21.5, 271.7)
    
(350.6, 359.5, 274.6)
(353.5, 3.8, 271.7)
(353.5, 9.2, 267.7)
(353.5, 9.2, 267.7)
(350.1, 14.5, 264.7)
(349.8, 17.9, 264.5)
(351.6, 20.8, 265.7)
(354.5, 24.6, 267.1)
(354.5, 24.6, 267.1)
(356.4, 28.9, 267.7)
    
(349.1, 359.5, 276.0)
(350.5, 3.4, 275.0)
(350.5, 3.4, 275.0)
(353.5, 7.8, 274.3)
(354.1, 13.4, 273.2)
(352.3, 18.5, 272.0)
(350.4, 22.3, 271.1)
(350.4, 22.3, 271.1)
(351.3, 24.5, 272.0)
(353.7, 26.8, 272.7)
    
(351.0, 358.8, 281.3)
(353.2, 5.0, 279.3)
(353.6, 10.1, 277.0)
(352.3, 14.1, 275.1)
(352.2, 17.9, 274.0)
(352.2, 17.9, 274.0)
(354.9, 22.1, 273.8)
(356.4, 27.1, 273.4)
(356.6, 32.5, 272.5)
(357.2, 37.6, 271.9)
    
(348.8, 0.9, 278.9)
(347.3, 5.3, 277.6)
(347.1, 9.9, 276.9)
(350.6, 14.4, 277.1)
(354.7, 18.4, 277.6)
(354.7, 18.4, 277.6)
(357.2, 22.8, 278.7)
(356.9, 27.1, 278.4)
(354.8, 31.6, 277.6)
(354.7, 33.9, 278.7)
    
(345.9, 353.8, 280.8)
(347.2, 358.2, 279.8)
(351.6, 3.4, 279.7)
(354.0, 9.5, 278.6)
(354.0, 9.5, 278.6)
(352.5, 13.3, 277.6)
(350.9, 15.9, 277.3)
(351.5, 17.8, 277.9)
(353.5, 21.0, 279.0)
(353.5, 21.0, 279.0)
    
(349.7, 356.0, 277.0)
(348.8, 0.9, 276.1)
(348.8, 0.9, 276.1)
(349.7, 5.4, 275.9)
(351.7, 10.3, 274.7)
(352.4, 15.5, 273.2)
(351.8, 20.9, 271.8)
(351.8, 20.9, 271.8)
(351.9, 25.8, 270.5)
(353.1, 30.3, 269.4)
    
(356.8, 1.3, 276.6)
(353.7, 8.5, 274.3)
(353.7, 8.5, 274.3)
(352.0, 13.4, 273.4)
(352.2, 17.1, 272.0)
(352.7, 22.4, 270.8)
(353.3, 28.3, 269.4)
(353.3, 28.3, 269.4)
(354.4, 34.4, 269.2)
(356.9, 38.9, 269.2)
    
(348.1, 0.1, 275.7)
(351.8, 4.0, 275.3)
(351.8, 4.0, 275.3)
(354.9, 10.8, 273.4)
(353.8, 16.9, 271.8)
(352.2, 22.2, 270.6)
(352.4, 24.9, 271.8)
(352.4, 24.9, 271.8)
(354.2, 27.2, 273.1)
(356.1, 30.3, 273.7)
    
(348.8, 0.1, 276.2)
(351.1, 4.1, 275.5)
(353.7, 8.0, 275.1)
(354.6, 12.0, 274.2)
(353.5, 16.1, 272.7)
(353.5, 16.1, 272.7)
(352.6, 19.7, 271.5)
(353.0, 23.3, 270.7)
(355.4, 27.1, 270.7)
(358.7, 30.8, 271.4)
    
(350.2, 1.1, 274.9)
(352.6, 5.9, 273.6)
(349.6, 10.4, 273.0)
(349.6, 10.4, 273.0)
(344.3, 14.8, 272.2)
(343.1, 19.2, 271.8)
(347.1, 23.1, 272.2)
(347.1, 23.1, 272.2)
(351.6, 27.4, 273.4)
(352.6, 32.6, 274.1)
    
/n
(20.3, 184.3, 81.9)
(19.4, 189.2, 82.6)
(19.4, 189.2, 82.6)
(17.4, 194.9, 82.8)
(16.3, 199.3, 82.8)
(15.5, 203.8, 82.5)
(15.3, 207.1, 82.2)
(15.3, 210.2, 83.0)
(15.3, 210.2, 83.0)
(16.4, 213.5, 83.9)
    
(13.0, 179.3, 85.7)
(10.8, 184.1, 85.4)
(10.8, 184.1, 85.4)
(12.0, 190.9, 85.6)
(14.9, 196.7, 86.8)
(15.7, 200.7, 87.0)
(14.7, 203.6, 86.2)
(14.7, 203.6, 86.2)
(13.8, 206.3, 85.8)
(13.6, 209.0, 84.9)
    
(11.4, 182.3, 85.1)
(8.8, 188.3, 84.6)
(10.3, 194.8, 86.2)
(13.7, 200.3, 88.9)
(13.7, 200.3, 88.9)
(14.6, 204.0, 90.4)
(13.3, 207.0, 89.3)
(13.3, 210.5, 86.9)
(13.9, 213.8, 86.4)
(13.9, 213.8, 86.4)
    
(15.7, 172.6, 84.7)
(19.2, 181.9, 88.6)
(16.6, 189.5, 91.5)
(13.8, 194.4, 91.8)
(13.8, 194.4, 91.8)
(13.2, 199.5, 92.3)
(15.1, 204.9, 93.2)
(15.9, 209.6, 93.2)
(14.3, 213.4, 91.3)
(14.3, 213.4, 91.3)
    
(22.3, 182.5, 87.9)
(22.3, 182.5, 87.9)
(19.8, 188.4, 88.1)
(17.0, 195.5, 87.2)
(16.0, 203.5, 86.6)
(17.3, 211.5, 87.0)
(17.3, 211.5, 87.0)
(18.4, 217.6, 87.6)
(17.3, 221.6, 87.2)
(14.6, 224.7, 85.9)
    
(13.6, 182.0, 89.0)
(13.7, 188.7, 91.3)
(17.7, 194.0, 94.5)
(17.7, 196.8, 94.0)
(17.7, 196.8, 94.0)
(15.1, 199.3, 91.8)
(10.1, 202.9, 87.7)
(8.0, 205.8, 86.4)
(8.4, 208.9, 85.8)
(8.4, 208.9, 85.8)
    
(11.3, 170.2, 91.2)
(11.3, 170.2, 91.2)
(10.7, 176.4, 92.4)
(8.7, 181.4, 94.0)
(8.7, 185.2, 94.4)
(10.3, 188.3, 95.0)
(10.3, 188.3, 95.0)
(11.2, 195.4, 97.2)
(10.8, 197.7, 96.7)
(8.1, 200.1, 95.6)
    
(10.7, 179.9, 89.9)
(10.1, 183.2, 91.5)
(10.1, 183.2, 91.5)
(8.9, 186.5, 91.5)
(8.3, 192.5, 91.7)
(8.9, 199.0, 92.1)
(9.6, 205.7, 92.4)
(9.6, 205.7, 92.4)
(9.3, 210.7, 92.0)
(7.8, 213.5, 90.6)
    
(15.3, 166.8, 93.1)
(15.5, 171.2, 95.2)
(14.0, 176.3, 96.5)
(12.2, 181.5, 97.6)
(12.2, 181.5, 97.6)
(12.7, 186.4, 98.2)
(15.8, 191.7, 99.0)
(15.7, 194.6, 97.8)
(13.8, 197.0, 95.6)
(13.8, 197.0, 95.6)
    
(4.9, 187.0, 95.0)
(4.9, 187.0, 95.0)
(5.3, 191.0, 95.8)
(6.9, 195.3, 96.4)
(7.4, 199.5, 96.9)
(6.1, 203.3, 96.8)(343.7, 8.8, 253.6)
(345.8, 13.8, 253.1)
(345.8, 13.8, 253.1)
(347.4, 19.7, 252.1)
(348.1, 28.0, 250.0)
(348.3, 33.1, 250.4)
(348.3, 33.1, 250.4)
(349.7, 35.9, 252.3)
(352.4, 37.2, 254.7)
(354.9, 39.4, 257.7)
    
(345.3, 4.8, 260.6)
(347.3, 10.3, 259.4)
(348.6, 15.6, 258.1)
(348.6, 15.6, 258.1)
(348.5, 21.1, 256.1)
(347.5, 26.3, 254.7)
(347.1, 30.3, 254.6)
(348.3, 33.7, 255.8)
(348.3, 33.7, 255.8)
(351.2, 36.5, 257.8)
    
(341.5, 360.0, 264.5)
(344.4, 3.1, 265.1)
(345.7, 6.8, 264.1)
(345.1, 11.6, 261.1)
(345.1, 11.6, 261.1)
(345.1, 16.4, 259.6)
(346.0, 20.9, 259.6)
(348.5, 23.3, 261.5)
(348.5, 23.3, 261.5)
(349.9, 25.3, 262.8)
    
(345.9, 355.4, 265.5)
(346.7, 0.7, 263.3)
(346.6, 6.8, 259.8)
(346.6, 12.3, 257.4)
(346.6, 12.3, 257.4)
(347.2, 17.3, 257.5)
(349.3, 22.3, 258.7)
(351.0, 27.7, 258.9)
(351.3, 34.2, 257.4)
(351.3, 34.2, 257.4)
    
(339.6, 356.5, 259.8)
(340.7, 5.8, 256.0)
(342.7, 13.3, 254.0)
(345.2, 16.9, 254.6)
(345.2, 16.9, 254.6)
(347.6, 19.6, 254.5)
(349.1, 22.8, 253.6)
(348.9, 27.4, 252.4)
(347.9, 32.3, 252.0)
(347.9, 32.3, 252.0)
    
(347.1, 3.8, 262.4)
(348.4, 11.0, 259.7)
(348.5, 17.2, 257.3)
(348.5, 17.2, 257.3)
(348.4, 22.0, 255.1)
(348.7, 25.7, 254.3)
(349.3, 29.8, 254.6)
(350.3, 34.9, 254.9)
(350.3, 34.9, 254.9)
(351.3, 39.8, 255.1)
    
(340.4, 356.8, 262.3)
(344.1, 359.6, 263.9)
(345.7, 3.4, 264.3)
(345.6, 7.7, 263.1)
(345.6, 7.7, 263.1)
(345.1, 11.6, 261.6)
(346.2, 14.6, 261.4)
(348.4, 16.3, 263.0)
(351.2, 17.6, 264.9)
(351.2, 17.6, 264.9)
    
(350.7, 4.2, 265.2)
(349.7, 8.0, 262.8)
(349.7, 8.0, 262.8)
(349.0, 13.6, 260.7)
(349.4, 20.7, 258.8)
(350.6, 26.5, 258.0)
(351.3, 31.3, 257.4)
(351.3, 31.3, 257.4)
(351.1, 35.0, 256.6)
(351.1, 36.6, 256.7)
    
(336.5, 350.3, 266.6)
(338.6, 355.7, 265.8)
(340.8, 1.4, 264.8)
(342.4, 6.5, 263.5)
(343.0, 10.9, 262.3)
(343.0, 10.9, 262.3)
(343.4, 15.1, 261.4)
(345.6, 19.2, 261.3)
(348.5, 23.0, 262.1)
(350.8, 26.8, 262.9)
    
(346.6, 356.1, 264.9)
(344.4, 2.3, 261.9)
(344.9, 7.5, 261.3)
(347.4, 12.8, 262.3)
(347.4, 12.8, 262.3)
(349.5, 17.9, 263.1)
(349.8, 23.5, 262.5)
(348.5, 27.9, 261.8)
(348.6, 31.1, 262.1)
(348.6, 31.1, 262.1)
    
(343.1, 1.5, 264.3)
(344.5, 7.0, 262.6)
(345.3, 12.1, 261.4)
(345.3, 12.1, 261.4)
(346.3, 16.1, 261.1)
(347.5, 19.0, 261.6)
(348.7, 21.6, 262.5)
(350.3, 24.1, 263.7)
(350.3, 24.1, 263.7)
(351.9, 27.5, 264.4)
    
(341.2, 3.6, 265.3)
(344.0, 6.0, 266.2)
(344.0, 6.0, 266.2)
(344.9, 8.1, 266.2)
(344.9, 11.0, 265.4)
(345.7, 14.9, 264.8)
(346.7, 19.6, 264.8)
(346.7, 19.6, 264.8)
(348.4, 24.9, 265.1)
(349.9, 30.5, 265.4)
    
(339.3, 0.5, 262.9)
(341.0, 6.8, 260.4)
(343.1, 11.7, 259.4)
(343.3, 17.1, 258.3)
(343.3, 17.1, 258.3)
(341.9, 22.9, 257.0)
(341.7, 29.6, 255.7)
(343.3, 34.8, 255.8)
(345.4, 37.7, 256.8)
(345.4, 37.7, 256.8)
    
(345.3, 1.7, 264.4)
(348.2, 6.9, 263.6)
(347.7, 14.2, 261.1)
(346.5, 21.1, 258.4)
(346.0, 25.5, 257.5)
(346.0, 25.5, 257.5)
(347.2, 27.7, 258.1)
(349.1, 29.3, 259.0)
(350.1, 32.1, 259.0)
(350.4, 35.5, 258.5)
    
(348.9, 352.4, 267.7)
(346.9, 359.6, 262.9)
(345.0, 6.1, 258.4)
(345.3, 9.8, 257.2)
(345.3, 9.8, 257.2)
(347.6, 12.8, 258.1)
(349.1, 17.0, 258.0)
(350.5, 20.7, 258.1)
(352.1, 22.9, 259.1)
(352.1, 22.9, 259.1)
    
(340.8, 5.1, 260.1)
(341.9, 10.2, 257.9)
(341.9, 10.2, 257.9)
(341.4, 14.0, 257.4)
(341.4, 16.5, 258.1)
(343.1, 18.0, 259.4)
(343.1, 18.0, 259.4)
(344.3, 19.6, 260.3)
(344.4, 22.1, 260.0)
(344.8, 25.2, 259.1)
    
(333.0, 357.2, 261.7)
(334.0, 1.1, 259.8)
(333.9, 7.3, 257.1)
(335.0, 12.8, 255.5)
(335.0, 12.8, 255.5)
(338.0, 16.1, 256.2)
(340.3, 19.1, 258.0)
(341.9, 23.3, 259.1)
(343.9, 27.3, 259.4)
(343.9, 27.3, 259.4)
    
(333.4, 358.4, 264.0)
(332.3, 3.1, 259.5)
(333.3, 8.0, 256.7)
(334.8, 12.7, 257.0)
(335.6, 16.5, 258.5)
(335.6, 16.5, 258.5)
(335.5, 18.6, 260.1)
(335.5, 19.7, 261.6)
(337.2, 21.8, 262.4)
(340.0, 25.0, 262.3)
    
(339.6, 354.9, 269.0)
(339.6, 354.9, 269.0)
(339.3, 0.7, 267.7)
(341.6, 10.2, 267.1)
(344.2, 19.3, 266.4)
(344.2, 27.4, 265.3)
(344.2, 27.4, 265.3)
(341.2, 32.8, 264.1)
(340.3, 34.8, 264.6)
(341.0, 36.4, 266.2)
    
(345.0, 5.9, 268.6)
(346.2, 11.0, 268.2)
(346.1, 15.8, 267.6)
(346.1, 20.3, 266.9)
(346.2, 24.2, 266.6)
(346.2, 24.2, 266.6)
(346.6, 28.4, 266.3)
(347.5, 33.4, 265.6)
(348.0, 39.1, 264.9)
(347.9, 44.7, 264.2)
    
(341.5, 0.1, 269.6)
(343.2, 4.2, 269.5)
(343.2, 4.2, 269.5)
(346.3, 9.1, 269.6)
(347.6, 15.0, 269.0)
(346.7, 21.6, 267.5)
(346.0, 26.4, 266.8)
(346.0, 26.4, 266.8)
(346.5, 30.3, 266.5)
(348.0, 33.2, 267.3)
    
(349.3, 355.5, 274.0)
(349.5, 359.9, 271.6)
(349.5, 359.9, 271.6)
(348.3, 6.6, 269.2)
(346.8, 14.5, 266.5)
(345.9, 22.5, 264.3)
(347.1, 27.8, 264.2)
(347.1, 27.8, 264.2)
(348.7, 31.5, 265.0)
(349.2, 35.1, 265.1)
    
(340.3, 354.2, 269.8)
(339.5, 1.4, 268.5)
(338.7, 9.4, 266.8)
(339.5, 16.1, 266.3)
(339.5, 16.1, 266.3)
(340.8, 20.7, 267.2)
(341.4, 23.6, 267.5)
(341.2, 26.5, 267.3)
(341.5, 32.4, 266.4)
(341.5, 32.4, 266.4)
    
(343.1, 7.7, 266.0)
(341.7, 16.1, 262.4)
(340.7, 23.3, 259.5)
(340.7, 23.3, 259.5)
(341.9, 27.9, 259.8)
(343.8, 31.2, 262.3)
(345.7, 34.5, 265.4)
(346.3, 37.5, 266.3)
(346.3, 37.5, 266.3)
(345.2, 41.4, 265.4)
    
(348.3, 354.4, 268.4)
(347.5, 356.8, 267.8)
(347.0, 1.6, 267.4)
(348.6, 7.7, 266.4)
(350.1, 13.3, 265.0)
(350.1, 13.3, 265.0)
(350.2, 17.7, 263.4)
(349.3, 21.3, 261.8)
(348.4, 24.4, 261.8)
(348.3, 27.8, 262.1)
    
(346.1, 352.2, 270.7)
(347.6, 357.0, 269.2)
(347.9, 2.3, 267.1)
(347.9, 2.3, 267.1)
(346.6, 7.1, 265.0)
(345.2, 11.6, 263.4)
(345.4, 17.3, 262.6)
(347.1, 22.3, 262.3)
(347.1, 22.3, 262.3)
(349.0, 27.9, 261.9)
    
(340.4, 355.4, 265.7)
(344.1, 359.0, 266.0)
(344.1, 359.0, 266.0)
(346.5, 2.4, 265.3)
(345.7, 5.9, 264.0)
(344.4, 9.1, 262.9)
(344.6, 12.6, 262.4)
(344.6, 12.6, 262.4)
(345.7, 16.8, 262.0)
(346.9, 20.8, 262.0)
    
(346.5, 353.8, 270.6)
(346.5, 353.8, 270.6)
(346.2, 357.8, 269.4)
(346.7, 1.4, 269.3)
(348.3, 6.2, 269.4)
(349.5, 11.5, 269.4)
(349.5, 11.5, 269.4)
(349.7, 17.0, 268.9)
(349.5, 21.9, 268.0)
(349.7, 26.0, 267.2)
    
(345.2, 0.2, 262.2)
(346.0, 7.5, 259.0)
(346.2, 13.1, 256.8)
(346.5, 16.7, 256.5)
(346.5, 16.7, 256.5)
(348.5, 17.7, 258.4)
(351.5, 19.6, 260.4)
(353.8, 23.8, 261.3)
(355.4, 29.4, 260.8)
(355.4, 29.4, 260.8)
    
(343.9, 355.3, 266.0)
(343.0, 359.2, 264.4)
(343.4, 4.6, 263.4)
(344.6, 11.7, 262.1)
(346.0, 19.2, 260.4)
(346.0, 19.2, 260.4)
(347.2, 25.3, 259.8)
(347.5, 29.3, 260.6)
(347.7, 31.1, 261.9)
(347.7, 32.3, 262.6)
    
(348.5, 0.7, 267.3)
(350.3, 6.0, 266.5)
(352.3, 10.9, 266.0)
(353.2, 16.8, 265.9)
(353.5, 24.0, 266.1)
(353.5, 24.0, 266.1)
(354.2, 31.2, 266.7)
(355.6, 37.0, 267.8)
(357.2, 41.9, 268.8)
(358.2, 45.2, 269.6)
    
(346.8, 350.6, 269.2)
(348.4, 355.3, 268.4)
(348.9, 0.1, 267.9)
(348.9, 0.1, 267.9)
(347.8, 5.6, 266.4)
(347.2, 11.4, 265.0)
(348.0, 17.7, 264.7)
(349.9, 23.7, 265.4)
(349.9, 23.7, 265.4)
(351.2, 29.5, 265.8)
    
(342.0, 1.4, 261.9)
(342.6, 11.0, 256.4)
(344.1, 16.3, 255.6)
(346.3, 20.2, 257.0)
(348.5, 23.6, 259.5)
(348.5, 23.6, 259.5)
(349.4, 27.6, 259.4)
(350.0, 31.6, 258.3)
(349.6, 35.2, 257.2)
(349.6, 35.2, 257.2)
    
(344.9, 352.3, 266.3)
(344.6, 357.4, 264.1)
(345.1, 2.3, 262.6)
(346.9, 8.1, 262.3)
(346.9, 8.1, 262.3)
(349.6, 14.9, 262.5)
(351.0, 21.8, 262.3)
(350.0, 28.3, 262.1)
(349.1, 33.8, 262.3)
(349.1, 33.8, 262.3)
    
(342.7, 0.2, 264.0)
(342.3, 6.3, 262.1)
(344.0, 12.4, 261.8)
(346.0, 18.0, 262.0)
(347.6, 23.5, 261.7)
(347.6, 23.5, 261.7)
(348.0, 28.1, 260.9)
(347.7, 31.9, 260.7)
(348.1, 35.3, 261.1)
(349.7, 38.7, 262.4)
    
(350.2, 0.1, 263.1)
(349.6, 7.0, 260.9)
(348.7, 12.9, 259.6)
(348.3, 17.9, 259.1)
(348.3, 17.9, 259.1)
(348.6, 22.4, 258.7)
(349.2, 26.8, 257.8)
(349.8, 31.0, 257.2)
(350.4, 34.7, 256.7)
(350.4, 34.7, 256.7)
    
(345.0, 357.6, 260.4)
(343.9, 0.8, 258.4)
(343.9, 0.8, 258.4)
(344.6, 3.7, 258.4)
(347.0, 7.9, 259.0)
(350.3, 13.9, 258.6)
(352.0, 20.4, 257.3)
(352.0, 20.4, 257.3)
(352.3, 28.3, 254.3)
(352.6, 32.1, 253.9)
    
(350.8, 3.3, 269.2)
(352.4, 9.0, 268.8)
(354.9, 15.1, 268.4)
(356.2, 20.4, 267.4)
(355.6, 23.8, 265.5)
(355.6, 23.8, 265.5)
(354.0, 26.1, 263.6)
(353.4, 28.4, 262.8)
(355.0, 31.0, 263.4)
(357.2, 34.3, 264.6)
    
(343.0, 2.4, 266.9)
(343.5, 6.1, 266.3)
(344.2, 9.9, 265.0)
(345.3, 14.4, 264.2)
(345.3, 14.4, 264.2)
(346.5, 19.5, 263.5)
(347.7, 24.8, 263.5)
(348.9, 29.7, 263.8)
(348.9, 29.7, 263.8)
(350.1, 33.9, 264.2)
    
(336.8, 351.5, 265.9)
(338.4, 356.6, 265.3)
(340.5, 2.1, 265.1)
(343.9, 7.9, 265.2)
(343.9, 7.9, 265.2)
(344.9, 12.2, 264.2)
(344.3, 15.8, 262.8)
(344.0, 18.7, 262.2)
(344.4, 21.2, 262.3)
(344.4, 21.2, 262.3)
    
(342.9, 351.4, 267.6)
(342.8, 358.6, 264.5)
(340.8, 8.2, 260.8)
(340.2, 16.2, 258.6)
(340.2, 16.2, 258.6)
(341.6, 21.8, 258.0)
(343.6, 26.7, 258.5)
(344.7, 30.5, 259.4)
(344.4, 34.9, 260.0)
(344.4, 34.9, 260.0)
    
(348.8, 355.0, 268.0)
(348.4, 2.4, 265.2)
(348.9, 9.7, 263.6)
(350.6, 14.8, 263.8)
(350.6, 14.8, 263.8)
(351.6, 18.4, 264.2)
(352.1, 22.6, 264.0)
(352.3, 27.9, 262.8)
(352.5, 32.8, 262.7)
(352.5, 32.8, 262.7)
    
(342.6, 349.5, 269.9)
(344.4, 355.5, 268.5)
(345.7, 3.1, 265.2)
(345.7, 3.1, 265.2)
(345.5, 9.6, 262.6)
(344.6, 15.0, 261.2)
(345.2, 18.0, 261.9)
(346.2, 20.7, 263.0)
(346.2, 20.7, 263.0)
(347.4, 23.7, 263.5)
    
(336.0, 2.4, 269.6)
(336.2, 4.8, 268.6)
(336.8, 8.1, 268.2)
(337.1, 13.0, 267.2)
(337.1, 13.0, 267.2)
(337.6, 18.7, 266.9)
(339.3, 24.7, 266.9)
(341.8, 28.2, 266.2)
(342.7, 33.5, 266.0)
(342.7, 33.5, 266.0)
    
(343.1, 355.0, 271.2)
(342.6, 1.6, 267.5)
(342.6, 5.8, 266.0)
(342.6, 5.8, 266.0)
(343.7, 8.6, 266.4)
(345.9, 12.0, 266.8)
(346.9, 17.8, 266.4)
(347.2, 23.8, 265.0)
(347.2, 23.8, 265.0)
(347.4, 28.5, 264.1)
    
(346.5, 351.3, 272.8)
(345.4, 359.0, 269.5)
(345.1, 8.3, 264.6)
(345.5, 16.5, 261.4)
(345.5, 16.5, 261.4)
(346.5, 20.9, 261.4)
(347.3, 23.8, 262.5)
(347.6, 25.8, 263.7)
(348.2, 28.5, 264.4)
(348.2, 28.5, 264.4)
    
(339.9, 351.9, 267.9)
(340.2, 359.5, 264.4)
(342.1, 6.6, 262.4)
(342.1, 6.6, 262.4)
(345.1, 12.3, 261.3)
(347.6, 16.8, 260.6)
(346.6, 21.5, 259.8)
(344.6, 26.6, 258.7)
(344.6, 26.6, 258.7)
(344.9, 30.6, 258.6)
    
(346.6, 357.3, 268.7)
(343.9, 1.9, 266.2)
(343.9, 6.2, 265.8)
(343.9, 6.2, 265.8)
(345.7, 11.1, 266.7)
(347.7, 16.9, 266.9)
(348.2, 23.6, 265.9)
(347.5, 29.1, 264.9)
(347.5, 29.1, 264.9)
(347.3, 33.1, 264.9)
    
(343.5, 2.6, 268.9)
(342.9, 6.4, 268.2)
(343.1, 10.4, 267.1)
(343.1, 10.4, 267.1)
(343.0, 15.3, 265.5)
(342.6, 20.9, 263.6)
(342.9, 25.5, 262.7)
(344.2, 29.5, 262.5)
(344.2, 29.5, 262.5)
(346.7, 32.7, 262.9)
    
(346.3, 356.0, 268.5)
(344.4, 359.1, 267.3)
(342.0, 1.5, 266.9)
(341.3, 2.3, 267.0)
(343.1, 6.2, 266.8)
(343.1, 6.2, 266.8)
(345.8, 13.1, 265.6)
(347.2, 19.9, 263.9)
(347.7, 26.1, 262.6)
(347.9, 28.8, 263.0)
    
(344.4, 351.7, 269.9)
(345.2, 1.0, 266.1)
(346.8, 8.2, 264.5)
(346.8, 8.2, 264.5)
(348.3, 13.1, 264.9)
(348.7, 17.5, 265.4)
(347.2, 22.2, 265.0)
(345.6, 27.6, 263.7)
(345.6, 27.6, 263.7)
(346.8, 33.7, 262.7)
    
(340.0, 353.3, 269.7)
(342.2, 358.7, 269.1)
(343.5, 2.7, 268.2)
(343.0, 6.6, 266.2)
(341.8, 10.2, 264.8)
(341.8, 10.2, 264.8)
(342.5, 13.3, 265.2)
(345.4, 15.8, 266.2)
(347.6, 19.9, 266.5)
(348.8, 24.7, 266.1)
    
(348.8, 352.2, 273.3)
(347.6, 357.4, 272.1)
(347.4, 1.8, 271.3)
(348.3, 5.7, 270.7)
(348.9, 10.7, 269.6)
(348.9, 10.7, 269.6)
(348.4, 16.3, 268.9)
(348.1, 20.7, 268.8)
(348.3, 23.5, 270.1)
(349.7, 25.8, 272.0)
    
(342.0, 359.0, 268.0)
(340.7, 2.5, 267.1)
(341.1, 7.3, 266.9)
(343.8, 13.5, 266.2)
(343.8, 13.5, 266.2)
(345.4, 19.1, 265.2)
(345.0, 24.0, 264.6)
(344.3, 27.8, 264.9)
(344.5, 30.5, 265.7)
(344.5, 30.5, 265.7)
    
(345.8, 353.4, 271.2)
(347.3, 357.7, 270.7)
(349.0, 1.4, 270.2)
(349.0, 1.4, 270.2)
(349.4, 6.3, 268.8)
(348.6, 12.1, 267.5)
(348.2, 16.8, 267.2)
(349.6, 19.7, 268.1)
(349.6, 19.7, 268.1)
(351.6, 21.7, 269.0)
    
(348.0, 7.5, 266.6)
(349.7, 13.3, 266.0)
(349.7, 13.3, 266.0)
(349.6, 19.2, 264.4)
(348.3, 24.7, 262.4)
(347.7, 29.9, 260.4)
(347.7, 29.9, 260.4)
(349.3, 34.0, 260.3)
(351.5, 36.7, 261.9)
(352.9, 39.2, 263.5)
    
(345.0, 356.3, 269.8)
(348.7, 0.7, 269.0)
(349.8, 5.2, 267.2)
(348.6, 9.7, 265.2)
(347.7, 14.5, 264.5)
(347.7, 14.5, 264.5)
(348.9, 19.1, 265.3)
(350.9, 24.2, 265.8)
(352.4, 29.4, 266.1)
(353.1, 33.5, 266.7)
    
(348.3, 4.1, 271.4)
(350.6, 8.9, 269.9)
(350.7, 12.8, 268.6)
(350.0, 16.4, 267.7)
(350.0, 16.4, 267.7)
(351.6, 19.9, 267.4)
(355.4, 23.4, 267.5)
(358.1, 27.0, 267.4)
(357.8, 32.4, 265.9)
(357.8, 32.4, 265.9)
    
(347.8, 357.7, 273.1)
(345.9, 2.6, 271.7)
(345.9, 2.6, 271.7)
(345.0, 6.4, 271.5)
(345.3, 9.6, 272.0)
(347.0, 13.7, 272.0)
(348.5, 18.9, 271.1)
(348.5, 18.9, 271.1)
(347.9, 25.2, 269.0)
(347.1, 30.1, 267.2)
    
(341.7, 351.7, 275.3)
(340.1, 355.9, 273.8)
(340.1, 355.9, 273.8)
(338.1, 0.6, 271.0)
(339.1, 5.7, 269.1)
(341.5, 10.9, 269.5)
(343.6, 15.4, 271.2)
(343.6, 15.4, 271.2)
(344.1, 18.9, 272.2)
(342.9, 21.4, 272.2)
    
(340.3, 7.3, 268.2)
(344.0, 11.9, 269.2)
(345.2, 18.1, 269.3)
(345.2, 18.1, 269.3)
(344.2, 25.1, 267.6)
(343.2, 28.9, 267.1)
(342.7, 30.9, 267.8)
(343.6, 32.7, 269.2)
(343.6, 32.7, 269.2)
(345.3, 35.2, 270.5)
    
(343.8, 353.2, 277.4)
(344.7, 1.1, 274.8)
(347.1, 9.3, 272.9)
(347.1, 9.3, 272.9)
(348.4, 16.0, 271.8)
(347.1, 21.5, 271.2)
(345.8, 26.6, 271.3)
(346.7, 31.9, 272.9)
(346.7, 31.9, 272.9)
(349.1, 36.8, 274.7)
    
(342.6, 356.5, 277.3)
(344.3, 359.7, 277.4)
(344.9, 3.5, 276.7)
(344.9, 3.5, 276.7)
(344.1, 6.8, 276.0)
(344.0, 9.6, 276.1)
(345.3, 12.2, 276.9)
(347.1, 15.2, 278.2)
(347.1, 15.2, 278.2)
(348.6, 18.0, 279.6)
    
(339.0, 357.3, 270.2)
(337.5, 1.4, 268.9)
(337.5, 1.4, 268.9)
(336.9, 6.9, 267.6)
(338.7, 12.5, 267.2)
(340.7, 17.5, 267.3)
(342.4, 22.0, 267.6)
(342.4, 22.0, 267.6)
(343.1, 25.3, 268.0)
(343.2, 28.7, 268.6)
    
(343.3, 355.6, 266.5)
(343.8, 359.1, 265.4)
(345.7, 1.6, 264.7)
(347.9, 6.2, 264.8)
(349.1, 12.7, 263.7)
(349.1, 12.7, 263.7)
(350.0, 19.4, 262.6)
(350.5, 25.4, 262.1)
(351.7, 28.8, 262.7)
(354.2, 31.8, 264.3)
    
(349.9, 358.0, 271.3)
(349.2, 3.1, 268.3)
(349.2, 3.1, 268.3)
(351.3, 6.7, 267.1)
(354.0, 10.2, 267.6)
(354.9, 15.4, 268.3)
(354.9, 15.4, 268.3)
(353.6, 21.2, 267.1)
(353.1, 25.5, 264.6)
(353.8, 27.3, 264.6)
    
(348.3, 356.4, 271.5)
(348.6, 3.3, 269.8)
(348.6, 3.3, 269.8)
(348.8, 10.2, 267.7)
(348.3, 16.4, 265.6)
(346.6, 21.9, 263.7)
(346.8, 26.0, 264.1)
(346.8, 26.0, 264.1)
(348.2, 30.3, 264.9)
(350.7, 34.7, 266.6)
    
(351.9, 358.6, 274.0)
(351.9, 358.6, 274.0)
(352.9, 4.7, 272.5)
(353.4, 9.8, 271.6)
(353.4, 14.2, 270.9)
(353.3, 19.9, 270.1)
(353.3, 19.9, 270.1)
(354.2, 27.3, 269.1)
(356.1, 34.9, 268.8)
(357.1, 41.4, 269.2)
    
(342.9, 353.2, 276.2)
(341.8, 357.8, 274.0)
(341.6, 2.6, 272.3)
(343.2, 8.3, 272.0)
(343.2, 8.3, 272.0)
(345.8, 14.1, 271.8)
(348.3, 20.1, 270.4)
(348.9, 26.6, 268.0)
(348.9, 26.6, 268.0)
(347.6, 31.4, 266.6)
    
(346.3, 356.8, 270.3)
(347.6, 2.3, 269.3)
(347.6, 2.3, 269.3)
(348.4, 5.7, 268.1)
(347.9, 9.7, 267.0)
(347.8, 15.8, 266.2)
(349.0, 22.7, 265.2)
(349.0, 22.7, 265.2)
(350.4, 29.5, 264.6)
(351.9, 37.3, 264.6)
    
(349.6, 356.8, 272.9)
(349.6, 356.8, 272.9)
(351.6, 2.6, 271.8)
(351.5, 6.9, 270.4)
(351.2, 10.2, 269.5)
(351.9, 13.1, 268.9)
(351.9, 13.1, 268.9)
(353.4, 17.1, 268.6)
(355.3, 22.0, 268.3)
(357.4, 27.3, 267.6)
    
(343.8, 357.4, 271.2)
(344.4, 2.1, 270.2)
(347.2, 6.3, 270.7)
(350.2, 9.4, 271.7)
(352.3, 12.1, 272.3)
(352.3, 12.1, 272.3)
(352.8, 15.1, 271.6)
(352.4, 18.9, 270.1)
(351.7, 22.9, 268.6)
(352.2, 26.4, 268.0)
    
(346.9, 348.6, 263.3)
(347.1, 352.8, 263.0)
(349.0, 355.6, 263.0)
(350.7, 358.7, 262.5)
(350.3, 3.4, 261.3)
(350.3, 3.4, 261.3)
(350.1, 8.3, 260.6)
(351.1, 13.1, 260.6)
(352.5, 16.8, 261.1)
(353.8, 19.9, 261.7)
    
(343.3, 346.9, 273.5)
(344.0, 352.8, 270.5)
(344.4, 0.7, 266.9)
(346.2, 7.6, 264.6)
(346.2, 7.6, 264.6)
(348.8, 11.6, 265.4)
(350.8, 14.7, 266.2)
(352.3, 18.2, 266.2)
(353.1, 22.2, 265.9)
(353.1, 22.2, 265.9)
    
(352.2, 358.9, 262.9)
(352.2, 1.6, 262.5)
(352.2, 1.6, 262.5)
(354.7, 5.8, 262.8)
(356.7, 11.7, 262.5)
(357.0, 17.9, 261.8)
(355.6, 23.3, 261.0)
(355.6, 23.3, 261.0)
(355.0, 27.7, 261.1)
(356.2, 31.4, 262.5)
    
(346.2, 357.5, 269.8)
(346.0, 4.7, 267.5)
(347.0, 13.3, 265.9)
(348.9, 21.3, 264.9)
(351.4, 29.7, 263.2)
(351.4, 29.7, 263.2)
(352.0, 36.6, 262.0)
(352.5, 42.3, 261.1)
(353.7, 46.0, 261.5)
(353.7, 46.0, 261.5)
    
(348.4, 0.6, 265.7)
(350.4, 5.4, 265.2)
(350.4, 5.4, 265.2)
(351.8, 10.7, 264.0)
(351.8, 18.9, 262.4)
(352.0, 27.0, 261.8)
(353.1, 33.7, 262.4)
(353.1, 33.7, 262.4)
(355.3, 38.6, 263.6)
(355.8, 42.9, 264.3)
    
(347.6, 2.6, 269.8)
(347.6, 2.6, 269.8)
(349.0, 9.8, 268.3)
(348.5, 17.2, 266.0)
(348.1, 24.1, 263.7)
(349.2, 30.0, 262.4)
(349.2, 30.0, 262.4)
(351.7, 33.9, 262.9)
(354.1, 37.7, 263.8)
(355.2, 41.8, 263.9)
    
(347.6, 0.7, 268.2)
(347.6, 10.5, 264.4)
(349.0, 19.0, 262.6)
(349.0, 19.0, 262.6)
(350.1, 24.9, 262.3)
(351.4, 29.3, 262.0)
(351.7, 33.2, 261.8)
(351.7, 38.5, 262.1)
(351.7, 38.5, 262.1)
(352.6, 44.3, 263.2)
    
(351.4, 0.7, 267.3)
(352.4, 11.1, 264.2)
(352.4, 11.1, 264.2)
(351.4, 19.4, 262.2)
(349.8, 25.8, 261.8)
(350.2, 30.0, 263.6)
(353.7, 33.9, 266.2)
(353.7, 33.9, 266.2)
(357.3, 38.3, 267.5)
(359.3, 43.7, 267.5)
    
(352.7, 349.3, 268.4)
(348.4, 358.1, 264.4)
(348.4, 358.1, 264.4)
(350.0, 3.8, 263.5)
(353.1, 9.4, 263.5)
(354.9, 18.8, 262.0)
(354.9, 18.8, 262.0)
(355.0, 30.0, 259.6)
(354.9, 37.1, 259.8)
(356.7, 38.4, 261.8)
    
(349.4, 354.7, 267.2)
(352.3, 2.5, 264.4)
(351.3, 10.3, 262.4)
(348.9, 16.3, 261.2)
(349.5, 19.7, 261.6)
(349.5, 19.7, 261.6)
(353.7, 23.4, 264.0)
(356.8, 27.1, 265.3)
(358.5, 32.4, 267.5)
(355.8, 36.9, 265.1)
    
(341.3, 5.6, 262.3)
(341.1, 12.6, 260.4)
(342.7, 19.1, 260.9)
(346.6, 22.9, 262.6)
(346.6, 22.9, 262.6)
(350.9, 25.4, 263.4)
(352.0, 29.3, 262.8)
(351.0, 34.8, 262.2)
(351.0, 41.3, 263.2)
(351.0, 41.3, 263.2)
    
(352.6, 349.1, 267.4)
(355.3, 354.8, 266.4)
(356.0, 0.8, 265.3)
(355.4, 5.5, 264.7)
(353.4, 9.1, 264.5)
(353.4, 9.1, 264.5)
(353.6, 11.7, 264.8)
(355.5, 14.1, 265.4)
(357.3, 17.8, 266.0)
(357.6, 23.3, 266.0)
    
(358.1, 350.9, 273.3)
(355.4, 357.6, 271.0)
(352.2, 4.7, 269.1)
(352.7, 11.6, 268.3)
(356.8, 18.4, 268.5)
(356.8, 18.4, 268.5)
(0.1, 24.6, 268.9)
(0.3, 30.5, 268.3)
(356.6, 34.8, 266.6)
(354.9, 38.0, 266.6)
    
(341.9, 354.0, 271.6)
(343.1, 356.8, 269.9)
(342.6, 358.5, 269.3)
(342.1, 0.6, 269.0)
(342.1, 0.6, 269.0)
(343.3, 3.4, 268.8)
(345.5, 7.7, 268.1)
(347.4, 13.2, 266.8)
(348.0, 17.8, 265.9)
(348.0, 17.8, 265.9)
    
(347.5, 2.5, 269.0)
(347.5, 2.5, 269.0)
(350.0, 6.5, 268.8)
(350.8, 9.6, 267.5)
(348.9, 13.9, 266.0)
(348.4, 19.3, 266.1)
(348.4, 19.3, 266.1)
(352.0, 24.6, 267.6)
(355.5, 29.6, 268.2)
(356.7, 35.0, 268.3)
    
(346.2, 344.0, 272.2)
(345.2, 349.7, 270.1)
(344.8, 354.9, 269.1)
(344.8, 354.9, 269.1)
(347.5, 358.6, 269.0)
(350.9, 3.4, 269.5)
(351.6, 10.5, 269.4)
(349.0, 18.5, 268.9)
(349.0, 18.5, 268.9)
(347.9, 24.3, 269.1)
    
(345.7, 349.8, 279.9)
(345.8, 356.5, 278.3)
(345.8, 1.6, 276.5)
(345.2, 5.9, 275.5)
(344.8, 10.7, 274.8)
(344.8, 10.7, 274.8)
(346.3, 15.9, 275.2)
(348.6, 20.6, 276.1)
(350.4, 24.6, 276.7)
(351.0, 28.0, 276.5)
    
(342.8, 350.0, 276.6)
(342.8, 350.0, 276.6)
(343.9, 356.4, 275.9)
(345.1, 3.1, 275.0)
(346.0, 9.7, 274.2)
(347.0, 15.6, 274.1)
(347.0, 15.6, 274.1)
(347.1, 21.5, 273.9)
(346.3, 27.6, 273.3)
(345.7, 33.6, 272.3)
    
(340.8, 354.5, 277.8)
(342.4, 358.0, 276.3)
(340.7, 1.5, 274.4)
(340.2, 5.3, 273.6)
(340.2, 5.3, 273.6)
(342.2, 10.7, 274.2)
(346.0, 18.7, 274.3)
(349.3, 27.2, 272.3)
(350.0, 34.9, 270.1)
(350.0, 34.9, 270.1)
    
(338.3, 359.3, 268.0)
(338.3, 359.3, 268.0)
(338.1, 3.3, 266.1)
(336.9, 8.1, 264.0)
(336.1, 13.0, 262.3)
(337.5, 17.5, 262.1)
(337.5, 17.5, 262.1)
(341.3, 21.5, 263.2)
(343.6, 24.3, 264.1)
(343.7, 26.6, 264.8)
    
(339.9, 353.6, 271.2)
(341.3, 356.3, 272.4)
(344.3, 1.2, 272.6)
(347.1, 6.3, 271.6)
(347.1, 6.3, 271.6)
(346.8, 11.4, 269.7)
(344.3, 15.8, 268.7)
(342.6, 20.2, 269.0)
(344.7, 24.4, 269.9)
(344.7, 24.4, 269.9)
    
(342.0, 349.8, 275.5)
(344.2, 357.2, 274.6)
(344.2, 357.2, 274.6)
(345.2, 3.8, 273.8)
(345.3, 9.9, 272.2)
(344.2, 14.9, 270.7)
(343.0, 19.0, 270.2)
(343.0, 19.0, 270.2)
(343.4, 22.1, 271.3)
(345.7, 25.6, 272.0)
    
(341.2, 353.7, 273.2)
(341.2, 353.7, 273.2)
(340.0, 0.7, 270.5)
(341.3, 6.2, 269.5)
(344.3, 10.1, 269.9)
(344.3, 10.1, 269.9)
(345.8, 13.7, 270.0)
(345.7, 17.7, 269.2)
(343.7, 23.0, 267.2)
(343.3, 27.7, 266.1)
    
(339.2, 359.7, 272.9)
(341.4, 5.1, 273.7)
(343.0, 10.0, 273.9)
(343.4, 15.6, 272.0)
(343.4, 15.6, 272.0)
(341.5, 20.7, 269.6)
(339.6, 23.8, 268.5)
(340.2, 25.3, 269.3)
(343.1, 27.3, 270.7)
(343.1, 27.3, 270.7)
    
(340.7, 350.6, 275.4)
(342.0, 358.4, 273.7)
(342.0, 358.4, 273.7)
(343.9, 4.7, 272.9)
(344.2, 8.8, 272.3)
(342.0, 11.7, 272.0)
(340.4, 14.9, 271.7)
(340.4, 14.9, 271.7)
(340.4, 18.2, 271.5)
(342.4, 22.0, 271.5)
    
(346.5, 349.0, 272.9)
(348.1, 351.7, 272.4)
(350.6, 356.7, 272.1)
(352.3, 2.0, 271.5)
(352.3, 2.0, 271.5)
(352.6, 7.4, 270.3)
(351.0, 11.8, 269.3)
(349.8, 15.8, 268.9)
(350.2, 20.0, 268.9)
(350.2, 20.0, 268.9)
    
(343.9, 354.2, 277.6)
(345.8, 357.6, 279.8)
(345.1, 2.1, 278.3)
(343.7, 6.0, 274.5)
(343.7, 6.0, 274.5)
(342.5, 8.7, 272.2)
(341.9, 10.8, 272.1)
(343.9, 12.7, 273.3)
(345.7, 15.3, 273.6)
(345.7, 15.3, 273.6)
    
/n
