    
    
    
    
    
    
0.2771066
0.2283373
0
0.227143
0.2784826
0.2127396
0.1710832
0
0.1128624
    
0.2834443
0.2629294
0.2586688
0
0.2235555
0.1906966
0.1740506
0.1655794
0
    
0.3187682
0.3127038
0.3087713
0
0.3050627
0.3115683
0.2554546
0.2244176
0
    
0.4087442
0
0.3326666
0.2940364
0.2658126
0.2266092
0
0.2103323
0.1902016
    
0.2171413
0.1986775
0.1661692
0
0.1386323
0.1390997
0.1247873
0.1208137
0
    
0
0.2474763
0.2409075
0.2288891
0.218678
0
0.2071612
0.1970297
0.207302
    
0.2232699
0
0.1903844
0.1602321
0.1706278
0.1836763
0
0.155405
0.1637875
    
0.2418008
0
0.2362089
0.2201734
0.1960337
0.171999
0
0.1572895
0.1699703
    
0.2027328
0.1798145
0.1920184
0
0.2095549
0.2282138
0.206413
0.1812675
0.1712984
    
0.2341511
0.2330184
0
0.2542558
0.2401571
0.239761
0.2225848
0
0.2070321
    
0.2403147
0.2193709
0.2014067
0
0.1923682
0.1956192
0.2011322
0
0.2090884
    
0.2172974
0.2093019
0.1816868
0
0.1570884
0.1527701
0.1663692
0.1838061
0
    
0.2762311
0.2691709
0.2366058
0.2445668
0.2031994
0
0.2018846
0.1894871
0.1672815
    
0.3328852
0
0.2746859
0.2628734
0.2173792
0.2226962
0
0.1883683
0.185118
    
0.2192304
0.2112809
0.206742
0.1971233
0
0.1793461
0.1499871
0.143003
0.1511696
    
0.2308337
0
0.2159852
0.2501243
0.2091328
0.2154886
0
0.1960137
0.1751331
    
0.2456642
0.2228631
0.2249126
0.2257124
0
0.2313435
0.209871
0.2110576
0.1766787
    
0.2317442
0.2326366
0
0.2230195
0.2141934
0.2139008
0.2191599
0
0.2147515
    
0.1977707
0.2132459
0.1916574
0
0.1881803
0.1784956
0.1688109
0.1638902
0
    
0.1971611
0.1751341
0.1757737
0
0.1602508
0.1500373
0.1436181
0.1531539
0
    
0.2931354
0.2603115
0.2823759
0.2504515
0
0.2384571
0.182588
0.1729948
0.1577847
    
0.2377511
0.2352477
0.2000292
0
0.1820273
0.1670956
0.1583189
0.1589371
0
    
0.2650784
0.2468277
0.2642837
0
0.2198692
0.1819694
0.173639
0.1806127
0
    
0
0.2109335
0.2101685
0.2093155
0
0.2447814
0.2058024
0.1785337
0.1372211
    
0.2843171
0.2510644
0.2822566
0
0.2450392
0.2218609
0.1811374
0.1565062
0
    
0.4087456
0.3775053
0.3940732
0
0.3501303
0.339538
0.2469652
0.1988216
0
    
0.3571904
0.3149699
0.3036442
0
0.2608614
0.2339763
0.2139736
0.2309722
0
    
0.2808675
0.2727143
0.2670378
0
0.2144928
0.2011831
0.2029069
0.1680645
0
    
0.3173011
0
0.2935023
0.3102456
0.248698
0.2403233
0
0.221357
0.1792425
    
0.3184519
0.2629322
0.260661
0.2330636
0
0.2229229
0.1862358
0.1754708
0.1550819
    
0.2589677
0.2438774
0.2491357
0.2428285
0
0.240954
0.1818274
0.1810835
0.1709133
    
0.2036084
0.1943694
0
0.1836701
0.1744626
0.1734928
0.1572795
0
0.1545172
    
0.2519208
0.2384875
0.2420338
0.2040327
0
0.1882926
0.1792052
0.1807805
0.1523643
    
0.2265705
0
0.1954784
0.1754554
0.168477
0.1806249
0
0.1794235
0.190207
    
0
0.2477128
0.2330416
0.2198843
0
0.2125261
0.191883
0.188326
0.1867778
    
0.2998812
0.2634704
0.2644958
0.23044
0
0.2182424
0.1926791
0.1917999
0.1565914
    
0.3348693
0.3147736
0.3110454
0.2750773
0
0.1977291
0.1949215
0.1291771
0.09587733
    
0.2474579
0.2227476
0
0.2052885
0.2003908
0.1832073
0.1829027
0
0.1870426
    
0.2277515
0.2236453
0.2199692
0
0.225192
0.2276783
0.212067
0.2027653
0
    
0.2479819
0
0.2298785
0.2115151
0.2101749
0.1891169
0
0.1921787
0.1603621
    
0.2869471
0.2360065
0.2124707
0.2145255
0
0.1980269
0.205064
0.1961629
0.1856106
    
0.2385274
0.2276069
0.2150833
0
0.1941035
0.1748631
0.1573964
0.1437538
0
    
0.2852794
0
0.2910801
0.2803401
0.2531326
0.2245651
0
0.2098626
0.2145934
    
0.2227905
0.2174593
0.2125586
0.2152083
0
0.2121543
0.2143464
0.2289097
0.2066436
    
0.2864879
0
0.2778727
0.2376781
0.2068534
0.2163528
0
0.2023449
0.182379
    
0.4310881
0.4255052
0
0.3308712
0.3099325
0.2636586
0.2219162
0
0.2105957
    
0.2701714
0.2306173
0.2008737
0.191686
0
0.1624526
0.1526601
0.1465538
0
    
0.3069074
0.2852296
0.2810462
0
0.2602826
0.2199894
0.1856582
0.1588834
0.1405904
    
0
0.3061586
0.3197529
0.2554345
0.2232501
0
0.2169363
0.1865026
0.1851779
    
0.3411504
0
0.3147541
0.2933297
0.2492966
0.2435491
0
0.2269381
0.2131903
    
0
0.2154627
0.2083446
0.2130853
0.2166731
0
0.2308054
0.2268632
0.2142025
    
0.2063077
0
0.1983657
0.196096
0.1835193
0.1659707
0
0.1529089
0.1551161
    
0.3834676
0.3777618
0.3211515
0
0.3260005
0.2620554
0.2433901
0.2346716
0
    
0.2718725
0.2758682
0.2611513
0.2210831
0
0.1871391
0.204017
0.1594957
0.1735733
    
0.2314427
0.2317991
0
0.2282541
0.2314795
0.1778084
0.1510569
0
0.1312006
    
0.2011719
0.1786904
0.1685322
0.1711923
0
0.1519539
0.1437411
0.1241692
0.1061269
    
0.1957192
0
0.1962855
0.2059371
0.1841644
0.2022598
0
0.1799007
0.1981348
    
0.2561481
0.2585185
0
0.2717045
0.2536642
0.2294612
0.2037393
0
0.1761994
    
0.313851
0.3113791
0.2996714
0
0.2609388
0.2177899
0.178535
0
0.1554471
    
0.2517971
0.253347
0.2497603
0
0.2162587
0.1942238
0.1769669
0.1904606
0
    
0.3136678
0.3003732
0.3105961
0.2575632
0
0.2468171
0.2343046
0.2122024
0.1779873
    
0.3128032
0.2803438
0.2787832
0.258141
0
0.257556
0.2155287
0.1701383
0.1547031
    
0.2923266
0.270819
0.2417965
0
0.2222295
0.2024304
0.1987113
0.1787494
0
    
0.2109
0
0.2450688
0.2679544
0.2748787
0.2772599
0
0.2359428
0.2457899
    
0.2559216
0
0.254185
0.2620695
0.2373035
0.2563934
0
0.2332384
0.2017778
    
0.1073275
0.1378059
0.1686628
0
0.1918027
0.1997972
0.2103432
0.2046087
0
    
0.1693835
0.170902
0
0.1823538
0.1833115
0.1903398
0.2021774
0
0.200569
    
0.2752285
0
0.3196437
0.277324
0.2330692
0.2210416
0
0.2376801
0.2201839
    
0.2810628
0.2933932
0
0.2664326
0.2676123
0.2589085
0.2509921
0
0.2526923
    
0.2023011
0.2136388
0
0.2104
0.2150472
0.2103936
0.2016001
0
0.1906324
    
0.3333072
0
0.2734526
0.2277037
0.2081655
0.2038751
0
0.1880669
0.1685804
    
0.1513019
0.128828
0.1280234
0
0.1481165
0.1647713
0.1774079
0
0.2113528
    
0.2569407
0.2355622
0.2217286
0
0.1724574
0.161515
0.1593094
0.1409005
0
    
0.2289835
0
0.2531614
0.2555175
0.2620288
0.2607413
0
0.2680365
0.2606679
    
0.2637599
0.2503192
0.2450182
0.2196326
0
0.1949542
0.198877
0.1756249
0.1731374
    
0.2631646
0.2714028
0.2950384
0.2420784
0
0.2248776
0.2247941
0.1969912
0.1933713
    
0.2477029
0
0.2870001
0.3014701
0.3115519
0.3112235
0.2757099
0
0.2533152
    
0.224758
0
0.2148675
0.2251267
0.2358737
0.2350428
0
0.2041516
0.1999329
    
0.2069613
0.2126108
0.228985
0
0.235714
0.2215962
0.1973889
0.2091991
0
    
0.2498164
0.242934
0
0.2281306
0.2214605
0.2229405
0.2347306
0
0.2206511
    
0.3205867
0.2934617
0
0.2908514
0.2683245
0.248873
0.238686
0
0.2257694
    
0.3309255
0.3512464
0.3624214
0.3103359
0
0.2608368
0.2393048
0.2162011
0.1976669
    
0
0.171765
0.1828533
0.1964067
0
0.2190429
0.2078544
0.1851701
0.1628014
    
0.1724872
0.1835134
0
0.1936259
0.19957
0.1971633
0.1997303
0
0.1674482
    
0.1510443
0.1629453
0.1776994
0.1841569
0
0.1886173
0.1692363
0.154783
0.1451313
    
0.1949952
0
0.2078196
0.2276661
0.2232928
0.213687
0
0.199696
0.2043665
    
0.1825555
0.1995811
0
0.2180452
0.2218924
0.2270118
0.2175257
0
0.2315192
    
0.273422
0.2391515
0.2389957
0.2403473
0
0.2485359
0.2158909
0.2183812
0.1761273
    
0.1834442
0
0.2135231
0.1997575
0.2077273
0.2080406
0
0.1755589
0.1657856
    
0.1661638
0
0.1620952
0.1643941
0.178868
0.1728752
0
0.1672378
0.1804167
    
0
0.2494843
0.2829317
0.2900726
0.2765061
0
0.2388327
0.2209548
0.1736514
    
/n
0.2788498
0.2868737
0.2735127
0
0.2524408
0.2357648
0.2048614
0.2112741
0
    
0.2233067
0.2029128
0.1842624
0
0.1699207
0.172957
0.1658594
0
0.1805983
    
0.2849971
0.2623945
0.241342
0.1781227
0
0.1717628
0.1770869
0.1512702
0.1551202
    
0.1897665
0.1911195
0.2006247
0
0.2056963
0.1984894
0.1919915
0.1929324
0
    
0.1947632
0.1934053
0
0.1881224
0.1777247
0.1531318
0.147755
0
0.1606327
    
0.1964947
0.1756269
0
0.1974998
0.1592089
0.1646864
0.1333425
0
0.1227643
    
0.162485
0.1776099
0.1886378
0
0.1879253
0.1765484
0.1806556
0.1697562
0
    
0.1900385
0.1999988
0
0.2050141
0.2064848
0.1883217
0.1968292
0
0.1751077
    
0.1941899
0.1970256
0
0.2149773
0.2063558
0.2143483
0.1977067
0
0.2040583
    
0.1660071
0
0.1614977
0.1620387
0.1556655
0.1493148
0
0.1343413
0.1426721
    
0.20644
0.2088964
0.204612
0
0.2247507
0.1976616
0.1958111
0.177053
0
    
0.2309671
0.2440183
0
0.2407958
0.2262937
0.210364
0.2021146
0
0.1990613
    
0
0.1731144
0.1859146
0.1747089
0
0.1803283
0.1794837
0.1793796
0.1635512
    
0.2320304
0.2282652
0.2173602
0
0.2108843
0.198861
0.1859458
0
0.1781962
    
0.1724835
0
0.1679063
0.1686297
0.1725559
0.1850106
0
0.1609098
0.1591712
    
0.1932463
0.2008609
0.2009615
0
0.1960283
0.1841164
0.1719863
0.161817
0
    
0.2190406
0.201809
0
0.1906878
0.1823555
0.183048
0.1882968
0
0.1912948
    
0.2015929
0
0.1865505
0.1846982
0.191173
0.1878497
0
0.201112
0.1812557
    
0.2156792
0.2180439
0.2096627
0
0.1913766
0.189361
0.1772741
0
0.1832554
    
0.1890155
0.1912948
0
0.1754213
0.1749889
0.1763446
0.1618155
0
0.1646805
    
0.2100828
0
0.2090711
0.2079391
0.2111764
0.2194041
0
0.2007535
0.2053421
    
0.1979567
0.1992911
0.2023233
0.205032
0
0.203578
0.2040193
0.1793143
0.187949
    
0.2035059
0.1916012
0
0.1900745
0.1874671
0.1962128
0.1871803
0
0.1893131
    
0.2083893
0.1995296
0.2031822
0
0.1874178
0.1853196
0.1751931
0.1636586
0
    
0.1883977
0.1880967
0.1872668
0.1783323
0
0.1846886
0.1688631
0.1685983
0.1652447
    
0.2154011
0.2186963
0.2107529
0
0.1975512
0.2032609
0.1845634
0
0.1899838
    
0.2083478
0.2041298
0
0.1966536
0.2027047
0.1906244
0.1843724
0
0.1766517
    
0
0.2468739
0.2590261
0.2374361
0.2370441
0
0.2276496
0.2084707
0.1957792
    
0.197384
0.2027492
0.1825664
0
0.1792135
0.1641008
0.1673079
0.1693216
0
    
0.1616598
0
0.1572767
0.1630919
0.1628494
0.1693051
0
0.1717412
0.1751027
    
0
0.1675819
0.1624984
0.1583398
0.157641
0
0.1577723
0.1570092
0.1528075
    
0.2188182
0.2179417
0.2005254
0
0.1899028
0.1699472
0.1644135
0.157473
0
    
0.228111
0
0.225166
0.2137785
0.1972618
0.1816078
0
0.1865287
0.1599876
    
0.1930584
0.1831665
0.1699024
0
0.1600048
0.1549556
0.1514455
0.1443703
0
    
0.2023379
0.2106667
0.2179442
0
0.2164654
0.2085076
0.1996205
0.1958774
0
    
0.1888604
0.181108
0
0.1897127
0.1715427
0.1734462
0.1666909
0
0.159862
    
0.1870032
0
0.1929149
0.1879394
0.1912913
0.1733798
0
0.1765151
0.1543474
    
0.1731377
0.179217
0.18333
0
0.1856137
0.1780473
0.1887514
0.1586218
0
    
0.1884754
0.1676451
0.1652647
0
0.1715005
0.1830834
0.1831556
0
0.1717908
    
0
0.2325496
0.2215504
0.2306884
0.1873861
0
0.1779302
0.1728297
0.2016594
    
0.177402
0.1768805
0.1803675
0
0.1661722
0.1740105
0.1551662
0.1539188
0
    
0.2115859
0.2067706
0
0.2044474
0.2020229
0.197204
0.2097441
0
0.1885723
    
0.2010879
0
0.172308
0.1614933
0.1472516
0.1408599
0
0.1388502
0.1385522
    
0.1594321
0.1573972
0
0.1618413
0.1597857
0.1520455
0.1412959
0
0.1355737
    
0.2395363
0.236823
0
0.2241432
0.2440191
0.1920787
0.1988134
0
0.1675502
    
0
0.1851961
0.1877847
0.1908708
0.1884003
0.1766186
0
0.1529776
0.1529008
    
0.2213609
0.2127462
0.2158312
0
0.2032437
0.1883662
0.1598902
0.158786
0
    
0.2538908
0
0.248577
0.2368618
0.235681
0.2071459
0
0.1682503
0.1471741
    
0.1734031
0.1568222
0
0.1530004
0.1589153
0.1605675
0
0.1561696
0.1461696
    
0.1701657
0.166831
0.1653845
0
0.1694623
0.1660644
0.1549159
0.1434668
0
    
0.1723666
0.1780613
0
0.1853874
0.1936876
0.1937172
0.1853948
0
0.1706864
    
0.2419708
0.2225926
0
0.2284919
0.1924043
0.1663968
0
0.1709558
0.1638958
    
0.1606725
0.1566794
0.1575442
0.1552317
0
0.1438771
0.1508267
0.1396746
0.1468248
    
0.1553692
0.1521713
0.1557378
0.167263
0
0.179223
0.1543543
0.141067
0.132245
    
0.1556304
0.158771
0
0.162195
0.1627308
0.1776505
0
0.1694656
0.1712433
    
0.1780389
0
0.1728335
0.1780839
0.1668493
0.1610942
0
0.171058
0.1437755
    
0.195235
0.1996312
0.2000421
0
0.1961743
0.1803077
0.1601525
0.1502387
0
    
0
0.1977822
0.2015512
0.2013212
0.1956861
0
0.1855182
0.1706293
0.1576519
    
0.3216742
0.3188099
0.3357967
0
0.2731694
0.2542639
0.2203056
0.199122
0
    
0.2443816
0.2429592
0.2169285
0
0.2083677
0.1877049
0.1740626
0.1740159
0
    
0.1856145
0.1942906
0
0.1799593
0.1789844
0.1922474
0.1813975
0
0.1899763
    
0.17007
0.1746709
0.1841474
0.1719663
0
0.1712578
0.165947
0.1667335
0.1711895
    
0.1961011
0.1878198
0.1817801
0.1856644
0
0.1667902
0.1696204
0.1704184
0.161835
    
0.1887988
0.1986818
0
0.2006324
0.2039649
0.2033644
0.1957463
0
0.184089
    
0.1940573
0
0.195062
0.1923098
0.1891126
0.1811341
0
0.1666599
0.1704494
    
0.14302
0.1347172
0
0.1461281
0.1662588
0.1582837
0.1539035
0
0.1606237
    
0.2202321
0.2022686
0
0.1959101
0.1743547
0.1677815
0.1613102
0
0.1607926
    
0
0.2098761
0.21855
0.2009378
0.1829856
0
0.1788273
0.172347
0.1842541
    
0.1618117
0.1675396
0.1662547
0
0.160664
0.1593968
0.1614258
0.1603555
0
    
0.1626278
0.1743392
0
0.1713112
0.1805422
0.1621194
0.1572556
0
0.1539978
    
0.2084894
0
0.1955054
0.1781657
0.1875236
0.1692999
0
0.1704797
0.1391525
    
0.1763497
0.1734956
0
0.178594
0.1957996
0.1743013
0.1746214
0
0.1666489
    
0.2007017
0
0.2003886
0.1858108
0.1914652
0.1897964
0
0.190661
0.1757687
    
0.1657527
0
0.169025
0.1725609
0.1742073
0.1671439
0
0.1728628
0.1546137
    
0.1621052
0.167709
0.1630868
0.1627966
0
0.1554789
0.1574135
0.147834
0
    
0.1677763
0.1706283
0
0.1756826
0.1830569
0.1900443
0.1879608
0
0.1774874
    
0.1647786
0.1680404
0
0.1790808
0.1703747
0.1783237
0.1799871
0
0.1721153
    
0.2137217
0.2055163
0.2066091
0
0.2008427
0.1943104
0.1829119
0.17217
0
    
0.1659121
0.1636246
0
0.1677542
0.1588043
0.1596466
0.160428
0
0.148617
    
0.1704874
0
0.1731045
0.176686
0.1828268
0.1790811
0
0.1724137
0.1628285
    
0.1545335
0.1522739
0.1545932
0
0.1665957
0.1715917
0.1897825
0.1853541
0
    
0.173557
0.1813496
0
0.1715093
0.1653986
0.1544114
0.1589504
0
0.1480286
    
0
0.1814694
0.1909389
0.1814298
0
0.1874577
0.1739848
0.1782171
0.1755728
    
0.1452199
0
0.1500568
0.1516179
0.1471404
0.1430778
0
0.1428466
0.1468421
    
0.2243281
0.2001829
0
0.1979174
0.1710393
0.1712069
0
0.1543176
0.1441878
    
0
0.1680533
0.1706262
0.1814012
0.1727119
0
0.1748058
0.1825089
0.185414
    
0.1772832
0.1800487
0
0.197353
0.212617
0.2089688
0.1848941
0
0.1683855
    
0.1710987
0.1694772
0
0.1797857
0.1828889
0.1740783
0.1660411
0
0.1469599
    
0
0.1747453
0.1680267
0.1686285
0.1668961
0
0.176158
0.1567208
0.1456649
    
0.1896238
0.1928533
0.1900755
0
0.1862762
0.1823332
0.1747683
0.1673059
0
    
0.154852
0.1548626
0
0.1594966
0.1579839
0.1550791
0.1526479
0
0.141754
    
0.2408631
0.2442302
0
0.2131964
0.1716457
0.1958633
0.1764023
0
0.1779541
    
0.1307907
0.1466134
0.159125
0
0.1643628
0.1656759
0.1602012
0.1619842
0
    
0.1782904
0.1839617
0
0.1882174
0.181405
0.1604356
0.153137
0
0.1392747
    
0.1512658
0.1467832
0
0.1559167
0.1524984
0.1582941
0.1633902
0
0.1540013
    
0
0.1675983
0.175755
0.1632623
0.1521628
0
0.1450073
0.148701
0.149237
    
0.2060873
0.187261
0.1584687
0
0.1361693
0.137438
0.1345102
0.1491283
0
    
0
0.1363978
0.1273891
0.1277907
0.1307479
0
0.1296721
0.1276271
0.123591
    
0
0.2070851
0.1915888
0.1888927
0
0.1741895
0.1625265
0.1446612
0.1590926
    
0.3157791
0
0.2688538
0.2505874
0.2430041
0.2298294
0
0.1897519
0.1682798
    
/n
