    
    
    
    
    
    
(328.8, 153.1, 95.8)
(338.0, 162.2, 99.0)
(336.6, 169.3, 99.2)
(336.6, 169.3, 99.2)
(330.6, 173.0, 101.2)
(317.3, 170.9, 112.7)
(317.1, 173.0, 122.8)
(327.1, 182.7, 126.7)
(327.1, 182.7, 126.7)
(334.1, 190.2, 124.5)
    
(341.7, 153.1, 107.5)
(344.8, 160.1, 113.1)
(345.8, 170.6, 117.4)
(344.0, 180.6, 119.7)
(344.0, 180.6, 119.7)
(342.7, 187.4, 121.2)
(340.1, 190.4, 123.1)
(336.1, 192.6, 124.8)
(331.7, 195.7, 126.9)
(331.7, 195.7, 126.9)
    
(327.8, 152.9, 76.8)
(326.9, 152.3, 87.6)
(329.9, 155.4, 97.3)
(335.0, 162.5, 104.8)
(335.0, 162.5, 104.8)
(338.3, 172.4, 110.3)
(335.3, 181.5, 115.1)
(329.6, 187.2, 118.6)
(323.5, 191.0, 121.0)
(323.5, 191.0, 121.0)
    
(300.8, 183.6, 70.3)
(304.3, 189.3, 78.6)
(304.3, 189.3, 78.6)
(305.7, 191.0, 86.5)
(306.1, 192.4, 93.1)
(308.3, 197.3, 96.1)
(309.1, 202.5, 97.7)
(309.1, 202.5, 97.7)
(307.2, 203.6, 101.6)
(303.3, 200.2, 109.0)
    
(342.5, 170.2, 81.0)
(342.3, 177.0, 84.4)
(340.6, 182.2, 88.0)
(336.2, 183.9, 90.7)
(336.2, 183.9, 90.7)
(331.9, 183.7, 93.4)
(328.1, 181.8, 97.5)
(329.7, 184.0, 100.0)
(332.5, 187.9, 101.6)
(332.5, 187.9, 101.6)
    
(324.0, 164.8, 77.7)
(324.0, 164.8, 77.7)
(324.9, 162.2, 85.7)
(328.1, 163.3, 92.2)
(330.4, 167.0, 96.4)
(330.0, 170.6, 99.9)
(330.0, 170.6, 99.9)
(328.6, 173.9, 102.4)
(327.0, 177.8, 105.0)
(325.0, 182.4, 107.6)
    
(339.4, 177.6, 91.0)
(337.7, 180.8, 95.5)
(337.7, 180.8, 95.5)
(332.0, 180.3, 97.0)
(329.6, 182.5, 97.5)
(328.0, 186.7, 97.9)
(326.2, 192.2, 100.0)
(326.2, 192.2, 100.0)
(324.9, 196.6, 102.3)
(324.3, 201.2, 104.5)
    
(320.3, 183.0, 70.1)
(313.9, 182.2, 76.1)
(313.9, 182.2, 76.1)
(314.8, 182.2, 83.3)
(316.9, 184.7, 88.4)
(315.4, 185.9, 92.7)
(313.3, 185.8, 95.7)
(313.3, 185.8, 95.7)
(310.6, 185.9, 98.8)
(308.7, 187.9, 102.2)
    
(338.3, 167.8, 87.2)
(344.8, 170.7, 85.6)
(349.1, 172.0, 87.0)
(349.7, 174.3, 88.6)
(349.7, 174.3, 88.6)
(347.4, 178.9, 91.5)
(343.4, 183.6, 94.3)
(334.8, 184.1, 96.3)
(323.4, 179.2, 100.5)
(312.3, 169.2, 107.8)
    
(318.4, 178.1, 83.3)
(310.0, 173.5, 86.4)
(309.1, 173.1, 91.4)
(309.1, 173.1, 91.4)
(317.1, 179.7, 93.3)
(318.2, 186.6, 94.5)
(314.6, 191.6, 96.5)
(308.8, 193.4, 99.6)
(308.8, 193.4, 99.6)
(305.0, 193.7, 103.8)
    
(13.3, 184.4, 96.5)
(12.2, 190.3, 98.4)
(7.3, 192.9, 97.4)
(0.4, 193.0, 95.4)
(0.4, 193.0, 95.4)
(353.1, 191.9, 93.7)
(349.7, 192.3, 93.4)
(348.2, 194.0, 95.3)
(348.2, 194.0, 95.3)
(348.4, 197.8, 97.6)
    
(353.6, 179.0, 91.6)
(353.4, 185.6, 94.0)
(354.1, 191.8, 94.9)
(353.8, 194.6, 93.5)
(353.8, 194.6, 93.5)
(348.8, 193.9, 91.4)
(345.9, 192.6, 91.1)
(344.3, 192.9, 91.9)
(341.8, 195.6, 92.3)
(341.8, 195.6, 92.3)
    
(325.6, 164.8, 86.3)
(328.6, 167.7, 93.5)
(329.2, 173.9, 100.1)
(331.8, 180.9, 103.3)
(331.3, 188.3, 106.8)
(329.0, 193.6, 108.9)
(329.0, 193.6, 108.9)
(327.1, 200.2, 109.9)
(324.7, 206.9, 110.3)
(322.1, 211.9, 110.9)
    
(349.7, 176.4, 93.5)
(339.3, 185.4, 96.7)
(339.3, 185.4, 96.7)
(334.3, 191.5, 100.3)
(335.6, 198.0, 103.2)
(335.7, 204.9, 104.2)
(335.4, 213.6, 103.9)
(335.4, 213.6, 103.9)
(334.3, 221.0, 102.5)
(331.7, 227.1, 100.4)
    
(350.3, 175.1, 84.2)
(345.6, 177.4, 88.3)
(344.0, 180.0, 92.8)
(343.8, 184.3, 96.8)
(343.6, 189.5, 99.6)
(343.6, 189.5, 99.6)
(341.9, 193.1, 100.5)
(337.7, 194.6, 101.7)
(333.6, 196.0, 103.4)
(332.1, 199.5, 104.8)
    
(342.3, 172.5, 82.8)
(341.7, 174.1, 86.6)
(341.7, 174.1, 86.6)
(342.2, 178.6, 90.6)
(343.7, 185.4, 94.4)
(341.2, 191.5, 97.0)
(337.8, 197.5, 99.5)
(337.8, 197.5, 99.5)
(335.6, 203.2, 100.7)
(333.2, 207.7, 101.0)
    
(346.8, 180.2, 73.6)
(336.1, 181.5, 73.5)
(329.0, 181.4, 75.5)
(325.5, 180.7, 79.2)
(324.7, 181.4, 84.1)
(324.7, 181.4, 84.1)
(323.9, 183.5, 88.9)
(322.8, 186.9, 92.1)
(320.2, 189.8, 95.0)
(317.6, 191.1, 97.5)
    
(341.5, 178.3, 79.5)
(337.3, 179.1, 84.5)
(336.1, 180.3, 89.4)
(336.1, 180.3, 89.4)
(333.7, 180.9, 93.6)
(332.2, 182.4, 96.3)
(333.9, 185.4, 98.9)
(332.5, 189.4, 101.6)
(332.5, 189.4, 101.6)
(330.2, 193.8, 103.5)
    
(353.6, 168.5, 80.5)
(352.5, 173.0, 83.0)
(351.3, 178.7, 84.9)
(347.3, 182.9, 85.8)
(347.3, 182.9, 85.8)
(337.9, 183.7, 87.4)
(328.7, 182.1, 92.8)
(327.6, 183.3, 96.6)
(331.4, 188.8, 97.1)
(331.4, 188.8, 97.1)
    
(356.6, 182.6, 87.3)
(356.7, 184.6, 89.9)
(358.8, 188.4, 91.8)
(0.9, 191.9, 93.3)
(0.9, 191.9, 93.3)
(359.7, 194.6, 92.9)
(356.3, 196.4, 92.6)
(353.6, 198.9, 93.0)
(353.0, 203.0, 93.9)
(353.0, 203.0, 93.9)
    
(21.4, 173.1, 87.1)
(10.8, 177.3, 87.6)
(358.6, 180.4, 90.4)
(348.8, 184.2, 96.5)
(350.3, 192.3, 100.9)
(350.3, 192.3, 100.9)
(358.0, 202.0, 103.8)
(0.7, 207.0, 102.2)
(358.0, 209.9, 99.5)
(350.3, 211.4, 97.7)
    
(357.1, 182.4, 88.3)
(348.0, 184.3, 91.2)
(342.8, 186.6, 95.1)
(342.7, 190.0, 97.9)
(342.7, 190.0, 97.9)
(344.1, 193.3, 98.8)
(343.4, 196.4, 98.8)
(339.4, 198.0, 100.0)
(334.8, 199.9, 102.6)
(334.8, 199.9, 102.6)
    
(354.2, 167.5, 92.7)
(353.6, 175.6, 98.7)
(350.6, 183.4, 102.5)
(347.8, 192.9, 105.9)
(347.8, 192.9, 105.9)
(343.8, 197.8, 107.9)
(338.7, 199.8, 109.1)
(334.2, 201.6, 110.6)
(330.1, 206.2, 112.4)
(330.1, 206.2, 112.4)
    
(344.1, 181.0, 91.0)
(344.1, 181.0, 91.0)
(337.4, 181.3, 93.9)
(331.5, 179.8, 98.5)
(328.8, 182.9, 102.9)
(328.8, 182.9, 102.9)
(328.5, 191.9, 106.5)
(327.3, 200.8, 107.5)
(325.5, 206.1, 108.0)
(320.6, 203.4, 110.8)
    
(354.3, 173.0, 76.7)
(345.9, 176.6, 80.2)
(332.4, 175.7, 86.2)
(328.9, 177.2, 93.4)
(328.9, 177.2, 93.4)
(333.8, 186.4, 94.4)
(335.4, 195.3, 93.6)
(333.5, 200.0, 93.3)
(330.2, 201.5, 94.6)
(330.2, 201.5, 94.6)
    
(356.9, 158.9, 86.0)
(356.6, 171.7, 92.7)
(353.8, 184.8, 98.3)
(347.7, 197.1, 102.1)
(347.7, 197.1, 102.1)
(340.2, 207.8, 102.9)
(329.0, 218.0, 102.9)
(322.7, 225.4, 100.4)
(321.5, 231.0, 97.5)
(321.5, 231.0, 97.5)
    
(336.9, 164.7, 84.8)
(351.5, 177.2, 89.8)
(358.4, 189.1, 94.1)
(355.8, 198.2, 94.3)
(355.8, 198.2, 94.3)
(349.5, 203.3, 94.0)
(344.0, 206.3, 94.5)
(340.2, 210.1, 94.8)
(337.1, 216.8, 94.1)
(337.1, 216.8, 94.1)
    
(348.2, 169.2, 118.0)
(345.6, 178.6, 122.5)
(341.0, 186.2, 124.1)
(335.6, 193.9, 123.3)
(335.6, 193.9, 123.3)
(332.3, 200.0, 120.8)
(328.5, 205.0, 119.3)
(327.6, 215.0, 115.6)
(327.1, 224.0, 112.1)
(327.1, 224.0, 112.1)
    
(6.0, 185.3, 112.0)
(3.9, 197.4, 113.1)
(3.9, 197.4, 113.1)
(357.2, 205.7, 108.8)
(345.1, 213.0, 101.6)
(333.6, 218.7, 97.6)
(325.4, 225.8, 96.2)
(325.4, 225.8, 96.2)
(326.0, 236.4, 95.9)
(332.8, 246.6, 96.0)
    
(355.5, 181.6, 95.2)
(357.4, 189.9, 97.5)
(352.9, 194.4, 99.2)
(351.3, 200.7, 99.4)
(350.6, 207.4, 98.7)
(350.6, 207.4, 98.7)
(350.0, 212.7, 98.4)
(347.5, 215.6, 96.9)
(344.6, 219.1, 94.8)
(343.6, 223.1, 93.2)
    
(358.7, 185.9, 92.2)
(342.0, 180.7, 94.9)
(337.1, 176.9, 101.2)
(344.7, 185.7, 104.1)
(351.0, 198.2, 105.4)
(351.0, 198.2, 105.4)
(348.7, 206.8, 106.5)
(345.4, 211.9, 105.9)
(342.6, 216.7, 105.8)
(339.5, 220.9, 105.7)
    
(11.5, 190.8, 117.8)
(8.3, 191.8, 116.9)
(1.5, 190.6, 113.4)
(1.5, 190.6, 113.4)
(352.4, 188.4, 111.3)
(346.1, 187.5, 111.0)
(345.7, 189.9, 111.3)
(349.1, 194.1, 112.0)
(349.1, 194.1, 112.0)
(351.0, 197.5, 113.7)
    
(344.2, 164.7, 90.5)
(341.6, 164.0, 98.4)
(348.4, 171.6, 105.0)
(352.3, 180.9, 109.6)
(347.7, 185.0, 110.2)
(347.7, 185.0, 110.2)
(340.2, 186.2, 111.6)
(336.0, 189.6, 114.2)
(336.2, 196.0, 115.7)
(338.7, 203.2, 114.7)
    
(357.9, 176.7, 92.9)
(356.3, 182.8, 95.8)
(356.3, 182.8, 95.8)
(352.7, 184.9, 97.1)
(347.7, 183.9, 98.8)
(343.8, 183.3, 101.2)
(342.9, 184.7, 104.0)
(342.9, 184.7, 104.0)
(343.3, 189.6, 105.8)
(342.6, 195.7, 107.1)
    
(350.8, 177.9, 94.5)
(350.8, 177.9, 94.5)
(348.4, 181.7, 99.0)
(346.0, 185.3, 103.1)
(344.7, 189.8, 106.0)
(344.7, 189.8, 106.0)
(344.5, 194.0, 107.5)
(341.5, 197.2, 107.8)
(336.9, 200.0, 107.9)
(333.3, 203.7, 108.2)
    
(342.9, 176.9, 96.2)
(343.8, 182.0, 100.3)
(347.7, 189.6, 103.2)
(349.1, 197.9, 106.2)
(347.4, 204.5, 107.4)
(347.4, 204.5, 107.4)
(341.3, 210.2, 106.5)
(336.2, 215.2, 105.7)
(330.1, 219.5, 105.5)
(328.8, 224.1, 105.1)
    
(12.9, 175.4, 113.2)
(12.9, 192.5, 119.1)
(11.9, 206.9, 118.0)
(5.5, 215.2, 110.2)
(346.0, 215.5, 101.9)
(346.0, 215.5, 101.9)
(334.4, 216.3, 101.9)
(336.9, 223.0, 103.2)
(348.5, 230.3, 103.7)
(1.3, 234.5, 105.2)
    
(353.7, 182.0, 93.1)
(351.6, 188.2, 94.4)
(346.6, 190.7, 93.9)
(346.6, 190.7, 93.9)
(340.5, 191.0, 94.5)
(334.0, 189.3, 97.6)
(333.6, 191.2, 99.8)
(336.5, 195.6, 100.8)
(336.5, 195.6, 100.8)
(338.7, 201.4, 101.6)
    
(356.5, 174.5, 87.5)
(354.9, 178.6, 91.7)
(355.0, 182.6, 95.6)
(353.8, 186.7, 98.8)
(353.8, 186.7, 98.8)
(350.5, 191.7, 101.7)
(346.4, 197.3, 104.0)
(342.4, 202.8, 105.2)
(339.0, 207.7, 105.4)
(339.0, 207.7, 105.4)
    
(351.8, 179.4, 99.0)
(352.4, 185.6, 104.0)
(352.4, 185.6, 104.0)
(347.6, 190.3, 107.3)
(340.7, 192.1, 110.2)
(336.2, 196.4, 112.7)
(334.5, 202.4, 113.7)
(334.5, 202.4, 113.7)
(334.9, 210.5, 113.1)
(333.4, 216.3, 112.0)
    
(346.7, 171.2, 86.2)
(344.8, 174.5, 92.5)
(345.1, 178.1, 95.7)
(342.9, 180.6, 97.8)
(340.0, 182.8, 100.8)
(340.0, 182.8, 100.8)
(337.8, 186.2, 103.6)
(335.6, 191.3, 106.2)
(333.8, 197.3, 107.6)
(332.5, 203.2, 107.0)
    
(345.1, 175.7, 97.2)
(345.1, 179.3, 101.2)
(347.3, 186.0, 104.0)
(348.5, 193.6, 105.7)
(348.5, 193.6, 105.7)
(346.1, 199.0, 105.8)
(342.4, 202.7, 105.4)
(338.6, 205.2, 104.8)
(335.0, 206.7, 104.0)
(335.0, 206.7, 104.0)
    
(5.8, 176.5, 98.5)
(1.7, 183.9, 101.4)
(1.7, 183.9, 101.4)
(359.5, 193.2, 102.7)
(357.8, 201.9, 102.3)
(357.3, 208.0, 101.0)
(354.7, 210.9, 100.2)
(354.7, 210.9, 100.2)
(352.1, 213.3, 99.6)
(349.2, 217.5, 99.1)
    
(3.0, 183.0, 90.9)
(1.8, 185.4, 90.6)
(357.3, 187.7, 91.1)
(353.9, 189.9, 93.0)
(351.4, 192.3, 96.0)
(351.4, 192.3, 96.0)
(349.7, 196.9, 98.1)
(347.6, 202.8, 98.8)
(345.6, 210.1, 97.5)
(342.1, 216.3, 95.1)
    
(358.6, 177.0, 90.5)
(353.8, 183.8, 93.9)
(353.8, 183.8, 93.9)
(352.5, 189.1, 98.0)
(351.3, 193.4, 101.6)
(349.6, 196.9, 104.0)
(345.4, 201.5, 106.2)
(345.4, 201.5, 106.2)
(341.8, 207.1, 106.7)
(339.3, 212.9, 106.5)
    
(12.6, 164.9, 94.2)
(10.2, 182.7, 97.1)
(358.1, 195.6, 99.1)
(358.1, 195.6, 99.1)
(349.4, 203.8, 100.5)
(347.9, 213.1, 100.5)
(351.4, 220.9, 98.4)
(351.0, 225.3, 95.8)
(351.0, 225.3, 95.8)
(343.2, 226.2, 93.9)
    
(335.7, 183.8, 93.2)
(334.7, 190.6, 99.1)
(333.5, 195.7, 103.9)
(333.4, 201.4, 105.8)
(334.1, 208.7, 105.5)
(334.1, 208.7, 105.5)
(332.6, 213.8, 105.0)
(328.9, 217.1, 104.3)
(325.1, 220.7, 103.4)
(325.1, 220.7, 103.4)
    
(359.5, 171.7, 85.9)
(357.8, 178.2, 89.9)
(351.5, 183.6, 91.3)
(345.9, 190.0, 94.7)
(345.9, 190.0, 94.7)
(343.0, 197.0, 98.0)
(342.9, 202.7, 100.5)
(341.6, 206.8, 102.0)
(338.7, 209.5, 102.2)
(335.1, 211.4, 101.5)
    
(355.2, 171.7, 84.9)
(355.2, 171.7, 84.9)
(350.3, 181.4, 88.6)
(340.2, 189.5, 90.5)
(334.0, 194.1, 94.4)
(331.0, 196.7, 98.3)
(331.0, 196.7, 98.3)
(330.1, 199.6, 102.5)
(330.3, 205.2, 103.4)
(331.4, 212.5, 102.2)
    
(337.7, 176.3, 84.6)
(331.0, 179.6, 93.0)
(331.0, 179.6, 93.0)
(331.8, 183.1, 100.1)
(332.7, 189.8, 102.7)
(327.9, 195.6, 103.7)
(322.0, 200.4, 106.2)
(322.0, 200.4, 106.2)
(319.1, 206.3, 108.7)
(321.0, 214.7, 109.3)
    
(5.5, 190.8, 98.5)
(5.5, 190.8, 98.5)
(0.1, 194.5, 98.9)
(355.7, 196.2, 101.0)
(355.8, 198.6, 103.9)
(355.6, 203.9, 104.8)
(355.6, 203.9, 104.8)
(351.4, 209.8, 103.4)
(343.8, 215.0, 99.7)
(335.0, 219.2, 97.2)
    
(6.3, 172.9, 92.3)
(4.9, 178.1, 95.1)
(4.9, 178.1, 95.1)
(2.3, 183.5, 96.8)
(358.9, 188.3, 97.5)
(355.6, 192.1, 97.9)
(354.1, 194.8, 97.0)
(354.1, 194.8, 97.0)
(352.1, 197.1, 96.0)
(348.3, 198.9, 95.7)
    
(353.0, 155.4, 81.6)
(352.2, 166.6, 86.9)
(349.2, 176.1, 91.1)
(344.3, 183.5, 93.5)
(344.3, 183.5, 93.5)
(336.7, 189.3, 96.7)
(332.6, 194.6, 98.1)
(330.6, 200.6, 98.7)
(331.0, 209.1, 97.7)
(331.0, 209.1, 97.7)
    
(358.3, 176.7, 90.7)
(352.9, 186.7, 94.1)
(348.3, 196.0, 98.5)
(348.8, 206.1, 102.5)
(351.1, 213.3, 104.1)
(351.1, 213.3, 104.1)
(347.2, 215.6, 101.0)
(339.4, 219.6, 95.3)
(336.7, 225.1, 90.9)
(337.5, 231.7, 87.5)
    
(15.1, 181.5, 85.7)
(11.6, 186.7, 88.7)
(4.9, 191.3, 90.5)
(4.9, 191.3, 90.5)
(359.7, 196.6, 92.7)
(359.9, 204.6, 93.7)
(359.1, 209.8, 94.0)
(353.5, 211.7, 93.4)
(353.5, 211.7, 93.4)
(347.1, 212.9, 91.7)
    
(10.4, 183.4, 78.8)
(8.5, 187.0, 81.1)
(5.2, 189.3, 81.7)
(358.6, 192.1, 82.5)
(352.4, 196.0, 83.7)
(352.4, 196.0, 83.7)
(351.9, 200.9, 85.1)
(354.6, 206.0, 86.1)
(355.4, 210.2, 86.7)
(355.0, 213.5, 87.1)
    
(1.2, 173.2, 83.0)
(0.4, 177.2, 82.4)
(0.4, 177.2, 82.4)
(359.5, 181.6, 82.3)
(356.1, 185.9, 83.4)
(353.0, 189.2, 84.2)
(349.6, 192.9, 84.9)
(349.6, 192.9, 84.9)
(347.3, 198.6, 83.6)
(345.9, 206.3, 81.2)
    
(18.2, 166.3, 83.3)
(13.9, 171.5, 86.6)
(8.9, 176.4, 87.8)
(8.9, 176.4, 87.8)
(4.3, 183.5, 87.9)
(357.0, 190.4, 88.7)
(351.4, 196.0, 89.0)
(347.9, 200.5, 89.4)
(347.9, 200.5, 89.4)
(347.2, 204.5, 89.8)
    
(10.8, 175.9, 91.6)
(3.6, 182.0, 95.1)
(358.1, 189.8, 98.8)
(352.3, 198.3, 102.5)
(352.3, 198.3, 102.5)
(349.8, 205.8, 103.8)
(347.8, 210.7, 103.5)
(343.2, 212.2, 103.0)
(343.2, 212.2, 103.0)
(337.5, 213.1, 102.9)
    
(6.4, 174.3, 90.3)
(4.3, 181.4, 93.5)
(2.4, 189.7, 95.9)
(1.7, 197.7, 95.9)
(1.7, 197.7, 95.9)
(358.8, 201.6, 92.3)
(352.2, 202.8, 87.0)
(348.5, 205.5, 84.2)
(347.5, 211.0, 83.9)
(347.5, 211.0, 83.9)
    
(358.1, 167.1, 94.5)
(2.3, 179.8, 99.6)
(1.3, 191.0, 104.3)
(357.4, 200.5, 107.7)
(353.5, 207.3, 106.3)
(353.5, 207.3, 106.3)
(349.6, 212.8, 102.6)
(347.8, 219.7, 94.7)
(346.1, 226.6, 89.2)
(345.9, 230.9, 85.2)
    
(8.9, 177.9, 79.9)
(11.0, 189.5, 84.2)
(5.7, 196.7, 82.9)
(355.8, 204.2, 79.4)
(352.2, 212.2, 78.6)
(352.2, 212.2, 78.6)
(352.6, 220.8, 78.6)
(353.3, 226.1, 77.2)
(347.7, 228.3, 71.0)
(339.7, 232.7, 63.6)
    
(0.4, 172.4, 79.2)
(356.4, 181.6, 86.5)
(354.1, 190.0, 89.6)
(351.6, 195.6, 90.3)
(351.6, 195.6, 90.3)
(347.5, 199.2, 89.9)
(342.8, 203.4, 88.6)
(339.6, 209.0, 88.1)
(338.9, 214.4, 88.1)
(338.9, 214.4, 88.1)
    
(7.7, 175.7, 91.1)
(0.8, 176.5, 90.7)
(0.8, 176.5, 90.7)
(354.3, 180.1, 92.0)
(351.6, 187.4, 96.0)
(350.5, 196.4, 101.2)
(351.9, 206.8, 104.8)
(351.9, 206.8, 104.8)
(349.6, 213.6, 102.2)
(344.7, 219.9, 97.7)
    
(5.3, 174.9, 95.5)
(359.4, 182.1, 98.9)
(359.4, 182.1, 98.9)
(354.8, 188.4, 101.5)
(352.1, 195.3, 104.5)
(349.8, 202.3, 104.7)
(346.7, 211.7, 102.7)
(346.7, 211.7, 102.7)
(343.4, 219.8, 98.0)
(338.1, 225.5, 92.7)
    
(6.0, 190.9, 102.2)
(5.0, 185.6, 100.9)
(4.6, 184.7, 101.5)
(3.6, 187.2, 100.9)
(3.6, 187.2, 100.9)
(359.8, 191.0, 99.2)
(355.1, 195.1, 96.8)
(351.8, 199.5, 94.4)
(348.7, 205.0, 92.7)
(348.7, 205.0, 92.7)
    
(7.6, 178.8, 91.0)
(2.6, 177.0, 93.3)
(0.5, 178.2, 91.4)
(0.5, 178.2, 91.4)
(356.1, 180.9, 90.5)
(353.0, 182.9, 90.7)
(351.6, 187.0, 90.9)
(349.0, 193.5, 91.8)
(349.0, 193.5, 91.8)
(346.7, 200.9, 92.1)
    
(358.4, 172.5, 85.5)
(354.8, 179.0, 88.6)
(354.8, 179.0, 88.6)
(351.8, 190.6, 93.3)
(347.1, 198.5, 94.5)
(344.1, 203.0, 93.8)
(339.6, 206.4, 91.4)
(339.6, 206.4, 91.4)
(333.9, 213.1, 88.0)
(329.3, 221.5, 84.5)
    
(12.4, 175.4, 94.5)
(6.5, 184.3, 96.5)
(0.1, 192.3, 99.2)
(0.1, 192.3, 99.2)
(356.6, 199.6, 100.6)
(354.7, 207.5, 100.0)
(351.7, 215.5, 98.0)
(346.9, 223.7, 95.4)
(346.9, 223.7, 95.4)
(342.7, 233.2, 92.2)
    
(3.4, 181.3, 96.7)
(0.5, 185.7, 97.9)
(357.3, 190.8, 99.8)
(357.3, 190.8, 99.8)
(354.9, 197.4, 101.5)
(353.0, 204.7, 104.2)
(352.3, 212.5, 105.6)
(350.4, 219.7, 104.4)
(350.4, 219.7, 104.4)
(348.1, 225.8, 101.7)
    
(6.2, 192.3, 90.6)
(4.3, 200.6, 92.1)
(4.3, 200.6, 92.1)
(0.2, 203.7, 90.8)
(355.8, 204.2, 89.4)
(352.8, 205.4, 88.1)
(351.4, 209.4, 86.9)
(351.4, 209.4, 86.9)
(349.0, 214.1, 85.4)
(345.5, 218.6, 82.8)
    
(9.8, 179.9, 91.5)
(7.8, 182.2, 91.8)
(2.3, 182.0, 88.5)
(356.1, 182.1, 86.1)
(356.1, 182.1, 86.1)
(352.4, 184.0, 86.3)
(350.2, 189.1, 87.6)
(347.5, 196.1, 88.3)
(347.5, 196.1, 88.3)
(345.0, 203.5, 87.4)
    
(352.0, 183.3, 98.1)
(345.6, 189.7, 101.0)
(343.2, 198.1, 102.4)
(342.9, 205.1, 104.5)
(342.9, 205.1, 104.5)
(342.8, 209.4, 105.0)
(342.0, 212.9, 104.7)
(340.0, 216.4, 103.7)
(338.2, 219.7, 102.9)
(338.2, 219.7, 102.9)
    
(358.3, 172.6, 91.6)
(352.8, 174.9, 93.3)
(352.8, 174.9, 93.3)
(350.3, 180.3, 97.7)
(351.2, 188.0, 102.9)
(351.9, 196.5, 107.2)
(352.2, 204.9, 106.4)
(352.2, 204.9, 106.4)
(347.0, 212.6, 103.4)
(337.3, 218.3, 96.6)
    
(3.4, 170.4, 77.2)
(0.1, 177.5, 82.8)
(2.8, 186.2, 86.8)
(1.9, 194.6, 90.8)
(357.4, 200.6, 91.6)
(357.4, 200.6, 91.6)
(352.7, 205.4, 89.7)
(347.3, 210.8, 87.6)
(344.8, 215.5, 86.1)
(344.9, 220.6, 84.2)
    
(21.6, 173.1, 95.4)
(16.9, 181.4, 98.2)
(12.9, 191.3, 101.0)
(8.0, 201.9, 104.7)
(5.1, 208.9, 105.2)
(5.1, 208.9, 105.2)
(4.9, 215.1, 103.5)
(2.1, 219.7, 100.4)
(358.5, 224.1, 97.3)
(356.2, 229.3, 94.3)
    
(11.5, 167.9, 88.4)
(8.0, 172.1, 89.8)
(8.0, 172.1, 89.8)
(6.2, 179.5, 94.2)
(0.6, 187.3, 99.7)
(356.9, 196.9, 103.6)
(353.2, 207.2, 105.4)
(350.1, 214.8, 104.7)
(350.1, 214.8, 104.7)
(343.8, 220.4, 98.6)
    
(13.4, 185.2, 97.2)
(6.4, 189.3, 96.0)
(6.4, 189.3, 96.0)
(359.0, 191.0, 95.5)
(352.5, 194.6, 97.6)
(349.9, 201.7, 99.8)
(351.5, 210.0, 101.1)
(351.5, 210.0, 101.1)
(351.6, 215.3, 99.6)
(345.6, 218.0, 95.4)
    
(7.7, 174.1, 90.2)
(1.6, 177.0, 89.9)
(358.9, 181.4, 92.2)
(355.8, 187.8, 95.3)
(355.8, 187.8, 95.3)
(353.5, 194.2, 97.0)
(351.7, 199.3, 97.9)
(349.2, 203.3, 97.0)
(344.9, 207.1, 94.7)
(344.9, 207.1, 94.7)
    
(14.8, 178.8, 90.9)
(13.0, 186.4, 94.3)
(12.6, 192.9, 95.4)
(12.6, 192.9, 95.4)
(7.6, 196.5, 94.1)
(1.6, 199.1, 91.7)
(356.6, 203.2, 89.9)
(350.4, 209.0, 89.7)
(350.4, 209.0, 89.7)
(347.6, 216.1, 90.4)
    
(357.7, 175.3, 87.3)
(354.1, 184.4, 92.4)
(352.4, 193.2, 96.1)
(352.4, 193.2, 96.1)
(350.9, 202.7, 97.9)
(347.2, 210.2, 97.1)
(342.4, 216.3, 94.4)
(337.9, 223.4, 91.7)
(337.9, 223.4, 91.7)
(336.2, 231.4, 89.4)
    
(356.2, 175.7, 83.7)
(352.8, 184.8, 89.6)
(350.0, 199.5, 92.1)
(346.7, 216.1, 94.7)
(346.0, 228.0, 98.6)
(346.0, 228.0, 98.6)
(346.6, 236.9, 100.0)
(347.9, 243.1, 96.2)
(345.5, 246.4, 88.6)
(341.3, 249.4, 81.3)
    
(6.2, 184.0, 95.9)
(6.2, 184.0, 95.9)
(0.7, 187.2, 95.3)
(355.3, 192.2, 96.1)
(352.2, 199.7, 98.0)
(352.2, 199.7, 98.0)
(348.9, 208.8, 100.2)
(346.9, 218.0, 101.8)
(346.5, 225.8, 102.0)
(346.5, 231.3, 100.8)
    
(10.0, 182.3, 88.3)
(5.3, 185.6, 87.5)
(0.9, 189.5, 88.3)
(0.9, 189.5, 88.3)
(358.6, 194.2, 90.2)
(357.1, 200.1, 92.5)
(355.5, 206.0, 93.5)
(352.0, 211.2, 92.6)
(352.0, 211.2, 92.6)
(348.9, 215.2, 90.5)
    
(9.0, 174.8, 90.3)
(6.0, 176.7, 90.5)
(2.2, 180.0, 90.7)
(358.5, 184.8, 91.0)
(356.3, 190.6, 91.9)
(356.3, 190.6, 91.9)
(355.2, 196.6, 93.8)
(354.9, 202.1, 93.9)
(353.6, 207.4, 92.2)
(350.8, 212.1, 89.4)
    
(2.4, 175.6, 81.6)
(356.2, 179.3, 82.7)
(356.2, 179.3, 82.7)
(351.9, 184.6, 85.3)
(350.5, 191.9, 89.0)
(350.5, 199.9, 91.4)
(348.6, 207.2, 91.7)
(348.6, 207.2, 91.7)
(344.2, 213.7, 90.6)
(342.4, 221.2, 88.8)
    
(5.8, 173.6, 105.1)
(0.4, 174.4, 107.5)
(355.4, 178.0, 108.3)
(355.4, 178.0, 108.3)
(351.6, 184.3, 108.5)
(349.0, 191.1, 108.4)
(345.5, 197.6, 107.5)
(341.5, 204.0, 106.2)
(341.5, 204.0, 106.2)
(337.6, 211.9, 104.5)
    
(1.4, 185.0, 92.4)
(353.2, 188.5, 93.1)
(347.8, 192.1, 93.5)
(342.3, 196.1, 94.5)
(338.1, 201.5, 96.8)
(338.1, 201.5, 96.8)
(336.9, 208.4, 101.3)
(337.6, 215.8, 103.3)
(336.6, 222.0, 105.4)
(332.0, 225.0, 102.2)
    
(4.0, 179.2, 94.7)
(359.9, 182.6, 94.3)
(359.9, 182.6, 94.3)
(353.9, 188.2, 96.1)
(350.2, 195.5, 97.6)
(347.8, 204.6, 99.5)
(347.2, 213.2, 100.3)
(347.2, 213.2, 100.3)
(346.4, 217.8, 97.7)
(342.6, 220.8, 93.4)
    
(4.6, 179.5, 99.6)
(2.9, 181.8, 100.9)
(2.9, 181.8, 100.9)
(359.4, 183.0, 103.0)
(356.3, 185.6, 101.6)
(352.6, 190.7, 99.5)
(347.8, 195.2, 97.3)
(347.8, 195.2, 97.3)
(344.1, 199.9, 95.8)
(341.8, 206.3, 94.9)
    
(2.2, 173.0, 92.9)
(2.2, 173.0, 92.9)
(357.5, 179.2, 95.5)
(354.0, 190.0, 98.0)
(348.0, 202.1, 99.6)
(342.7, 213.4, 99.1)
(342.7, 213.4, 99.1)
(340.1, 221.9, 96.4)
(338.5, 227.5, 92.1)
(334.3, 230.5, 86.8)
    
/n
(354.9, 165.5, 88.4)
(349.1, 169.7, 91.4)
(346.3, 176.7, 93.9)
(341.6, 183.3, 95.8)
(341.6, 183.3, 95.8)
(336.0, 188.3, 97.3)
(330.4, 193.4, 97.7)
(328.3, 198.4, 97.1)
(324.9, 204.4, 96.1)
(324.9, 204.4, 96.1)
    
(358.3, 179.8, 90.7)
(355.2, 183.5, 93.9)
(352.3, 187.4, 95.3)
(349.7, 190.7, 94.4)
(349.7, 190.7, 94.4)
(347.0, 193.8, 93.7)
(342.7, 197.0, 93.6)
(339.8, 201.3, 93.9)
(339.8, 201.3, 93.9)
(338.2, 207.5, 94.7)
    
(6.1, 181.4, 94.7)
(1.1, 189.8, 97.6)
(356.7, 197.4, 100.2)
(351.7, 201.9, 101.5)
(348.2, 204.5, 101.5)
(348.2, 204.5, 101.5)
(345.1, 207.1, 101.1)
(342.7, 210.1, 100.2)
(340.9, 214.1, 99.0)
(338.5, 218.5, 98.1)
    
(6.5, 168.5, 91.7)
(4.9, 169.9, 94.4)
(3.6, 172.1, 97.3)
(0.6, 176.4, 100.0)
(0.6, 176.4, 100.0)
(358.1, 181.9, 102.7)
(356.9, 186.9, 104.5)
(353.4, 190.8, 103.6)
(349.0, 194.2, 102.0)
(349.0, 194.2, 102.0)
    
(18.7, 177.5, 102.2)
(13.6, 183.2, 104.6)
(8.5, 188.7, 105.1)
(8.5, 188.7, 105.1)
(3.5, 194.0, 105.0)
(358.6, 199.0, 104.5)
(354.7, 203.0, 103.2)
(350.9, 206.7, 101.4)
(350.9, 206.7, 101.4)
(346.4, 210.5, 100.2)
    
(8.5, 186.5, 104.8)
(7.1, 193.0, 108.6)
(4.2, 198.4, 110.4)
(4.2, 198.4, 110.4)
(0.8, 205.7, 111.8)
(357.4, 210.5, 111.7)
(354.4, 215.5, 111.8)
(352.9, 218.1, 110.8)
(352.9, 218.1, 110.8)
(351.9, 219.3, 109.0)
    
(17.7, 173.1, 94.6)
(12.8, 174.5, 96.0)
(8.9, 178.1, 97.7)
(5.9, 183.2, 99.1)
(5.9, 183.2, 99.1)
(3.1, 188.0, 99.5)
(0.0, 192.0, 99.1)
(355.7, 195.7, 97.9)
(351.6, 199.6, 96.9)
(351.6, 199.6, 96.9)
    
(13.9, 170.2, 96.5)
(10.3, 175.5, 98.7)
(4.5, 181.5, 100.3)
(4.5, 181.5, 100.3)
(358.4, 187.7, 101.1)
(353.4, 193.9, 102.4)
(350.4, 199.5, 103.4)
(347.5, 205.5, 104.6)
(347.5, 205.5, 104.6)
(344.8, 211.0, 104.6)
    
(10.8, 179.1, 107.1)
(8.9, 182.5, 111.6)
(6.4, 187.6, 114.0)
(6.4, 187.6, 114.0)
(2.6, 193.7, 113.8)
(357.8, 199.3, 112.3)
(353.0, 205.6, 110.7)
(350.2, 212.7, 110.2)
(350.2, 212.7, 110.2)
(347.9, 221.1, 110.9)
    
(8.4, 182.5, 101.5)
(4.5, 186.1, 101.7)
(4.5, 186.1, 101.7)
(0.6, 189.6, 102.0)
(357.4, 193.2, 102.3)
(355.1, 196.6, 102.2)
(352.1, 198.6, 101.9)
(352.1, 198.6, 101.9)
(349.4, 200.1, 100.8)
(345.9, 202.5, 100.1)
    
(3.9, 180.4, 98.1)
(1.8, 185.1, 100.7)
(359.5, 190.8, 101.6)
(356.7, 197.0, 102.0)
(356.7, 197.0, 102.0)
(352.8, 204.1, 102.6)
(349.8, 210.9, 103.1)
(347.8, 218.5, 103.9)
(347.9, 225.4, 104.3)
(347.9, 225.4, 104.3)
    
(26.4, 179.6, 101.3)
(21.1, 183.5, 101.7)
(16.6, 190.0, 104.1)
(16.6, 190.0, 104.1)
(11.9, 195.7, 106.4)
(9.5, 200.1, 107.5)
(7.7, 203.1, 106.1)
(3.3, 204.9, 101.7)
(3.3, 204.9, 101.7)
(358.1, 207.2, 97.7)
    
(10.2, 181.6, 103.2)
(10.2, 181.6, 103.2)
(5.8, 184.0, 104.7)
(0.8, 186.3, 105.7)
(357.2, 190.1, 105.6)
(357.2, 190.1, 105.6)
(353.9, 194.4, 105.1)
(350.0, 199.4, 104.5)
(346.2, 204.7, 103.8)
(343.6, 210.0, 102.9)
    
(7.4, 172.3, 96.5)
(4.8, 179.3, 100.5)
(2.4, 186.1, 103.6)
(359.4, 192.4, 104.8)
(359.4, 192.4, 104.8)
(354.8, 198.2, 104.3)
(350.4, 203.3, 103.5)
(346.8, 208.4, 102.7)
(346.8, 208.4, 102.7)
(344.2, 214.1, 102.1)
    
(13.3, 183.3, 98.0)
(11.6, 186.2, 100.2)
(11.6, 186.2, 100.2)
(8.8, 188.3, 101.8)
(4.7, 190.7, 102.2)
(0.8, 194.3, 101.5)
(357.1, 199.3, 101.5)
(357.1, 199.3, 101.5)
(354.5, 203.5, 101.5)
(353.5, 207.8, 101.4)
    
(9.5, 177.5, 89.9)
(4.1, 180.3, 90.9)
(0.5, 183.8, 93.2)
(358.8, 188.2, 95.9)
(358.8, 188.2, 95.9)
(357.3, 192.4, 97.5)
(354.7, 196.0, 98.3)
(351.6, 198.5, 98.7)
(348.2, 200.6, 98.8)
(348.2, 200.6, 98.8)
    
(9.0, 180.3, 97.2)
(7.0, 186.0, 101.7)
(5.2, 189.8, 104.2)
(5.2, 189.8, 104.2)
(1.9, 192.4, 104.4)
(356.7, 194.2, 102.9)
(352.2, 196.6, 101.7)
(348.3, 200.6, 101.3)
(348.3, 200.6, 101.3)
(344.3, 204.8, 102.7)
    
(9.7, 180.2, 98.1)
(4.8, 184.4, 98.0)
(4.8, 184.4, 98.0)
(359.8, 187.5, 97.5)
(355.4, 190.3, 97.0)
(351.9, 194.6, 96.6)
(349.1, 200.2, 96.4)
(349.1, 200.2, 96.4)
(346.2, 207.0, 96.7)
(344.6, 213.4, 96.0)
    
(6.9, 174.2, 89.9)
(3.7, 179.4, 93.0)
(1.7, 185.2, 95.7)
(359.7, 190.5, 97.7)
(359.7, 190.5, 97.7)
(356.1, 194.3, 98.4)
(350.8, 197.2, 98.8)
(347.4, 201.0, 98.2)
(347.4, 201.0, 98.2)
(344.2, 206.1, 97.5)
    
(10.7, 181.3, 98.6)
(9.6, 185.6, 99.9)
(6.4, 189.3, 101.1)
(6.4, 189.3, 101.1)
(2.7, 192.5, 101.4)
(359.4, 196.0, 101.5)
(356.6, 200.1, 101.8)
(354.3, 204.2, 102.3)
(354.3, 204.2, 102.3)
(352.9, 208.7, 103.0)
    
(16.3, 176.3, 96.5)
(14.0, 180.7, 98.3)
(14.0, 180.7, 98.3)
(10.4, 184.5, 99.6)
(5.6, 188.0, 100.5)
(0.6, 192.2, 101.0)
(355.7, 197.2, 101.4)
(355.7, 197.2, 101.4)
(352.4, 202.2, 101.3)
(349.9, 207.4, 101.0)
    
(14.0, 181.6, 99.5)
(9.9, 185.0, 100.5)
(5.5, 188.5, 101.2)
(0.8, 192.6, 101.8)
(356.9, 197.5, 102.4)
(356.9, 197.5, 102.4)
(354.2, 203.3, 102.1)
(352.0, 209.5, 101.6)
(350.5, 215.3, 100.7)
(349.3, 221.9, 100.2)
    
(13.6, 180.7, 98.4)
(8.4, 184.9, 99.5)
(4.2, 188.7, 100.2)
(4.2, 188.7, 100.2)
(359.9, 191.8, 101.0)
(355.9, 194.6, 102.6)
(353.0, 198.5, 104.4)
(350.6, 203.8, 104.9)
(350.6, 203.8, 104.9)
(347.9, 210.0, 104.0)
    
(4.8, 185.1, 99.7)
(0.2, 189.0, 101.1)
(356.0, 192.3, 101.7)
(353.0, 196.7, 102.4)
(353.0, 196.7, 102.4)
(350.9, 202.0, 102.6)
(348.6, 207.5, 102.4)
(346.2, 212.1, 102.0)
(343.8, 216.0, 101.4)
(343.8, 216.0, 101.4)
    
(13.3, 172.9, 89.5)
(9.5, 176.8, 91.4)
(6.5, 181.0, 93.6)
(3.9, 184.9, 96.3)
(2.2, 189.3, 98.2)
(2.2, 189.3, 98.2)
(0.9, 194.1, 99.1)
(358.3, 198.0, 99.3)
(354.7, 202.0, 99.2)
(352.1, 206.4, 99.1)
    
(12.6, 171.2, 90.3)
(10.6, 176.9, 94.4)
(8.7, 183.6, 97.5)
(5.8, 189.7, 98.9)
(5.8, 189.7, 98.9)
(1.8, 194.9, 98.9)
(357.0, 200.1, 98.3)
(353.3, 205.7, 97.7)
(353.3, 205.7, 97.7)
(350.3, 211.8, 97.6)
    
(18.5, 180.4, 97.9)
(15.8, 186.0, 100.1)
(12.5, 191.3, 101.3)
(12.5, 191.3, 101.3)
(8.6, 196.2, 101.2)
(4.0, 201.1, 100.1)
(359.5, 205.7, 98.9)
(356.1, 210.8, 97.9)
(356.1, 210.8, 97.9)
(353.2, 216.1, 97.0)
    
(13.4, 174.4, 102.6)
(13.4, 174.4, 102.6)
(10.7, 181.7, 106.0)
(9.4, 189.7, 109.1)
(6.0, 195.7, 109.5)
(0.3, 201.0, 107.6)
(0.3, 201.0, 107.6)
(354.0, 206.0, 105.1)
(349.9, 209.4, 105.7)
(346.4, 215.2, 105.3)
    
(356.7, 179.8, 96.9)
(354.7, 186.0, 99.4)
(352.7, 192.7, 101.4)
(349.6, 197.5, 102.4)
(349.6, 197.5, 102.4)
(346.3, 201.1, 102.6)
(342.0, 204.2, 101.9)
(337.5, 208.1, 100.9)
(334.2, 213.1, 99.8)
(334.2, 213.1, 99.8)
    
(16.0, 187.7, 103.7)
(13.8, 189.7, 103.9)
(13.8, 189.7, 103.9)
(10.6, 191.3, 103.4)
(5.1, 192.1, 102.8)
(359.7, 194.0, 103.2)
(355.9, 197.2, 103.7)
(355.9, 197.2, 103.7)
(353.6, 202.0, 103.7)
(352.2, 207.8, 103.3)
    
(10.6, 177.4, 96.0)
(10.6, 177.4, 96.0)
(9.1, 181.1, 97.8)
(7.5, 184.4, 99.1)
(4.9, 187.4, 99.6)
(2.2, 190.6, 99.9)
(2.2, 190.6, 99.9)
(359.1, 194.0, 100.2)
(355.9, 197.6, 100.7)
(353.3, 201.1, 100.5)
    
(9.5, 177.2, 94.4)
(8.3, 183.5, 97.8)
(7.8, 190.2, 100.5)
(5.3, 195.3, 101.9)
(5.3, 195.3, 101.9)
(1.6, 199.0, 102.3)
(358.8, 202.5, 102.1)
(357.0, 206.2, 102.0)
(356.1, 210.4, 101.9)
(356.1, 210.4, 101.9)
    
(8.7, 175.7, 93.3)
(6.6, 182.7, 97.0)
(6.6, 182.7, 97.0)
(3.8, 190.5, 98.8)
(359.6, 196.9, 98.8)
(354.7, 201.3, 97.3)
(349.8, 204.5, 96.2)
(349.8, 204.5, 96.2)
(347.3, 208.2, 95.9)
(346.9, 212.9, 95.1)
    
(12.8, 174.6, 97.1)
(11.3, 181.8, 100.0)
(9.7, 188.3, 102.2)
(6.7, 192.7, 102.2)
(6.7, 192.7, 102.2)
(2.9, 196.1, 101.2)
(359.0, 199.2, 100.0)
(355.7, 201.6, 98.7)
(353.3, 203.9, 97.4)
(353.3, 203.9, 97.4)
    
(16.4, 178.0, 99.6)
(14.3, 182.0, 101.8)
(11.6, 187.9, 102.2)
(8.5, 194.5, 101.6)
(8.5, 194.5, 101.6)
(4.2, 200.9, 100.1)
(358.9, 206.0, 99.1)
(354.6, 211.1, 99.1)
(351.9, 217.4, 98.4)
(351.9, 217.4, 98.4)
    
(11.6, 179.7, 94.9)
(10.2, 184.6, 99.5)
(10.4, 190.5, 102.2)
(10.4, 190.5, 102.2)
(8.9, 196.4, 102.5)
(4.2, 200.8, 101.0)
(359.0, 205.2, 99.3)
(354.4, 209.5, 98.0)
(354.4, 209.5, 98.0)
(351.2, 213.8, 97.3)
    
(5.0, 178.3, 96.5)
(0.5, 181.2, 97.5)
(0.5, 181.2, 97.5)
(358.2, 185.4, 99.1)
(358.2, 190.7, 100.6)
(358.7, 196.3, 102.3)
(356.7, 200.8, 103.7)
(356.7, 200.8, 103.7)
(354.2, 205.0, 104.9)
(352.2, 208.5, 104.6)
    
(9.9, 180.4, 92.3)
(3.9, 181.6, 93.1)
(0.3, 183.8, 94.2)
(359.0, 187.4, 95.2)
(359.0, 187.4, 95.2)
(357.8, 191.7, 96.3)
(355.9, 195.8, 97.0)
(354.7, 200.4, 97.2)
(353.9, 203.7, 97.0)
(353.9, 203.7, 97.0)
    
(17.8, 182.9, 99.8)
(14.2, 187.1, 100.2)
(10.8, 188.2, 99.3)
(6.0, 188.5, 98.8)
(6.0, 188.5, 98.8)
(2.3, 190.9, 99.9)
(360.0, 195.1, 101.4)
(359.3, 200.2, 101.8)
(359.3, 200.2, 101.8)
(359.0, 203.8, 100.4)
    
(14.3, 177.6, 93.8)
(14.3, 177.6, 93.8)
(9.8, 183.2, 97.3)
(6.7, 189.6, 99.7)
(4.8, 196.5, 100.8)
(1.7, 199.8, 99.3)
(1.7, 199.8, 99.3)
(356.9, 201.5, 96.6)
(351.1, 203.5, 94.6)
(346.9, 208.3, 94.5)
    
(9.5, 180.9, 95.0)
(4.9, 184.0, 95.0)
(359.7, 186.5, 95.0)
(353.3, 188.8, 96.3)
(353.3, 188.8, 96.3)
(350.1, 191.3, 98.0)
(350.4, 194.7, 99.0)
(349.9, 198.1, 98.9)
(346.8, 200.8, 99.1)
(346.8, 200.8, 99.1)
    
(16.0, 177.4, 98.8)
(11.5, 181.4, 100.2)
(7.2, 184.7, 101.3)
(7.2, 184.7, 101.3)
(3.4, 188.2, 102.6)
(359.3, 191.8, 104.2)
(355.2, 196.3, 105.7)
(351.9, 202.7, 107.1)
(351.9, 202.7, 107.1)
(351.2, 208.8, 106.8)
    
(5.9, 178.8, 94.6)
(4.3, 184.3, 98.9)
(4.3, 184.3, 98.9)
(3.4, 188.7, 101.1)
(1.9, 192.0, 101.7)
(358.7, 193.9, 99.9)
(354.0, 195.5, 97.3)
(354.0, 195.5, 97.3)
(350.1, 198.0, 96.0)
(348.1, 201.5, 96.1)
    
(12.3, 174.8, 93.1)
(7.8, 176.3, 93.8)
(3.3, 178.4, 94.1)
(3.3, 178.4, 94.1)
(359.8, 181.4, 94.6)
(358.1, 184.8, 95.5)
(357.5, 187.9, 96.4)
(357.0, 190.2, 96.7)
(357.0, 190.2, 96.7)
(355.1, 192.0, 96.4)
    
(13.3, 175.5, 92.4)
(7.0, 179.8, 95.1)
(0.8, 184.2, 96.3)
(0.8, 184.2, 96.3)
(356.7, 189.1, 97.0)
(354.4, 195.6, 97.7)
(352.8, 200.4, 98.1)
(350.3, 205.3, 98.1)
(350.3, 205.3, 98.1)
(346.6, 208.0, 97.2)
    
(10.1, 177.6, 95.4)
(10.1, 177.6, 95.4)
(4.5, 180.5, 96.6)
(359.4, 184.0, 97.9)
(356.0, 188.8, 99.7)
(354.9, 194.3, 101.8)
(354.9, 199.5, 103.1)
(354.9, 199.5, 103.1)
(353.0, 202.7, 102.8)
(348.1, 204.5, 101.2)
    
(11.1, 178.6, 96.1)
(6.4, 182.2, 97.2)
(0.8, 185.6, 97.8)
(356.2, 190.3, 98.5)
(356.2, 190.3, 98.5)
(352.8, 194.9, 100.1)
(352.4, 197.8, 101.6)
(349.9, 199.2, 101.7)
(346.4, 200.9, 101.5)
(346.4, 200.9, 101.5)
    
(344.8, 172.3, 87.7)
(338.6, 173.1, 89.4)
(338.6, 173.1, 89.4)
(335.8, 174.7, 91.9)
(337.2, 180.3, 93.6)
(338.3, 188.9, 95.5)
(339.0, 195.5, 96.7)
(339.0, 195.5, 96.7)
(338.3, 197.5, 97.0)
(335.8, 198.0, 95.2)
    
(5.5, 174.3, 89.7)
(2.4, 177.9, 91.4)
(357.4, 180.2, 91.2)
(357.4, 180.2, 91.2)
(352.1, 182.3, 90.9)
(348.2, 185.5, 91.6)
(346.4, 189.4, 93.0)
(346.4, 189.4, 93.0)
(345.6, 193.5, 94.5)
(344.6, 196.8, 95.2)
    
(3.3, 172.4, 96.8)
(1.3, 175.6, 99.7)
(359.5, 179.4, 101.7)
(357.5, 184.4, 102.6)
(357.5, 184.4, 102.6)
(355.3, 190.2, 103.3)
(352.5, 195.7, 103.6)
(349.9, 200.4, 103.7)
(348.7, 204.4, 103.8)
(348.7, 204.4, 103.8)
    
(18.2, 174.4, 96.5)
(13.5, 176.6, 96.8)
(8.3, 179.1, 97.5)
(8.3, 179.1, 97.5)
(4.4, 182.7, 99.2)
(1.7, 188.0, 101.8)
(359.6, 194.0, 104.0)
(357.5, 199.8, 104.6)
(357.5, 199.8, 104.6)
(354.7, 204.1, 103.5)
    
(12.3, 179.9, 95.7)
(6.9, 185.9, 99.3)
(2.9, 191.0, 101.0)
(2.9, 191.0, 101.0)
(0.2, 195.5, 102.0)
(356.1, 197.7, 103.3)
(354.0, 200.6, 104.0)
(354.0, 200.6, 104.0)
(352.9, 204.5, 104.7)
(351.1, 208.3, 104.3)
    
(14.3, 178.7, 95.1)
(11.5, 181.6, 96.8)
(8.9, 184.3, 98.3)
(6.2, 187.1, 99.2)
(3.1, 189.7, 99.9)
(3.1, 189.7, 99.9)
(0.7, 191.8, 99.8)
(357.6, 194.0, 99.8)
(354.9, 196.4, 100.0)
(352.6, 199.4, 100.9)
    
(15.1, 178.8, 92.8)
(10.5, 180.6, 92.9)
(4.2, 181.4, 92.1)
(358.5, 183.3, 92.4)
(355.8, 187.4, 94.0)
(355.8, 187.4, 94.0)
(356.9, 194.1, 95.8)
(356.9, 198.8, 96.2)
(353.7, 200.8, 95.3)
(347.5, 201.8, 93.6)
    
(23.0, 180.8, 96.4)
(18.2, 181.2, 96.1)
(15.0, 182.5, 96.1)
(15.0, 182.5, 96.1)
(11.9, 184.4, 96.6)
(7.9, 186.6, 97.4)
(3.4, 189.4, 98.0)
(3.4, 189.4, 98.0)
(359.3, 192.9, 98.5)
(356.2, 197.5, 98.8)
    
(9.1, 177.2, 92.8)
(6.7, 180.3, 95.0)
(6.7, 180.3, 95.0)
(4.3, 184.1, 96.4)
(1.6, 188.4, 97.5)
(358.3, 192.1, 97.4)
(354.4, 195.4, 96.9)
(354.4, 195.4, 96.9)
(350.9, 199.5, 96.8)
(349.8, 203.2, 96.4)
    
(11.2, 177.6, 94.6)
(9.2, 181.5, 97.9)
(5.4, 185.5, 100.5)
(0.9, 189.7, 101.8)
(0.9, 189.7, 101.8)
(357.3, 194.4, 102.3)
(356.1, 198.4, 102.5)
(355.0, 200.4, 102.4)
(351.1, 201.7, 102.2)
(351.1, 201.7, 102.2)
    
(7.2, 178.7, 90.9)
(7.2, 178.7, 90.9)
(3.9, 182.0, 93.4)
(1.4, 186.5, 96.1)
(358.7, 191.7, 98.4)
(355.3, 196.7, 99.4)
(355.3, 196.7, 99.4)
(352.1, 201.1, 99.5)
(349.3, 204.7, 99.1)
(346.6, 207.8, 98.9)
    
(354.5, 165.1, 71.7)
(350.2, 171.2, 77.6)
(344.7, 177.8, 83.4)
(339.7, 185.2, 88.5)
(339.7, 185.2, 88.5)
(337.7, 191.5, 91.2)
(336.5, 197.7, 92.7)
(334.8, 202.7, 92.6)
(329.9, 206.3, 90.7)
(329.9, 206.3, 90.7)
    
(15.5, 172.9, 91.7)
(10.3, 180.1, 95.5)
(6.6, 187.1, 99.0)
(3.0, 192.4, 100.6)
(3.0, 192.4, 100.6)
(358.3, 195.9, 101.1)
(352.8, 197.5, 100.4)
(347.2, 198.4, 99.8)
(342.7, 200.8, 99.2)
(342.7, 200.8, 99.2)
    
(15.7, 173.5, 95.4)
(13.2, 177.9, 98.2)
(8.5, 182.3, 98.8)
(8.5, 182.3, 98.8)
(3.1, 186.2, 98.3)
(357.0, 189.9, 97.6)
(350.4, 193.9, 97.0)
(346.0, 198.8, 97.1)
(346.0, 198.8, 97.1)
(342.3, 205.1, 98.1)
    
(14.3, 171.2, 91.4)
(10.1, 174.5, 93.1)
(6.6, 178.8, 95.1)
(4.1, 184.0, 97.0)
(1.2, 188.2, 97.8)
(1.2, 188.2, 97.8)
(358.1, 191.9, 98.1)
(353.2, 194.6, 97.7)
(347.5, 197.7, 97.1)
(343.6, 202.5, 96.6)
    
(14.6, 184.2, 100.2)
(14.4, 190.3, 103.5)
(13.8, 195.7, 106.3)
(10.5, 199.7, 106.8)
(5.8, 203.2, 104.0)
(5.8, 203.2, 104.0)
(1.8, 206.6, 102.1)
(358.1, 210.4, 101.0)
(358.0, 215.4, 101.3)
(359.6, 220.8, 101.5)
    
(14.8, 181.6, 94.2)
(9.9, 185.8, 95.1)
(6.5, 191.4, 96.6)
(6.5, 191.4, 96.6)
(4.5, 197.6, 97.7)
(2.2, 204.5, 98.9)
(359.9, 211.9, 99.5)
(357.7, 219.0, 99.5)
(357.7, 219.0, 99.5)
(354.8, 225.0, 98.2)
    
(11.2, 186.0, 95.5)
(5.9, 187.3, 96.2)
(5.9, 187.3, 96.2)
(0.1, 188.9, 98.5)
(357.6, 191.8, 100.7)
(358.0, 196.6, 101.9)
(357.6, 201.2, 102.1)
(357.6, 201.2, 102.1)
(355.2, 203.9, 101.0)
(350.9, 206.0, 99.3)
    
(19.8, 182.9, 95.8)
(13.9, 182.7, 93.9)
(8.9, 181.4, 92.8)
(8.9, 181.4, 92.8)
(5.5, 182.2, 93.5)
(3.9, 186.1, 95.7)
(3.7, 189.9, 96.8)
(2.9, 192.9, 96.2)
(2.9, 192.9, 96.2)
(360.0, 196.3, 95.3)
    
(16.8, 172.5, 96.7)
(14.0, 178.8, 100.0)
(11.0, 183.6, 100.9)
(11.0, 183.6, 100.9)
(5.3, 186.0, 100.8)
(359.9, 186.9, 101.3)
(358.5, 189.3, 102.1)
(359.2, 193.2, 102.9)
(359.2, 193.2, 102.9)
(1.4, 197.7, 104.5)
    
(11.2, 177.7, 97.2)
(11.2, 177.7, 97.2)
(10.0, 184.1, 101.0)
(8.6, 191.9, 104.7)
(9.8, 198.9, 106.0)
(10.1, 203.4, 104.8)
(10.1, 203.4, 104.8)
(8.2, 206.5, 103.4)
(4.9, 209.1, 102.4)
(3.9, 213.2, 102.5)
    
(9.2, 173.6, 101.5)
(7.1, 176.3, 103.9)
(5.0, 179.7, 106.1)
(3.0, 183.2, 107.3)
(3.0, 183.2, 107.3)
(1.0, 186.4, 107.4)
(359.0, 189.6, 106.8)
(356.2, 193.4, 106.5)
(353.7, 197.9, 106.7)
(353.7, 197.9, 106.7)
    
(11.4, 181.9, 99.9)
(8.6, 185.0, 101.0)
(5.1, 188.9, 101.9)
(5.1, 188.9, 101.9)
(2.6, 193.5, 102.2)
(0.8, 198.9, 102.0)
(358.6, 202.7, 101.7)
(356.5, 205.6, 101.4)
(356.5, 205.6, 101.4)
(354.2, 208.7, 100.4)
    
(8.9, 177.1, 95.1)
(3.5, 179.9, 98.1)
(3.5, 179.9, 98.1)
(2.1, 183.3, 100.0)
(0.9, 186.6, 101.4)
(359.8, 191.3, 102.5)
(358.2, 195.7, 102.9)
(358.2, 195.7, 102.9)
(355.1, 199.7, 102.9)
(352.8, 201.5, 102.3)
    
(17.2, 176.5, 101.9)
(13.7, 179.1, 102.4)
(9.7, 181.3, 102.5)
(9.7, 181.3, 102.5)
(5.8, 184.2, 103.6)
(2.7, 189.4, 105.5)
(0.7, 194.2, 105.8)
(358.8, 198.6, 105.5)
(358.8, 198.6, 105.5)
(354.5, 200.4, 104.8)
    
(18.1, 178.5, 99.4)
(15.3, 183.1, 101.8)
(15.3, 183.1, 101.8)
(10.9, 186.6, 103.0)
(5.3, 189.0, 103.6)
(358.8, 191.4, 105.2)
(354.7, 194.6, 107.3)
(354.7, 194.6, 107.3)
(355.4, 200.5, 108.2)
(354.3, 205.5, 107.3)
    
(9.2, 186.5, 102.1)
(6.9, 188.2, 103.6)
(6.9, 188.2, 103.6)
(5.6, 191.2, 105.0)
(3.5, 194.9, 105.4)
(360.0, 198.4, 104.9)
(356.4, 201.9, 104.5)
(356.4, 201.9, 104.5)
(352.4, 205.4, 104.5)
(349.1, 208.3, 104.8)
    
(15.9, 176.0, 103.9)
(13.8, 179.5, 105.8)
(11.6, 184.0, 107.6)
(9.4, 188.4, 108.4)
(6.8, 192.4, 108.1)
(6.8, 192.4, 108.1)
(3.4, 195.8, 107.1)
(359.3, 198.7, 106.2)
(356.6, 202.1, 105.5)
(356.6, 202.1, 105.5)
    
(17.4, 187.3, 109.8)
(14.9, 189.0, 109.9)
(11.5, 190.8, 107.7)
(11.5, 190.8, 107.7)
(6.0, 192.7, 105.7)
(359.2, 195.2, 105.6)
(354.4, 199.5, 107.0)
(353.7, 205.4, 108.1)
(353.7, 205.4, 108.1)
(356.8, 211.8, 107.6)
    
(16.6, 184.1, 110.5)
(13.6, 186.8, 110.7)
(10.3, 189.4, 111.2)
(10.3, 189.4, 111.2)
(7.0, 192.7, 111.7)
(4.5, 196.7, 111.6)
(1.7, 201.0, 111.0)
(358.5, 204.9, 110.3)
(358.5, 204.9, 110.3)
(354.6, 208.9, 109.9)
    
(20.9, 173.8, 103.8)
(16.5, 178.2, 105.1)
(12.9, 182.9, 106.3)
(8.7, 187.1, 107.4)
(8.7, 187.1, 107.4)
(4.4, 190.8, 107.9)
(0.3, 194.6, 108.5)
(357.5, 198.1, 108.7)
(355.1, 201.3, 108.6)
(355.1, 201.3, 108.6)
    
(21.3, 182.5, 110.1)
(16.0, 184.7, 109.0)
(11.1, 186.7, 108.1)
(11.1, 186.7, 108.1)
(6.3, 189.2, 108.2)
(2.9, 192.2, 109.6)
(0.4, 195.7, 111.3)
(359.9, 200.2, 112.4)
(359.9, 200.2, 112.4)
(359.3, 204.1, 111.8)
    
(15.9, 188.1, 103.9)
(10.3, 188.5, 102.8)
(10.3, 188.5, 102.8)
(2.5, 188.2, 102.0)
(357.7, 190.4, 103.0)
(355.5, 194.4, 104.1)
(355.6, 199.3, 104.8)
(355.6, 199.3, 104.8)
(354.0, 203.4, 104.8)
(350.6, 206.3, 103.6)
    
(23.5, 185.3, 109.2)
(20.0, 185.9, 108.2)
(16.6, 186.0, 107.2)
(13.9, 186.6, 106.5)
(13.9, 186.6, 106.5)
(10.4, 188.6, 107.0)
(7.4, 191.7, 108.8)
(5.8, 197.1, 111.6)
(3.7, 203.7, 111.7)
(3.7, 203.7, 111.7)
    
(10.1, 179.0, 105.8)
(7.5, 181.8, 107.4)
(5.2, 184.9, 109.4)
(5.2, 184.9, 109.4)
(4.0, 188.1, 110.9)
(1.9, 190.7, 111.4)
(359.2, 192.8, 111.3)
(355.8, 195.0, 111.0)
(355.8, 195.0, 111.0)
(353.3, 197.6, 110.9)
    
(13.1, 170.7, 107.4)
(13.1, 170.7, 107.4)
(11.6, 173.4, 108.9)
(9.7, 176.9, 110.2)
(6.6, 180.3, 110.6)
(6.6, 180.3, 110.6)
(1.6, 182.7, 110.7)
(357.3, 185.9, 111.0)
(354.3, 190.6, 111.4)
(352.7, 196.0, 111.9)
    
(18.0, 172.7, 102.5)
(14.5, 174.6, 103.2)
(14.5, 174.6, 103.2)
(12.2, 177.8, 104.6)
(10.2, 181.1, 106.3)
(8.6, 183.7, 107.8)
(6.7, 185.7, 108.9)
(6.7, 185.7, 108.9)
(3.9, 187.6, 109.5)
(0.3, 190.0, 110.0)
    
(12.8, 180.1, 105.9)
(7.4, 184.8, 106.7)
(3.8, 188.4, 107.7)
(3.8, 188.4, 107.7)
(1.2, 191.3, 108.5)
(358.8, 193.6, 108.5)
(358.0, 196.4, 108.1)
(358.0, 196.4, 108.1)
(356.7, 199.0, 107.7)
(355.6, 200.7, 107.5)
    
(12.3, 177.8, 100.8)
(12.3, 177.8, 100.8)
(7.7, 178.7, 101.6)
(4.1, 180.2, 103.0)
(3.3, 182.6, 105.0)
(2.1, 185.4, 105.7)
(2.1, 185.4, 105.7)
(358.7, 187.7, 105.7)
(353.7, 190.6, 104.1)
(348.3, 194.3, 102.7)
    
(22.1, 178.7, 104.2)
(17.4, 181.0, 105.2)
(12.4, 183.4, 106.2)
(12.4, 183.4, 106.2)
(7.4, 188.2, 109.2)
(3.6, 195.6, 113.2)
(0.7, 204.1, 115.8)
(358.1, 209.1, 115.6)
(358.1, 209.1, 115.6)
(354.2, 211.4, 114.6)
    
(15.5, 179.4, 101.9)
(11.1, 181.5, 102.3)
(5.9, 183.0, 102.5)
(5.9, 183.0, 102.5)
(0.2, 185.5, 102.5)
(356.3, 189.9, 103.2)
(354.2, 195.2, 104.2)
(353.9, 200.2, 105.0)
(353.9, 200.2, 105.0)
(352.3, 202.4, 105.9)
    
(12.4, 177.8, 99.6)
(12.4, 177.8, 99.6)
(9.9, 181.5, 101.3)
(5.4, 183.6, 102.5)
(2.0, 186.5, 103.2)
(359.8, 190.6, 103.8)
(359.8, 190.6, 103.8)
(358.4, 196.1, 104.2)
(357.0, 200.7, 104.2)
(355.3, 203.8, 103.9)
    
(22.8, 180.5, 106.8)
(17.6, 183.8, 107.7)
(12.6, 187.3, 108.5)
(8.6, 190.9, 109.5)
(8.6, 190.9, 109.5)
(5.9, 194.5, 110.5)
(2.9, 198.0, 110.9)
(359.3, 200.8, 110.7)
(356.1, 203.8, 110.3)
(356.1, 203.8, 110.3)
    
(17.7, 179.5, 110.7)
(16.7, 183.4, 111.5)
(13.5, 186.5, 111.6)
(13.5, 186.5, 111.6)
(9.3, 189.3, 111.0)
(4.6, 192.2, 110.5)
(0.7, 195.4, 110.2)
(358.3, 198.8, 110.2)
(358.3, 198.8, 110.2)
(358.2, 202.5, 110.3)
    
(22.9, 182.1, 107.4)
(18.2, 187.1, 108.5)
(12.5, 191.1, 108.8)
(12.5, 191.1, 108.8)
(7.9, 193.6, 109.4)
(2.0, 193.9, 109.1)
(359.6, 194.4, 109.0)
(356.3, 195.2, 107.4)
(356.3, 195.2, 107.4)
(352.2, 196.8, 105.6)
    
(11.8, 177.9, 102.1)
(9.7, 176.5, 102.9)
(7.4, 178.2, 103.8)
(4.1, 181.1, 104.5)
(4.1, 181.1, 104.5)
(1.9, 184.9, 104.9)
(359.7, 189.3, 105.1)
(356.5, 193.3, 105.0)
(353.2, 197.3, 104.8)
(353.2, 197.3, 104.8)
    
(11.2, 170.8, 99.2)
(8.6, 174.5, 101.7)
(8.3, 179.4, 104.8)
(8.3, 179.4, 104.8)
(7.8, 185.5, 106.5)
(4.4, 189.9, 106.3)
(358.2, 191.1, 105.4)
(350.5, 190.3, 104.8)
(350.5, 190.3, 104.8)
(347.1, 190.8, 104.2)
    
(13.4, 183.0, 106.0)
(13.9, 184.8, 107.8)
(13.1, 185.7, 109.6)
(13.1, 185.7, 109.6)
(10.1, 186.8, 109.7)
(6.0, 188.8, 108.8)
(0.4, 190.5, 108.1)
(355.5, 193.1, 109.2)
(355.5, 193.1, 109.2)
(355.2, 197.8, 109.4)
    
(13.8, 180.3, 106.1)
(13.8, 180.3, 106.1)
(9.3, 182.5, 107.3)
(5.9, 185.5, 109.1)
(4.8, 189.4, 111.1)
(4.4, 192.3, 112.5)
(4.4, 192.3, 112.5)
(3.2, 194.4, 113.2)
(0.6, 197.2, 112.4)
(357.9, 200.7, 111.1)
    
(9.0, 177.6, 107.4)
(8.2, 183.5, 111.9)
(8.9, 189.7, 115.5)
(8.6, 192.4, 115.2)
(8.6, 192.4, 115.2)
(4.8, 191.7, 112.5)
(358.4, 190.3, 109.4)
(355.3, 192.2, 108.6)
(357.6, 197.9, 110.2)
(357.6, 197.9, 110.2)
    
(17.3, 181.6, 103.7)
(17.3, 181.6, 103.7)
(15.6, 183.1, 104.6)
(12.5, 183.1, 104.9)
(8.9, 183.3, 105.2)
(6.2, 184.6, 105.6)
(6.2, 184.6, 105.6)
(4.6, 186.3, 105.8)
(3.0, 187.9, 105.9)
(1.5, 189.3, 105.8)
    
(8.7, 182.4, 102.8)
(8.7, 182.4, 102.8)
(3.2, 184.6, 104.3)
(359.3, 187.3, 106.1)
(356.9, 190.7, 108.1)
(356.9, 190.7, 108.1)
(356.6, 193.9, 109.4)
(355.4, 195.4, 110.2)
(352.2, 195.7, 110.9)
(348.2, 196.8, 111.7)
    
(16.2, 175.7, 98.8)
(11.8, 184.3, 102.8)
(11.8, 184.3, 102.8)
(4.8, 189.6, 103.7)
(358.5, 194.1, 103.3)
(352.6, 198.3, 103.0)
(347.8, 201.7, 103.1)
(347.8, 201.7, 103.1)
(345.7, 204.7, 102.6)
(344.1, 207.4, 102.3)
    
/n
