    
    
    
    
    
    
    
    
    
    
0
0.1637991
0.1460184
0.155229
0.1095203
0
0.09256759
0.07445308
0.07163946
    
0.2728213
0.2573684
0.1555551
0.1580107
0
0.1288446
0.07500046
0.05766528
0
    
0.1335304
0.1255199
0
0.1224154
0.1141006
0.09559368
0.07760525
0
0.06550889
    
0
0.1365183
0.100874
0.0963277
0.09137663
0
0.0793679
0.05499336
0.03994956
    
0.2074135
0.1524926
0.1649269
0.1169217
0
0.09694252
0.07144805
0.06788176
0.05709422
    
0.1372204
0
0.1277472
0.112677
0.0930927
0.0864982
0
0.0836736
0.06459566
    
0.1292896
0
0.1236692
0.09619047
0.08290434
0.0615134
0
0.06767964
0.06216732
    
0.09794364
0.08894224
0.07413343
0.06649116
0.04472575
0
0.04356502
0.05223693
0.06436764
    
0.1102638
0.104646
0.0989655
0
0.1030729
0.07603787
0.0547355
0
0.04838262
    
0.1467941
0.1470381
0
0.1606649
0.1206589
0.1115604
0.09217581
0
0.1029153
    
0.1809387
0
0.1340928
0.123718
0.09479084
0.07122064
0
0.06991994
0.07485578
    
0.1283532
0.1189739
0.1210763
0
0.1514555
0.05304037
0.05118983
0
0.04983944
    
0.1714123
0
0.1527187
0.1390823
0.1118392
0.1074601
0
0.09651314
0.07509075
    
0.1812846
0.1665751
0.1225199
0.1382283
0
0.1062036
0.06391134
0.05444945
0
    
0.1212788
0.1319945
0.1236318
0.08975632
0
0.08058614
0.07042314
0.05385338
0
    
0.1433509
0.14267
0.1474745
0.1499411
0
0.1454408
0.118413
0.1060761
0
    
0
0.1658306
0.1448569
0.1459679
0.1133385
0
0.1181185
0.1062379
0.07797366
    
0.1654314
0.1482988
0
0.1394187
0.1261294
0.114411
0.104567
0
0.08564668
    
0
0.1239377
0.1332517
0.134633
0.129839
0
0.1197641
0.105694
0.09138768
    
0.1768932
0.1930115
0.124937
0
0.1289098
0.1055915
0.08066484
0.06130408
0
    
0.1149696
0
0.1275182
0.1352646
0.1093284
0.06800952
0
0.05078258
0.04605774
    
0.1196932
0.143812
0.09038961
0
0.07968358
0.06926294
0.05642733
0.05250267
0
    
0.1740807
0.1522474
0.10059
0.09502395
0
0.08036901
0.06906451
0.0394798
0.03367425
    
0
0.1280913
0.1176826
0.09145349
0.0812299
0
0.07134276
0.05093362
0.05281889
    
0.1242611
0.117076
0.1075102
0.07961842
0
0.07060191
0.06013941
0.05582831
0
    
0.1349649
0.1216352
0
0.0857357
0.08248777
0.07705002
0.06403594
0
0.04903847
    
0.1151433
0
0.100698
0.07583885
0.0593995
0.0567103
0
0.04779293
0.04291119
    
0.1135449
0.08472072
0.06564734
0
0.07102143
0.06737547
0.06440461
0.05393214
0
    
0.1475718
0.1171154
0.1155696
0
0.1068742
0.09477403
0.09714292
0.08021165
0
    
0.127691
0.1144251
0.09595045
0
0.0894561
0.08234603
0.08270028
0.0735267
0
    
0.1282397
0
0.1321966
0.123935
0.09820812
0.07641655
0
0.06537295
0.05940434
    
0.123447
0
0.1319539
0.1417389
0.1372212
0
0.1169663
0.09650348
0.0819183
    
0.1159963
0.1027217
0.09581336
0
0.08007187
0.06734449
0.05962398
0.05408002
0
    
0
0.1022484
0.0751571
0.08295787
0.09117761
0
0.08126239
0.0814779
0.0646713
    
0.1404914
0.1209591
0
0.1243293
0.1216974
0.1309475
0.09250893
0
0.07518625
    
0.1059762
0.08650508
0.08804721
0.107123
0
0.1051656
0.09792514
0.08018238
0.07032958
    
0
0.1256199
0.1074287
0.1084861
0.0988849
0
0.08194546
0.06784032
0.05804998
    
0.1342835
0
0.126368
0.1314379
0.1275622
0.09763169
0
0.08403479
0.08045785
    
0.1169703
0.1069954
0
0.09935455
0.08287103
0.07428372
0.07644329
0
0.084323
    
0.1378485
0.1194606
0
0.1091311
0.1095368
0.122213
0.07322428
0
0.06173314
    
0.1011562
0.09303444
0
0.09171409
0.08697382
0.0651923
0.05482408
0
0.04483901
    
0.1397036
0.125977
0
0.1348596
0.1172449
0.1088494
0.09165008
0
0.08327386
    
0.09996313
0.07861223
0.08036356
0.06941656
0
0.05959479
0.05053623
0.04201562
0.04377889
    
0.1157045
0
0.1867179
0
0.07490683
0.07941324
0
0.07393256
0.05928986
    
0.07649668
0
0.07807073
0.07820864
0.06209498
0
0.06299089
0.05864937
0.0474447
    
0
0.09526367
0.09295861
0.08139652
0.07132588
0
0.06755225
0.06194374
0.05611413
    
0.1168979
0.1065617
0.09931219
0
0.09653136
0.09138329
0.08409804
0.07284006
0
    
0.1061648
0.1113787
0.110715
0
0.09009767
0.08410484
0.07437168
0.06768976
0.06408976
    
0.114704
0.1091676
0.1032083
0
0.1080151
0.08754027
0.07729621
0.07079332
0
    
0.09645586
0.0858297
0
0.07201423
0.07756991
0.08373816
0.08879922
0.07882767
0
    
0.1235591
0.1174573
0.112887
0.1094539
0
0.110365
0.1006239
0.09869642
0.09232602
    
0.1044836
0.1097982
0.08012067
0.07786795
0.07479527
0
0.06574736
0.05972363
0.0563775
    
0.1291917
0
0.130611
0.1290656
0.1149049
0.09253306
0
0.08438682
0.08655728
    
0.1192097
0
0.1109027
0.08366825
0.08487508
0.08657618
0
0.074006
0.07142968
    
0.1118455
0.1006557
0.08925095
0.08386142
0
0.07826405
0.07280203
0.06891152
0.06736806
    
0.07607637
0.06669682
0.06148295
0.06298387
0
0.06114816
0.05712802
0.04982903
0.04777809
    
0.1604523
0.1467837
0.1377182
0.1156724
0
0.08566615
0.08499899
0.07880981
0.07144681
    
0.08836137
0.07841837
0.07398848
0.07444678
0
0.07053493
0.06893916
0.05783112
0.05492259
    
0
0.1153945
0.1018036
0.09530264
0.09209688
0
0.0740281
0.0669615
0.05617236
    
0.1241607
0.1268048
0
0.09876408
0.08347715
0.07269226
0.07505001
0
0.08025057
    
0.1105218
0.1203382
0.1285686
0.1077086
0
0.0987329
0.1053811
0.08973357
0
    
0.1796345
0.1569519
0
0.144326
0.1298546
0.1186197
0.110539
0
0.09724717
    
0.2658094
0
0.1714876
0.1621545
0.1386231
0.1118963
0
0.1056067
0.100533
    
0.1427642
0
0.1268504
0.1094937
0.09672382
0.09211483
0
0.0913788
0.09678562
    
0
0.1554797
0.1435402
0.1476224
0.1338696
0
0.1312681
0.1267539
0.1029451
    
0.1819014
0.172581
0.1556046
0.142565
0
0.1375014
0.129058
0.1323032
0.1201427
    
0.154214
0.1500105
0
0.1550063
0.1413875
0.1224476
0.09654002
0
0.07982263
    
0.1423901
0
0.1251155
0.1352774
0.1159945
0.1109043
0.09463847
0
0.09427368
    
0.1556477
0.124635
0.1240134
0.1174421
0.1107314
0
0.09466918
0.08913441
0.08655021
    
0.1446835
0
0.1409769
0.1110796
0.09639336
0.09419826
0
0.09909481
0.09527442
    
0.09397151
0
0.0996212
0.0997479
0.09139469
0.08472615
0
0.08069866
0.08123339
    
0
0.1104284
0.1062051
0.09472524
0.09793383
0
0.0856313
0.068348
0.06527869
    
0.1656274
0.1644702
0
0.1457975
0.1274711
0.1325519
0.1271165
0
0.1104364
    
0.1396019
0
0.1163474
0.1023792
0.1049901
0.1209087
0
0.09391091
0.08878689
    
0.1032628
0.1043032
0.0981699
0
0.08360831
0.07857224
0.07046766
0.06402791
0.06032806
    
0.1053682
0.1058481
0
0.1044893
0.09308501
0.08442316
0.07646484
0
0.07890115
    
0.1159333
0
0.1180708
0.1169623
0.1096182
0.1039728
0
0.0977276
0.08882372
    
0.1950539
0.139598
0.1224403
0.112847
0
0.1008964
0.08910063
0.07982153
0
    
0.1291592
0.118505
0.09169937
0.08268075
0
0.07670639
0.07797012
0.08099383
0.07972416
    
0.1491347
0.1390499
0
0.1321842
0.1174617
0.1102192
0.1042544
0
0.0891506
    
0.1228091
0.1053643
0
0.1022578
0.1132924
0.1009508
0.09854229
0
0.08676878
    
0.1638568
0.1583529
0.1412918
0
0.126264
0.1140744
0.1129308
0.1043232
0
    
0
0.149249
0.1348866
0.1163678
0.1055193
0
0.1014656
0.1008925
0.1004145
    
0.1191423
0.1091103
0
0.1116276
0.113074
0.1114699
0.09964084
0
0.09351969
    
0
0.1495687
0.1195102
0.1090838
0.1088213
0.1035584
0
0.09603854
0.09133263
    
0
0.1451892
0.1189483
0.1225414
0.1013217
0
0.09530874
0.08402281
0.07411038
    
0.1391341
0.1413311
0.136254
0
0.1287871
0.1377642
0.1226
0.1023504
0
    
0.1441974
0
0.1236424
0.1271091
0.1089983
0.1031373
0
0.08799364
0.06674259
    
0.1532283
0.1548432
0
0.143877
0.124963
0.1020404
0.09072543
0
0.0921587
    
0.1412684
0.1377018
0.1348678
0
0.1358504
0.1355222
0.1200253
0.1135522
0
    
0.1368143
0.119882
0.1025372
0.1018131
0
0.08890389
0.08141537
0.08529588
0.08687777
    
0.1475416
0.1382211
0
0.125512
0.1071983
0.1032971
0.08648964
0
0.07825299
    
0.1111618
0
0.100474
0.09777648
0.09792465
0.1125403
0
0.09211012
0.07192051
    
0
0.12331
0.1284459
0.1124409
0.09449492
0
0.08627988
0.08339445
0.08083165
    
0.1582171
0.1209944
0.1333265
0
0.1281452
0.1068935
0.09551743
0.08960472
0
    
0.1196087
0
0.1060319
0.1042464
0.1056843
0.07880915
0
0.07586097
0.07270262
    
0
0.1315008
0.1206649
0.1013976
0.08694469
0
0.07096953
0.07666481
0.07542919
    
0.1238524
0.1167486
0
0.1117523
0.09920277
0.0876661
0
0.07962295
0.08015461
    
0.1284291
0.1166614
0.09389665
0.08899879
0
0.08098719
0.07315993
0.06397069
0.06274576
    
0.1606036
0
0.1318225
0.1140869
0.111644
0.08808065
0
0.08118349
0.06512003
    
/n
0.1460002
0
0.1472003
0.1294668
0.1072818
0
0.09197332
0.08902324
0.08837102
    
0.1500341
0.1455931
0.1327969
0.1117619
0
0.1003053
0.08000554
0.07304313
0.06171174
    
0.1477053
0.1189829
0.09829725
0
0.08698873
0.0872796
0.08202108
0.06803226
0
    
0.1514373
0.1145233
0
0.09442781
0.07537199
0.07485934
0.07934696
0
0.06934198
    
0.1237941
0.1104976
0.1005982
0.08631276
0
0.06851667
0.0738513
0.08107699
0.07086948
    
0.1086244
0
0.1052455
0.1199536
0.105648
0
0.09117466
0.07388443
0.07549649
    
0.1537687
0.1065869
0.1021316
0.09519689
0
0.08529571
0.06838629
0.0616756
0.06799594
    
0.12032
0.1038053
0
0.1002804
0.08711149
0.0834415
0.06960028
0
0.05971637
    
0.1172673
0.1028216
0.09388002
0.08434821
0
0.08675205
0.08215067
0.07464407
0.07012627
    
0.09803472
0.1070199
0.09885616
0.09129575
0
0.07235027
0.06078243
0.06476931
0.067913
    
0.1446055
0.1520747
0.1314366
0
0.1224591
0.1177491
0.1058295
0.1046086
0
    
0
0.1227183
0.1272356
0.1312695
0.1248051
0
0.1277882
0.1157925
0.1005318
    
0.1128668
0.1131234
0.1048414
0
0.1140407
0.1150955
0.08987248
0.07219818
0
    
0.1216539
0.1242858
0
0.1229879
0.1205517
0.1230643
0.116521
0
0.09680886
    
0.1595476
0.1229898
0.1117979
0.1065186
0
0.1032396
0.09981867
0.07927009
0.0680907
    
0.1208767
0.1233213
0.1145841
0.1170753
0
0.1111299
0.1031077
0.08465848
0.08701886
    
0.1330914
0.1385928
0
0.1360087
0.1528656
0.1157798
0.1170157
0
0.1158153
    
0.1273646
0.1193928
0
0.1104933
0.09526057
0.09241158
0.09338613
0
0.09380651
    
0.1447396
0
0.1352159
0.1177764
0.1062241
0.1014879
0
0.095432
0.09104057
    
0.1161677
0.119676
0.1351928
0.1207649
0
0.1115492
0.1013834
0.09594192
0.09179857
    
0.1490569
0.1400663
0.1184254
0.1141935
0
0.09292698
0.08820927
0.0723305
0.06409193
    
0
0.1482035
0.1296347
0.1372058
0.1329134
0
0.1194687
0.1170756
0.1044447
    
0.1245137
0
0.1255433
0.1171892
0.1099032
0.1157887
0
0.1207306
0.1072515
    
0
0.08977058
0.1044665
0.1211024
0.1115898
0
0.1075786
0.1128051
0.1092974
    
0.122017
0.1172606
0.1143326
0.114254
0
0.1109845
0.1058415
0.0969966
0.0905759
    
0.1335404
0.1409595
0
0.1288905
0.1181972
0.1171348
0.1167049
0
0.1068131
    
0.1609499
0
0.1513045
0.1519511
0.139624
0.1253499
0
0.1096685
0.1006796
    
0.1352971
0.1360005
0
0.1399195
0.141352
0.1202914
0.1088803
0
0.09676921
    
0.1389288
0.1271422
0.1189888
0.1144965
0
0.1232659
0.1087307
0.08508286
0.08193572
    
0.1090219
0.09687399
0
0.08810076
0.08773474
0.08540216
0.07202551
0
0.0589106
    
0.1074804
0.1102572
0
0.09649184
0.09933843
0.1051518
0.0896457
0
0.0930157
    
0.129698
0
0.1306899
0.1214681
0.09495865
0.08930143
0
0.09216159
0.1050218
    
0.1363795
0.1263263
0.1027728
0.08616761
0
0.08831666
0.1002948
0.09839553
0.07895199
    
0.1317098
0.1114827
0
0.1063022
0.102824
0.09543543
0.08023048
0
0.06969742
    
0.1039004
0.1032673
0.09614599
0
0.09029066
0.08229931
0.08177263
0.08825034
0
    
0.1320104
0.1250817
0
0.1173041
0.1085766
0.09647342
0.09205089
0
0.09373018
    
0.1281792
0.1234214
0.1292215
0
0.1186655
0.09991574
0.09003622
0.09067713
0.08467659
    
0.09711726
0.08927242
0.0753746
0
0.06347049
0.06859078
0.06143518
0.05919497
0
    
0
0.09372642
0.1010234
0.1000159
0.1005069
0
0.08362463
0.08062573
0.08586893
    
0.09770416
0.09723347
0.0971994
0
0.1043333
0.09549011
0.09114529
0.08335921
0
    
0.1196221
0.1237724
0.1141024
0.1108889
0
0.106952
0.1038372
0.1005822
0.09664843
    
0.1269394
0.1173281
0
0.1076857
0.1069083
0.1022383
0.09873205
0
0.09314458
    
0.1337945
0.1266894
0.1077239
0.09824412
0
0.09829652
0.08823679
0.08453233
0.07799118
    
0.1175696
0.1112472
0
0.1077217
0.100275
0.1010077
0.09363545
0
0.08780215
    
0
0.1123039
0.09142251
0.09183879
0.09652358
0
0.08634891
0.08055428
0.07620206
    
0.1590442
0.1516271
0
0.1380373
0.1290429
0.1171987
0.114918
0.1018041
0
    
0.1286246
0
0.1227779
0.1228858
0.1117462
0.1000446
0
0.091658
0.08874873
    
0.1277725
0
0.1171755
0.113648
0.1196007
0.1174488
0
0.1137409
0.10475
    
0.1400554
0
0.1341283
0.1239252
0.1244322
0.1112095
0
0.1137693
0.1141913
    
0.1578814
0.150027
0.1564523
0
0.1490659
0.1496123
0.1419622
0.1340905
0
    
0.1444365
0
0.1464515
0.1580313
0.1433861
0.141053
0
0.1202159
0.1217692
    
0.1376315
0.1371915
0.1299648
0
0.1242611
0.1213732
0.1243976
0.1276547
0
    
0.1303278
0.1251462
0
0.1292897
0.1371069
0.1354653
0.123073
0
0.113803
    
0
0.1492282
0.1564866
0.1471222
0.1462531
0
0.1441264
0.1272132
0.1192908
    
0.1358578
0.1262414
0
0.1301292
0.1316681
0.1326602
0.1293004
0
0.1167252
    
0.1677671
0.1602675
0
0.1587968
0.1691018
0.1408286
0.1585239
0
0.1440514
    
0.154984
0
0.1646599
0.1346705
0.1196792
0.108351
0
0.1118676
0.1212365
    
0.1209014
0.1165807
0.1222474
0.1292485
0
0.1495127
0.1206074
0.1152254
0.107856
    
0
0.1279753
0.1278035
0.1318065
0.1212529
0
0.1067176
0.09589723
0.09804427
    
0.1281719
0.1188999
0.1207577
0
0.1406063
0.1418428
0.1345088
0.1456461
0
    
0.1355091
0
0.1600857
0.1211494
0.1197502
0.1169309
0
0.1148867
0.1066067
    
0.09906088
0.1096297
0
0.118154
0.1236462
0.1374938
0.1237166
0
0.1187264
    
0.129976
0.1423837
0.1346078
0.1316453
0
0.1084968
0.1118552
0.1137881
0
    
0.151409
0.1580869
0.1475718
0.1338886
0
0.1259678
0.1194579
0.1090116
0.09678663
    
0
0.1104214
0.09035115
0.07996453
0.07322347
0
0.07684196
0.08690535
0.08942876
    
0
0.1381704
0.1267035
0.1302134
0.1267559
0
0.1266322
0.1154675
0.111512
    
0.1290488
0.1209773
0
0.1217289
0.1208895
0.1081492
0.0955203
0
0.08597074
    
0.1464127
0
0.121542
0.105475
0.09828031
0.1057537
0
0.1048737
0.09399981
    
0.1032677
0.1155884
0.1285674
0
0.1053444
0.09429362
0.09111576
0.08590341
0
    
0.122118
0.1246871
0
0.1134328
0.1035459
0.1023043
0.09696611
0
0.09987558
    
0.1207889
0.1308858
0.1059172
0
0.09338338
0.09098058
0.09945761
0.1033154
0
    
0.1086111
0.105391
0.08936573
0
0.08792608
0.07402409
0.07000961
0.07946582
0
    
0.129257
0.09988788
0.1036596
0
0.1031674
0.1015022
0.08089763
0.07409915
0.07173763
    
0.1193608
0
0.1157923
0.1158552
0.1056753
0.1083015
0
0.1010367
0.09433986
    
0.1250798
0
0.129077
0.1323249
0.1180763
0.101331
0
0.1001377
0.1012987
    
0.1258682
0.1211877
0.1158929
0
0.106741
0.09736893
0.08809181
0.08166701
0
    
0.1080254
0
0.1126853
0.1101435
0.09999917
0.09833476
0
0.09552392
0.09719766
    
0
0.1427827
0.1389061
0.1367217
0.1282435
0
0.1250377
0.120806
0.123055
    
0.1435896
0.1496198
0
0.1390326
0.1272096
0.1130129
0
0.1215848
0.1284986
    
0.1551133
0.1265619
0.1235801
0.1211096
0
0.1200863
0.1060143
0.09407686
0.08870699
    
0.1436891
0.1459564
0.1577744
0.1441439
0
0.142878
0.1164617
0.117129
0.1305936
    
0.09452034
0.09593425
0
0.09876531
0.1018648
0.1030035
0.09795443
0
0.09098715
    
0.1484649
0
0.1330559
0.1305791
0.136415
0
0.152907
0.124462
0.114602
    
0.1361869
0.1376555
0.1250924
0
0.1255892
0.1306652
0.1387268
0.1378436
0
    
0.1427239
0.1194269
0
0.1060781
0.1195118
0.1414483
0.1403385
0
0.1256457
    
0.1353428
0.1362052
0.1376278
0.1162969
0.104578
0
0.09820344
0.09604845
0.09775828
    
0.1616081
0.1542584
0
0.146801
0.1368456
0.1377885
0.1354552
0
0.116767
    
0
0.1197748
0.1184901
0.130611
0.121892
0
0.1129932
0.09824654
0.0883728
    
0.1176077
0
0.1169086
0.1205659
0.1221782
0.1245161
0.1171981
0
0.1114094
    
0.1521141
0
0.1541982
0.1503551
0.1474157
0.1418222
0
0.1491669
0.1461892
    
0.1182897
0
0.1293966
0.1413854
0.1286508
0.108528
0
0.1042115
0.1034515
    
0.1164082
0.1095438
0.1146173
0.1128685
0
0.1259556
0.1329299
0.1082904
0.1018832
    
0
0.1263019
0.1359179
0.1274807
0.1119701
0
0.1016872
0.1100473
0.112399
    
0.1235508
0.1208976
0.1061508
0.1043326
0
0.1168434
0.1225033
0.1133215
0.1018172
    
0.1194302
0
0.1094917
0.1074883
0.1115743
0.0987677
0
0.1009582
0.115166
    
0.11878
0.1131324
0
0.1260979
0.1096869
0.1054003
0.09605889
0
0.08960781
    
0.138978
0
0.1237689
0.1133875
0.1142864
0.1063946
0
0.1104326
0.1065778
    
0.1446968
0.1399664
0.1267502
0
0.1062926
0.09930319
0.1013132
0.09639001
0
    
0.1048627
0.113633
0
0.1258236
0.1469459
0.1376708
0.1390907
0.1365775
0
    
0
0.1522438
0.1477957
0.1434268
0.1317474
0
0.1367956
0.1324319
0.1171392
    
/n
