    
    
    
    
    
    
    
    
    
    
(9.2, 179.3, 95.9)
(9.2, 179.3, 95.9)
(6.7, 187.2, 95.4)
(5.0, 193.5, 96.0)
(1.7, 201.0, 97.0)
(1.4, 204.5, 97.2)
(1.4, 204.5, 97.2)
(3.9, 206.3, 96.9)
(4.6, 207.1, 96.3)
(4.3, 207.9, 95.9)
    
(14.9, 158.0, 96.3)
(16.1, 177.0, 105.5)
(10.6, 193.0, 109.1)
(6.1, 199.5, 107.9)
(1.5, 205.9, 106.5)
(1.5, 205.9, 106.5)
(1.8, 213.0, 107.9)
(3.7, 213.9, 109.6)
(5.0, 212.6, 109.4)
(5.0, 212.6, 109.4)
    
(10.4, 163.8, 98.6)
(11.5, 171.3, 101.1)
(10.3, 177.2, 105.4)
(10.3, 177.2, 105.4)
(7.1, 182.6, 110.8)
(4.6, 188.3, 115.4)
(4.2, 193.1, 117.6)
(4.3, 195.6, 117.3)
(4.3, 195.6, 117.3)
(3.8, 195.5, 115.1)
    
(12.0, 181.1, 107.8)
(12.0, 181.1, 107.8)
(9.6, 186.7, 107.8)
(7.0, 189.1, 106.0)
(5.7, 191.8, 103.5)
(6.5, 195.4, 102.6)
(6.5, 195.4, 102.6)
(6.9, 198.5, 103.9)
(7.3, 198.8, 105.2)
(7.9, 198.1, 106.1)
    
(35.1, 172.1, 108.7)
(29.6, 184.6, 119.3)
(24.1, 190.6, 124.1)
(18.9, 199.4, 128.7)
(17.7, 206.0, 131.3)
(17.7, 206.0, 131.3)
(17.3, 208.2, 131.3)
(15.7, 206.6, 127.6)
(14.9, 205.5, 124.4)
(15.5, 206.0, 123.5)
    
(29.1, 169.2, 107.2)
(27.9, 177.3, 109.7)
(27.9, 177.3, 109.7)
(26.0, 183.2, 111.8)
(23.8, 186.8, 112.4)
(22.6, 189.9, 112.8)
(21.5, 193.2, 113.8)
(21.5, 193.2, 113.8)
(19.8, 196.2, 115.7)
(18.2, 197.5, 117.0)
    
(19.8, 181.6, 111.6)
(16.4, 186.6, 111.8)
(16.4, 186.6, 111.8)
(15.2, 192.0, 112.6)
(14.3, 194.8, 112.8)
(11.7, 194.7, 113.2)
(10.4, 194.2, 113.3)
(10.4, 194.2, 113.3)
(10.7, 195.5, 112.8)
(11.6, 197.2, 112.3)
    
(20.7, 172.8, 110.0)
(20.8, 177.7, 113.4)
(19.8, 181.7, 116.6)
(18.2, 184.5, 118.2)
(16.6, 186.1, 119.0)
(15.6, 184.5, 117.8)
(15.6, 184.5, 117.8)
(15.1, 183.5, 115.6)
(14.6, 184.5, 113.8)
(14.9, 187.9, 113.2)
    
(26.0, 168.9, 106.6)
(23.2, 173.5, 108.0)
(19.0, 177.2, 107.4)
(16.0, 182.1, 108.7)
(16.0, 182.1, 108.7)
(14.9, 188.0, 111.3)
(15.3, 191.5, 112.8)
(15.4, 192.6, 112.4)
(15.4, 192.6, 112.4)
(15.4, 192.2, 110.5)
    
(19.4, 161.5, 100.5)
(18.5, 169.4, 102.3)
(18.1, 177.7, 105.5)
(18.1, 177.7, 105.5)
(16.2, 187.1, 110.1)
(13.4, 191.4, 111.7)
(11.6, 193.5, 112.6)
(9.8, 196.3, 112.8)
(9.8, 196.3, 112.8)
(6.8, 200.1, 113.3)
    
(20.7, 187.8, 113.0)
(16.0, 194.9, 116.0)
(16.0, 194.9, 116.0)
(11.3, 197.8, 114.4)
(6.4, 200.4, 112.4)
(4.6, 201.6, 112.5)
(5.6, 201.9, 112.9)
(5.6, 201.9, 112.9)
(5.3, 202.8, 112.9)
(3.6, 204.7, 113.6)
    
(21.3, 165.8, 114.0)
(17.7, 171.0, 115.9)
(13.6, 176.1, 114.7)
(10.0, 183.8, 114.7)
(10.0, 183.8, 114.7)
(5.7, 194.8, 118.0)
(5.7, 196.6, 118.1)
(5.9, 196.8, 116.5)
(5.9, 196.8, 116.5)
(6.5, 197.2, 114.2)
    
(20.5, 166.2, 113.7)
(19.7, 176.6, 116.2)
(19.7, 176.6, 116.2)
(18.0, 184.7, 118.1)
(15.3, 189.9, 118.3)
(12.6, 192.1, 117.1)
(10.2, 194.0, 115.4)
(10.2, 194.0, 115.4)
(6.4, 195.6, 113.6)
(5.2, 196.5, 111.8)
    
(19.0, 175.9, 110.7)
(19.4, 187.8, 117.8)
(12.9, 192.4, 118.4)
(6.1, 194.0, 114.3)
(2.6, 200.4, 110.8)
(2.6, 200.4, 110.8)
(2.6, 205.8, 111.9)
(3.2, 207.0, 112.4)
(4.1, 207.3, 112.4)
(4.1, 207.3, 112.4)
    
(17.6, 165.0, 107.9)
(16.9, 171.8, 109.9)
(15.6, 179.8, 112.2)
(14.1, 186.4, 114.3)
(12.8, 189.8, 113.9)
(12.8, 189.8, 113.9)
(11.5, 192.5, 112.5)
(10.9, 194.4, 111.6)
(10.9, 195.4, 111.4)
(10.9, 195.4, 111.4)
    
(22.9, 171.3, 113.3)
(20.0, 176.8, 114.2)
(14.7, 179.7, 113.4)
(12.2, 185.3, 113.2)
(10.3, 192.4, 113.7)
(10.3, 192.4, 113.7)
(7.5, 198.6, 114.9)
(5.4, 201.2, 114.5)
(3.1, 203.1, 112.2)
(3.1, 203.1, 112.2)
    
(20.6, 173.9, 112.8)
(20.6, 173.9, 112.8)
(17.3, 181.8, 114.5)
(14.3, 186.7, 115.5)
(12.3, 190.8, 115.3)
(10.5, 194.3, 114.2)
(10.5, 194.3, 114.2)
(7.6, 198.2, 113.2)
(5.0, 200.6, 112.8)
(4.1, 201.9, 113.1)
    
(19.1, 172.2, 119.5)
(13.6, 177.9, 118.0)
(10.4, 183.8, 117.4)
(10.4, 183.8, 117.4)
(8.1, 188.7, 117.0)
(6.5, 192.7, 117.9)
(5.3, 196.4, 119.0)
(4.0, 199.9, 118.3)
(4.0, 199.9, 118.3)
(2.5, 201.4, 116.2)
    
(14.3, 176.6, 116.3)
(14.3, 176.6, 116.3)
(12.2, 180.7, 118.9)
(9.4, 185.1, 121.2)
(5.3, 189.3, 122.0)
(0.0, 192.5, 121.7)
(0.0, 192.5, 121.7)
(355.8, 195.5, 119.8)
(353.7, 198.4, 117.8)
(352.4, 200.0, 118.4)
    
(8.7, 185.1, 110.4)
(5.1, 191.6, 115.8)
(359.5, 197.7, 120.4)
(354.9, 199.8, 121.8)
(354.9, 199.8, 121.8)
(349.8, 201.7, 121.4)
(347.6, 205.2, 120.3)
(346.8, 208.1, 121.0)
(347.4, 208.3, 124.5)
(347.4, 208.3, 124.5)
    
(25.0, 171.2, 113.5)
(20.6, 172.9, 112.6)
(20.6, 172.9, 112.6)
(17.1, 177.9, 112.2)
(13.5, 185.0, 113.2)
(11.4, 189.7, 114.1)
(11.7, 191.1, 114.1)
(11.7, 191.1, 114.1)
(12.2, 190.4, 113.6)
(10.7, 190.1, 113.5)
    
(25.7, 179.4, 111.0)
(25.0, 186.2, 113.5)
(24.1, 195.7, 118.5)
(22.4, 199.4, 119.7)
(22.4, 199.4, 119.7)
(19.9, 200.8, 118.6)
(17.0, 200.9, 116.3)
(15.2, 202.3, 116.1)
(14.5, 204.6, 116.7)
(14.5, 204.6, 116.7)
    
(23.3, 180.2, 109.6)
(23.3, 192.3, 116.3)
(19.7, 200.1, 121.7)
(16.4, 201.6, 120.6)
(13.6, 203.7, 117.6)
(13.6, 203.7, 117.6)
(12.5, 206.3, 116.3)
(11.5, 208.7, 116.8)
(11.3, 209.0, 117.4)
(11.1, 208.9, 117.3)
    
(24.8, 174.8, 108.8)
(24.8, 174.8, 108.8)
(22.5, 181.7, 112.3)
(19.8, 186.9, 114.9)
(18.3, 189.6, 114.1)
(16.3, 191.1, 109.8)
(16.3, 191.1, 109.8)
(14.7, 193.0, 107.7)
(14.7, 195.3, 109.3)
(15.3, 197.8, 112.8)
    
(13.5, 178.8, 109.6)
(11.4, 184.9, 110.4)
(8.7, 190.7, 110.9)
(7.2, 195.1, 111.2)
(6.3, 197.2, 109.8)
(6.3, 197.2, 109.8)
(5.2, 199.1, 107.8)
(4.2, 201.0, 106.4)
(3.4, 202.5, 105.9)
(3.4, 202.5, 105.9)
    
(15.0, 163.9, 111.9)
(15.1, 174.1, 114.9)
(12.4, 180.8, 117.1)
(12.4, 180.8, 117.1)
(7.9, 182.8, 116.5)
(4.1, 185.6, 114.6)
(3.0, 189.9, 113.5)
(4.3, 194.1, 114.0)
(4.3, 194.1, 114.0)
(5.4, 196.9, 114.1)
    
(20.3, 184.9, 113.7)
(15.5, 190.0, 113.6)
(15.5, 190.0, 113.6)
(13.7, 195.6, 116.0)
(12.8, 198.4, 117.0)
(11.0, 199.1, 115.1)
(7.7, 199.7, 112.4)
(7.7, 199.7, 112.4)
(5.8, 200.4, 110.6)
(4.9, 201.3, 109.5)
    
(18.7, 166.9, 104.3)
(17.5, 174.3, 107.3)
(14.8, 177.2, 108.4)
(11.6, 178.2, 108.1)
(11.6, 178.2, 108.1)
(8.2, 180.3, 107.9)
(7.5, 183.8, 109.0)
(8.1, 187.6, 110.5)
(8.1, 189.9, 111.1)
(8.1, 189.9, 111.1)
    
(13.4, 172.9, 109.3)
(11.3, 181.2, 111.1)
(10.0, 186.4, 110.5)
(8.1, 191.1, 109.3)
(8.1, 191.1, 109.3)
(9.2, 194.7, 107.4)
(9.1, 197.6, 105.4)
(8.1, 200.7, 103.2)
(8.4, 203.8, 102.5)
(8.4, 203.8, 102.5)
    
(20.1, 182.6, 115.7)
(17.2, 187.9, 116.4)
(15.7, 191.8, 116.2)
(13.5, 193.4, 114.4)
(13.5, 193.4, 114.4)
(10.1, 194.3, 112.2)
(8.2, 196.8, 111.6)
(7.7, 200.5, 112.5)
(8.3, 204.0, 114.1)
(8.3, 204.0, 114.1)
    
(27.0, 172.8, 103.9)
(21.6, 177.4, 104.1)
(21.6, 177.4, 104.1)
(19.6, 185.7, 106.6)
(19.4, 193.8, 109.7)
(19.2, 198.4, 111.1)
(16.9, 199.7, 109.1)
(16.9, 199.7, 109.1)
(15.2, 201.5, 108.1)
(14.1, 203.4, 107.6)
    
(27.8, 178.2, 115.6)
(22.8, 179.4, 113.3)
(22.8, 179.4, 113.3)
(16.8, 181.7, 109.2)
(11.0, 187.0, 106.2)
(6.7, 193.4, 104.8)
(6.7, 193.4, 104.8)
(4.7, 198.1, 104.2)
(4.1, 201.4, 103.7)
(3.7, 204.4, 103.1)
    
(16.5, 190.4, 104.4)
(14.1, 196.1, 104.5)
(14.5, 201.8, 105.7)
(14.2, 206.9, 106.8)
(14.2, 206.9, 106.8)
(11.8, 210.0, 106.0)
(9.3, 211.4, 103.6)
(9.0, 212.7, 102.0)
(9.8, 214.0, 101.1)
(9.8, 214.0, 101.1)
    
(24.4, 180.1, 113.9)
(24.4, 180.1, 113.9)
(22.2, 184.5, 114.7)
(19.1, 185.2, 113.5)
(15.1, 185.6, 112.7)
(12.7, 189.1, 113.8)
(12.7, 189.1, 113.8)
(11.1, 192.1, 114.2)
(10.2, 195.6, 115.1)
(9.8, 197.4, 115.8)
    
(19.5, 169.2, 103.1)
(16.6, 175.5, 107.2)
(13.8, 179.4, 110.4)
(13.8, 179.4, 110.4)
(11.0, 183.4, 113.3)
(9.4, 190.0, 115.6)
(6.9, 197.7, 117.8)
(4.4, 200.4, 118.4)
(4.4, 200.4, 118.4)
(2.8, 201.2, 117.4)
    
(25.2, 175.6, 107.5)
(25.7, 180.3, 110.2)
(22.6, 181.3, 111.2)
(18.7, 181.4, 112.0)
(16.1, 185.6, 113.7)
(16.1, 185.6, 113.7)
(15.3, 191.9, 115.5)
(15.1, 197.2, 116.8)
(14.2, 199.7, 117.1)
(12.3, 201.2, 116.8)
    
(23.1, 189.1, 115.2)
(23.1, 189.1, 115.2)
(19.4, 192.8, 114.7)
(17.1, 196.3, 115.0)
(15.2, 201.2, 116.0)
(14.4, 206.4, 116.8)
(14.4, 206.4, 116.8)
(13.3, 209.6, 116.4)
(11.2, 210.7, 115.1)
(9.3, 211.1, 113.5)
    
(23.0, 166.7, 106.9)
(22.4, 172.9, 110.6)
(22.4, 172.9, 110.6)
(20.9, 178.0, 112.4)
(18.9, 183.8, 112.3)
(14.8, 188.6, 111.7)
(11.8, 191.3, 111.5)
(11.8, 191.3, 111.5)
(11.0, 193.8, 111.8)
(12.5, 197.4, 113.0)
    
(19.7, 182.0, 110.3)
(16.3, 183.7, 112.0)
(16.9, 187.2, 114.9)
(16.9, 187.2, 114.9)
(18.7, 191.5, 117.2)
(18.2, 192.8, 117.4)
(15.3, 191.2, 115.7)
(13.4, 191.7, 114.3)
(13.4, 191.7, 114.3)
(13.7, 194.7, 113.9)
    
(28.3, 181.6, 111.8)
(26.2, 187.5, 112.5)
(21.6, 190.0, 111.1)
(21.6, 190.0, 111.1)
(16.9, 191.8, 110.4)
(15.3, 196.0, 111.7)
(16.8, 204.0, 115.1)
(16.2, 206.6, 116.2)
(16.2, 206.6, 116.2)
(14.3, 206.6, 115.9)
    
(15.5, 179.1, 108.4)
(11.0, 181.6, 106.6)
(8.7, 185.6, 105.6)
(8.7, 185.6, 105.6)
(8.6, 190.0, 105.8)
(9.2, 194.4, 107.4)
(8.4, 197.3, 108.6)
(7.7, 199.2, 108.8)
(7.7, 199.2, 108.8)
(7.0, 200.5, 107.7)
    
(21.9, 180.1, 109.9)
(19.8, 185.1, 113.0)
(17.0, 189.4, 113.1)
(17.0, 189.4, 113.1)
(14.0, 194.7, 112.3)
(11.7, 199.0, 111.5)
(9.9, 202.5, 110.4)
(8.7, 204.4, 108.8)
(8.7, 204.4, 108.8)
(7.1, 206.0, 108.0)
    
(24.1, 190.9, 112.2)
(24.2, 195.2, 114.2)
(23.5, 196.7, 113.1)
(21.2, 198.6, 111.2)
(18.4, 200.5, 110.2)
(18.4, 200.5, 110.2)
(16.8, 202.1, 109.5)
(16.9, 203.2, 109.5)
(17.0, 204.0, 109.3)
(16.7, 204.8, 109.1)
    
(22.8, 173.2, 102.1)
(22.6, 179.8, 103.7)
(22.6, 179.8, 103.7)
(16.6, 185.6, 102.6)
(16.6, 185.6, 102.6)
(14.6, 187.0, 101.4)
(13.8, 190.6, 101.4)
(13.8, 190.6, 101.4)
(13.6, 194.0, 102.4)
(12.5, 195.8, 102.5)
    
(19.4, 187.7, 107.0)
(18.2, 190.3, 105.9)
(18.2, 190.3, 105.9)
(16.1, 193.1, 105.0)
(14.8, 196.2, 104.0)
(15.5, 198.4, 102.9)
(15.5, 198.4, 102.9)
(16.4, 200.5, 101.6)
(16.5, 202.4, 100.6)
(16.3, 203.5, 99.9)
    
(24.5, 182.7, 106.3)
(24.5, 182.7, 106.3)
(21.8, 187.2, 106.6)
(18.8, 191.2, 107.4)
(16.6, 194.5, 108.3)
(16.1, 197.5, 108.5)
(16.1, 197.5, 108.5)
(15.9, 200.1, 107.7)
(14.6, 201.4, 105.7)
(12.4, 202.3, 103.8)
    
(24.4, 179.0, 108.9)
(24.4, 184.1, 109.8)
(23.8, 187.9, 109.2)
(20.5, 190.0, 107.4)
(20.5, 190.0, 107.4)
(17.0, 192.3, 105.9)
(15.3, 195.5, 105.3)
(14.6, 198.8, 105.0)
(14.0, 201.0, 103.9)
(14.0, 201.0, 103.9)
    
(33.9, 173.9, 110.2)
(30.6, 177.3, 111.4)
(29.8, 183.3, 115.4)
(30.2, 190.0, 120.1)
(30.2, 190.0, 120.1)
(28.5, 193.3, 120.1)
(25.3, 194.4, 117.5)
(22.4, 195.0, 115.3)
(21.4, 196.5, 114.8)
(21.1, 198.5, 114.7)
    
(29.0, 181.6, 105.2)
(26.7, 186.2, 106.9)
(23.4, 188.7, 106.5)
(21.0, 192.5, 106.1)
(21.0, 192.5, 106.1)
(19.8, 197.3, 106.8)
(18.3, 200.5, 106.8)
(16.5, 202.2, 105.9)
(14.8, 203.7, 104.3)
(14.8, 203.7, 104.3)
    
(26.4, 179.6, 107.3)
(27.2, 186.1, 109.3)
(26.0, 189.6, 108.9)
(26.0, 189.6, 108.9)
(22.0, 189.7, 106.3)
(18.1, 191.3, 104.1)
(16.4, 195.2, 102.8)
(16.2, 200.4, 102.4)
(15.3, 204.3, 102.0)
(15.3, 204.3, 102.0)
    
(33.1, 182.9, 108.6)
(31.4, 188.0, 110.5)
(28.0, 191.8, 111.1)
(24.5, 195.2, 111.7)
(22.5, 198.9, 112.4)
(22.5, 198.9, 112.4)
(22.2, 203.7, 112.6)
(21.6, 207.4, 112.2)
(20.3, 210.9, 110.5)
(19.1, 214.1, 107.7)
    
(31.2, 196.5, 121.8)
(26.1, 198.7, 119.7)
(19.3, 200.7, 118.4)
(17.4, 203.3, 118.6)
(17.7, 206.8, 118.8)
(18.2, 210.1, 117.9)
(18.2, 210.1, 117.9)
(17.1, 211.6, 116.5)
(15.8, 212.1, 115.2)
(15.4, 211.9, 113.4)
    
(33.2, 179.8, 114.1)
(27.8, 183.0, 112.2)
(27.8, 183.0, 112.2)
(22.6, 187.1, 110.0)
(22.0, 193.7, 109.3)
(24.2, 199.5, 109.7)
(24.9, 201.1, 107.9)
(24.9, 201.1, 107.9)
(22.1, 200.3, 103.6)
(17.7, 200.4, 99.2)
    
(24.8, 190.0, 109.7)
(21.7, 194.7, 109.3)
(21.7, 194.7, 109.3)
(16.3, 197.1, 107.8)
(14.6, 199.0, 106.8)
(15.0, 201.3, 105.5)
(14.6, 203.3, 102.5)
(14.6, 203.3, 102.5)
(12.2, 203.9, 99.2)
(9.9, 205.1, 96.4)
    
(29.8, 179.6, 108.1)
(30.6, 185.7, 109.1)
(27.0, 188.8, 107.2)
(20.9, 190.3, 105.0)
(17.5, 193.1, 104.8)
(17.5, 193.1, 104.8)
(19.5, 197.2, 106.1)
(24.4, 201.1, 106.9)
(26.0, 201.8, 104.9)
(21.6, 200.4, 100.6)
    
(22.2, 190.6, 104.5)
(21.8, 193.3, 102.7)
(20.9, 195.1, 101.4)
(19.9, 196.1, 99.5)
(20.1, 197.6, 97.1)
(20.1, 197.6, 97.1)
(20.2, 199.5, 95.1)
(19.5, 201.1, 93.2)
(18.7, 202.6, 91.9)
(18.7, 204.3, 91.0)
    
(29.3, 172.3, 108.0)
(28.0, 181.3, 110.0)
(26.0, 189.0, 110.4)
(23.3, 194.7, 108.5)
(17.9, 196.4, 104.5)
(17.9, 196.4, 104.5)
(13.1, 196.3, 101.4)
(11.8, 198.8, 100.0)
(13.8, 202.6, 100.1)
(16.9, 205.7, 100.2)
    
(21.4, 179.5, 106.6)
(22.9, 183.6, 107.7)
(21.8, 185.4, 105.3)
(18.2, 186.2, 101.6)
(15.2, 188.7, 99.4)
(15.2, 188.7, 99.4)
(14.7, 192.0, 99.0)
(16.7, 195.4, 99.1)
(17.8, 196.9, 97.8)
(16.3, 196.5, 94.6)
    
(16.2, 183.4, 103.9)
(16.2, 183.4, 103.9)
(19.8, 189.4, 103.2)
(17.3, 192.9, 97.9)
(14.1, 196.2, 92.1)
(11.1, 199.4, 86.4)
(11.1, 199.4, 86.4)
(12.4, 202.0, 82.9)
(16.4, 203.4, 80.6)
(20.4, 204.4, 79.4)
    
(22.9, 163.9, 104.3)
(21.0, 170.9, 105.0)
(21.0, 179.1, 106.4)
(21.0, 179.1, 106.4)
(20.1, 183.3, 106.0)
(17.0, 184.5, 103.3)
(13.3, 184.8, 99.9)
(10.7, 186.9, 98.8)
(10.7, 186.9, 98.8)
(11.2, 191.1, 99.7)
    
(24.6, 184.4, 113.5)
(22.3, 186.0, 112.4)
(19.8, 188.1, 108.8)
(17.9, 192.0, 104.5)
(15.7, 194.8, 101.7)
(15.7, 194.8, 101.7)
(13.4, 197.1, 99.0)
(12.4, 201.5, 97.4)
(14.4, 205.1, 97.6)
(14.4, 205.1, 97.6)
    
(21.5, 185.4, 115.3)
(19.7, 196.1, 116.8)
(18.4, 203.9, 116.8)
(18.4, 203.9, 116.8)
(17.2, 208.8, 114.4)
(14.6, 211.2, 109.7)
(11.4, 214.0, 105.8)
(9.2, 216.4, 103.0)
(9.2, 216.4, 103.0)
(8.7, 217.5, 100.1)
    
(20.9, 189.4, 106.6)
(13.7, 195.6, 105.2)
(13.7, 195.6, 105.2)
(10.8, 204.3, 106.0)
(11.8, 214.1, 107.9)
(16.2, 220.9, 107.6)
(16.3, 222.2, 103.0)
(16.3, 222.2, 103.0)
(13.1, 221.8, 96.3)
(10.0, 220.6, 89.0)
    
(15.7, 179.8, 105.6)
(11.3, 186.5, 104.9)
(11.3, 186.5, 104.9)
(9.1, 191.5, 103.7)
(9.5, 195.3, 102.8)
(10.5, 198.1, 101.8)
(9.9, 200.8, 99.9)
(9.9, 200.8, 99.9)
(8.9, 203.4, 97.1)
(8.3, 207.1, 94.5)
    
(21.6, 174.6, 96.8)
(21.6, 174.6, 96.8)
(21.6, 182.4, 98.5)
(19.5, 189.1, 99.7)
(14.4, 195.4, 100.0)
(11.8, 200.8, 98.3)
(11.8, 200.8, 98.3)
(11.5, 206.1, 96.2)
(11.9, 210.8, 94.5)
(10.7, 213.9, 92.0)
    
(17.3, 170.7, 113.5)
(16.7, 182.3, 117.4)
(17.3, 192.9, 120.4)
(16.9, 199.9, 119.7)
(13.2, 202.6, 115.4)
(13.2, 202.6, 115.4)
(8.5, 204.8, 111.7)
(5.7, 207.8, 109.9)
(3.8, 211.9, 110.4)
(4.4, 216.7, 111.1)
    
(29.5, 179.9, 117.8)
(27.0, 187.7, 117.7)
(21.4, 192.3, 115.5)
(21.4, 192.3, 115.5)
(15.2, 198.0, 111.8)
(11.5, 204.9, 108.2)
(9.7, 211.0, 105.8)
(9.4, 214.3, 103.3)
(9.4, 214.3, 103.3)
(8.7, 214.8, 100.4)
    
(15.9, 180.8, 108.9)
(12.4, 187.2, 109.9)
(12.4, 187.2, 109.9)
(13.2, 194.4, 110.0)
(16.4, 204.2, 110.8)
(17.2, 210.4, 109.0)
(14.2, 213.4, 104.4)
(10.0, 214.7, 99.6)
(10.0, 214.7, 99.6)
(8.0, 217.2, 95.6)
    
(27.7, 190.6, 113.7)
(28.1, 198.9, 115.9)
(25.8, 201.4, 113.8)
(20.0, 202.4, 110.5)
(18.3, 206.0, 108.8)
(19.0, 210.3, 107.5)
(19.0, 210.3, 107.5)
(19.0, 212.0, 104.3)
(16.9, 211.3, 98.0)
(12.8, 211.5, 92.1)
    
(21.8, 178.7, 109.0)
(21.2, 186.2, 110.2)
(21.2, 186.2, 110.2)
(20.4, 192.8, 109.7)
(17.8, 194.5, 106.2)
(12.9, 193.8, 101.2)
(9.1, 195.0, 97.5)
(9.1, 195.0, 97.5)
(9.5, 199.1, 96.3)
(11.9, 203.9, 96.5)
    
(17.5, 185.4, 110.0)
(12.5, 186.9, 106.9)
(12.5, 186.9, 106.9)
(11.3, 190.9, 105.2)
(14.0, 196.7, 105.1)
(16.5, 200.8, 103.5)
(15.5, 202.6, 99.9)
(15.5, 202.6, 99.9)
(11.2, 204.2, 96.0)
(8.5, 207.2, 93.5)
    
(19.5, 197.5, 111.2)
(19.5, 197.5, 111.2)
(16.5, 199.6, 106.9)
(10.2, 201.7, 102.7)
(7.6, 205.3, 101.0)
(9.4, 211.0, 101.8)
(9.4, 211.0, 101.8)
(12.8, 216.3, 103.4)
(13.6, 218.4, 102.3)
(12.6, 218.9, 99.4)
    
(24.8, 162.5, 109.8)
(24.4, 173.1, 112.6)
(23.3, 182.3, 113.0)
(23.3, 182.3, 113.0)
(19.7, 186.3, 109.3)
(16.1, 189.2, 106.8)
(14.0, 194.2, 106.8)
(13.6, 199.8, 108.2)
(13.6, 199.8, 108.2)
(13.8, 203.6, 108.9)
    
(20.3, 183.1, 108.7)
(20.7, 190.8, 109.2)
(20.7, 190.8, 109.2)
(19.1, 194.6, 108.0)
(14.1, 195.0, 104.8)
(9.1, 197.1, 101.1)
(8.3, 202.7, 98.2)
(8.3, 202.7, 98.2)
(10.0, 207.2, 97.1)
(11.3, 210.8, 95.9)
    
(15.3, 184.2, 107.1)
(14.0, 188.6, 106.3)
(13.0, 194.2, 105.6)
(11.8, 199.3, 104.9)
(11.8, 199.3, 104.9)
(11.3, 203.2, 104.1)
(11.3, 206.8, 103.6)
(11.6, 209.6, 102.9)
(12.0, 211.3, 100.7)
(10.2, 211.3, 96.7)
    
(22.2, 183.7, 106.7)
(19.2, 185.6, 105.5)
(17.4, 188.5, 105.2)
(17.4, 188.5, 105.2)
(17.4, 192.9, 105.6)
(17.0, 196.1, 105.0)
(15.4, 197.5, 103.2)
(12.4, 197.6, 100.5)
(12.4, 197.6, 100.5)
(9.8, 199.3, 98.3)
    
(9.5, 184.2, 103.5)
(8.5, 187.4, 102.1)
(8.5, 187.4, 102.1)
(7.1, 192.1, 100.1)
(4.8, 196.8, 98.5)
(2.5, 201.2, 97.3)
(1.2, 205.5, 96.3)
(1.2, 205.5, 96.3)
(1.1, 209.8, 95.1)
(2.6, 213.1, 93.5)
    
(18.5, 186.1, 108.2)
(15.9, 196.3, 111.3)
(12.6, 200.1, 111.0)
(8.8, 201.9, 108.5)
(6.9, 204.3, 105.5)
(6.9, 204.3, 105.5)
(7.1, 206.5, 103.1)
(6.4, 207.9, 100.8)
(4.8, 208.5, 98.6)
(4.8, 208.5, 98.6)
    
(12.6, 179.9, 109.0)
(10.9, 184.4, 109.6)
(13.2, 189.7, 111.3)
(14.2, 192.2, 110.8)
(12.1, 191.6, 107.4)
(12.1, 191.6, 107.4)
(7.9, 190.9, 103.2)
(3.8, 191.3, 99.4)
(4.6, 193.6, 97.2)
(7.6, 196.2, 96.1)
    
(12.2, 174.3, 99.0)
(12.1, 182.2, 100.0)
(12.2, 189.4, 100.5)
(12.2, 189.4, 100.5)
(10.5, 195.3, 99.1)
(8.3, 200.0, 97.3)
(7.5, 204.4, 96.4)
(8.0, 208.6, 95.9)
(8.0, 208.6, 95.9)
(8.5, 210.9, 94.7)
    
(12.6, 189.6, 105.5)
(12.8, 193.1, 106.0)
(11.8, 194.0, 104.4)
(11.8, 194.0, 104.4)
(10.2, 195.2, 101.3)
(8.1, 198.3, 97.8)
(6.9, 201.1, 95.0)
(5.5, 203.8, 92.4)
(5.5, 203.8, 92.4)
(5.0, 206.0, 90.6)
    
(15.2, 175.6, 106.1)
(11.8, 182.8, 106.0)
(11.1, 190.3, 106.4)
(11.3, 195.9, 106.5)
(11.3, 195.9, 106.5)
(9.1, 199.1, 104.5)
(4.9, 200.5, 100.4)
(0.2, 201.5, 95.5)
(0.6, 204.5, 93.5)
(0.6, 204.5, 93.5)
    
(23.2, 179.1, 103.7)
(23.2, 179.1, 103.7)
(22.5, 186.3, 104.8)
(22.1, 191.0, 103.6)
(19.9, 192.4, 99.7)
(15.5, 192.9, 95.6)
(15.5, 192.9, 95.6)
(13.0, 194.2, 93.7)
(12.6, 196.8, 93.1)
(13.7, 199.3, 92.8)
    
(16.7, 180.9, 94.8)
(16.8, 184.7, 95.7)
(17.4, 188.1, 95.9)
(17.4, 188.1, 95.9)
(17.3, 191.9, 95.8)
(15.7, 196.3, 95.5)
(13.3, 200.9, 95.0)
(11.3, 204.5, 93.6)
(11.3, 204.5, 93.6)
(9.7, 207.2, 91.8)
    
(22.0, 177.7, 97.2)
(22.0, 177.7, 97.2)
(20.6, 184.4, 97.8)
(17.7, 187.8, 96.8)
(14.7, 189.7, 94.5)
(11.7, 192.8, 92.0)
(8.9, 196.5, 90.2)
(8.9, 196.5, 90.2)
(8.0, 199.9, 88.6)
(9.4, 202.9, 87.4)
    
(16.4, 185.3, 100.5)
(16.4, 185.3, 100.5)
(12.0, 190.2, 97.8)
(5.2, 192.0, 92.5)
(1.8, 195.8, 87.7)
(3.8, 199.7, 86.4)
(3.8, 199.7, 86.4)
(7.4, 203.0, 86.9)
(8.5, 205.2, 86.5)
(6.3, 206.1, 84.0)
    
(14.6, 156.4, 96.5)
(17.4, 163.4, 100.1)
(17.0, 169.7, 101.5)
(11.9, 174.3, 99.2)
(11.9, 174.3, 99.2)
(6.6, 178.6, 95.9)
(4.0, 185.1, 93.7)
(5.8, 191.2, 93.7)
(8.5, 194.7, 94.3)
(8.5, 194.7, 94.3)
    
(16.9, 167.9, 97.7)
(16.6, 175.7, 100.9)
(16.6, 175.7, 100.9)
(14.6, 181.0, 101.5)
(11.0, 185.5, 98.9)
(8.3, 189.3, 95.4)
(6.0, 193.2, 92.8)
(6.0, 193.2, 92.8)
(5.0, 195.7, 91.7)
(5.4, 196.5, 90.5)
    
(17.3, 154.7, 90.3)
(16.3, 163.8, 92.1)
(15.0, 172.8, 93.9)
(15.0, 172.8, 93.9)
(13.9, 180.3, 93.5)
(11.6, 185.3, 91.4)
(8.8, 187.3, 88.6)
(7.1, 188.6, 86.8)
(7.1, 188.6, 86.8)
(6.0, 191.5, 86.8)
    
(18.7, 182.8, 97.7)
(17.3, 187.7, 98.4)
(16.4, 191.9, 98.3)
(15.1, 195.5, 95.9)
(15.1, 195.5, 95.9)
(12.4, 199.5, 92.0)
(9.6, 204.1, 88.5)
(8.6, 208.3, 86.5)
(8.0, 212.0, 85.4)
(8.0, 212.0, 85.4)
    
(20.5, 158.0, 92.4)
(18.7, 163.9, 93.7)
(17.3, 168.3, 94.9)
(15.6, 171.2, 95.0)
(12.6, 173.7, 93.8)
(12.6, 173.7, 93.8)
(9.7, 175.1, 91.8)
(7.6, 176.4, 90.0)
(6.8, 178.9, 89.1)
(7.5, 182.3, 88.9)
    
(22.0, 166.2, 96.3)
(22.3, 174.6, 100.0)
(19.8, 180.8, 100.1)
(19.8, 180.8, 100.1)
(16.6, 185.3, 98.1)
(14.0, 188.8, 96.1)
(11.8, 192.5, 94.3)
(11.2, 194.8, 92.6)
(11.2, 194.8, 92.6)
(10.9, 196.9, 90.9)
    
(9.2, 165.7, 98.5)
(11.0, 170.5, 100.3)
(11.0, 170.5, 100.3)
(10.0, 173.4, 99.8)
(5.6, 176.2, 99.3)
(1.7, 178.5, 99.5)
(1.6, 183.7, 101.5)
(1.6, 183.7, 101.5)
(1.8, 186.5, 101.9)
(0.1, 186.6, 100.0)
    
(12.7, 175.9, 95.3)
(12.7, 175.9, 95.3)
(10.0, 179.6, 93.9)
(7.3, 184.6, 93.7)
(5.7, 188.6, 94.1)
(4.2, 191.2, 93.6)
(4.2, 191.2, 93.6)
(2.4, 192.8, 91.6)
(0.2, 194.5, 88.6)
(358.4, 196.7, 86.1)
    
(8.6, 166.3, 87.5)
(5.4, 171.7, 91.9)
(3.4, 176.1, 92.0)
(2.2, 181.1, 90.6)
(2.2, 181.1, 90.6)
(0.9, 186.4, 88.5)
(358.1, 190.7, 87.3)
(355.3, 194.1, 85.8)
(353.9, 196.5, 84.0)
(353.9, 196.5, 84.0)
    
(11.1, 176.2, 97.1)
(7.9, 179.2, 96.6)
(7.9, 179.2, 96.6)
(5.9, 181.4, 95.1)
(4.8, 185.0, 93.6)
(2.3, 188.9, 92.7)
(0.1, 190.4, 90.5)
(0.1, 190.4, 90.5)
(358.4, 191.8, 87.4)
(358.1, 194.0, 85.9)
    
(14.4, 178.9, 90.0)
(14.4, 178.9, 90.0)
(12.1, 185.0, 90.9)
(10.2, 190.0, 92.7)
(8.2, 193.0, 93.7)
(5.8, 194.0, 92.9)
(5.8, 194.0, 92.9)
(4.2, 195.2, 90.8)
(2.4, 197.3, 88.3)
(0.6, 199.7, 86.9)
    
(21.1, 169.1, 95.4)
(15.8, 173.9, 94.5)
(12.7, 178.9, 94.3)
(12.7, 178.9, 94.3)
(12.1, 183.6, 95.2)
(12.5, 186.9, 95.6)
(11.6, 188.6, 94.0)
(11.6, 188.6, 94.0)
(7.9, 189.7, 91.1)
(3.3, 191.2, 88.3)
    
(8.2, 195.6, 92.5)
(6.0, 200.7, 93.3)
(6.1, 205.1, 96.3)
(6.4, 207.8, 97.0)
(5.2, 209.5, 95.1)
(5.2, 209.5, 95.1)
(2.5, 210.5, 91.7)
(0.6, 211.3, 89.5)
(0.2, 211.7, 88.2)
(359.9, 212.3, 86.8)
    
(358.5, 178.7, 91.8)
(355.7, 185.4, 94.5)
(355.7, 185.4, 94.5)
(354.9, 192.4, 94.8)
(354.4, 198.5, 92.9)
(354.0, 204.1, 89.2)
(354.1, 208.6, 86.6)
(354.1, 208.6, 86.6)
(353.8, 212.6, 85.2)
(353.0, 213.9, 83.3)
    
/n
(20.9, 183.4, 101.9)
(15.0, 189.1, 98.1)
(15.0, 189.1, 98.1)
(10.8, 195.9, 96.5)
(9.4, 200.6, 97.2)
(8.5, 202.8, 97.8)
(8.5, 202.8, 97.8)
(6.6, 203.5, 95.7)
(4.3, 203.9, 92.2)
(2.0, 204.6, 89.0)
    
(23.7, 178.3, 100.3)
(20.6, 185.9, 103.7)
(17.9, 193.3, 106.3)
(15.1, 199.4, 107.2)
(11.6, 202.6, 105.4)
(11.6, 202.6, 105.4)
(6.4, 204.3, 101.9)
(3.6, 205.9, 99.8)
(4.1, 207.8, 99.5)
(5.7, 209.2, 100.6)
    
(13.9, 169.2, 97.1)
(14.2, 178.7, 100.1)
(13.6, 185.0, 100.9)
(11.4, 187.9, 99.3)
(11.4, 187.9, 99.3)
(8.1, 189.4, 96.4)
(6.7, 192.3, 94.8)
(6.5, 195.2, 95.0)
(6.0, 196.2, 94.5)
(6.0, 196.2, 94.5)
    
(16.1, 183.9, 99.9)
(13.8, 193.0, 101.8)
(11.3, 198.5, 102.0)
(11.3, 198.5, 102.0)
(9.8, 201.4, 101.2)
(9.4, 202.6, 100.2)
(9.2, 204.7, 99.1)
(8.3, 207.7, 97.7)
(8.3, 207.7, 97.7)
(7.2, 208.5, 95.0)
    
(24.1, 176.2, 104.8)
(19.9, 181.0, 104.5)
(18.0, 185.2, 103.9)
(17.3, 189.2, 103.1)
(17.2, 190.9, 101.9)
(17.2, 190.9, 101.9)
(15.8, 190.6, 100.5)
(14.6, 191.7, 99.9)
(15.6, 195.0, 101.1)
(16.3, 196.8, 101.2)
    
(20.9, 162.3, 96.2)
(19.5, 166.4, 97.4)
(19.5, 166.4, 97.4)
(16.0, 170.1, 96.4)
(13.6, 176.2, 97.0)
(13.5, 181.5, 98.1)
(13.5, 181.5, 98.1)
(14.2, 184.6, 98.3)
(12.4, 185.3, 95.9)
(9.7, 186.8, 93.5)
    
(21.7, 173.9, 97.5)
(19.6, 183.5, 101.8)
(17.4, 187.7, 102.2)
(15.9, 191.2, 101.5)
(15.2, 194.8, 101.4)
(15.2, 194.8, 101.4)
(14.0, 197.9, 101.9)
(12.2, 198.9, 101.6)
(10.9, 199.5, 100.3)
(10.2, 201.5, 99.1)
    
(22.7, 171.5, 101.7)
(20.7, 178.2, 102.4)
(18.0, 182.0, 101.4)
(18.0, 182.0, 101.4)
(16.3, 185.7, 100.9)
(15.7, 189.2, 101.5)
(14.6, 192.4, 102.6)
(12.8, 193.9, 102.3)
(12.8, 193.9, 102.3)
(11.4, 194.6, 101.2)
    
(24.8, 173.5, 99.6)
(23.5, 179.7, 102.1)
(21.7, 183.4, 102.8)
(19.2, 185.2, 102.6)
(17.0, 186.8, 102.8)
(17.0, 186.8, 102.8)
(16.3, 189.3, 102.9)
(16.1, 192.0, 102.0)
(14.0, 193.3, 100.2)
(11.1, 193.8, 98.2)
    
(16.5, 160.4, 98.0)
(14.5, 164.7, 98.6)
(13.0, 170.0, 99.8)
(13.3, 175.2, 101.2)
(14.2, 179.5, 102.4)
(14.2, 179.5, 102.4)
(12.5, 180.3, 101.6)
(9.4, 179.9, 99.9)
(8.1, 181.0, 98.9)
(7.8, 183.2, 98.3)
    
(22.3, 172.7, 101.5)
(20.1, 180.0, 103.1)
(16.1, 187.5, 103.1)
(12.1, 192.5, 101.7)
(12.1, 192.5, 101.7)
(8.4, 196.4, 100.0)
(6.0, 200.4, 99.4)
(5.5, 204.5, 99.5)
(6.0, 208.5, 100.0)
(6.0, 208.5, 100.0)
    
(23.7, 168.4, 99.7)
(23.7, 168.4, 99.7)
(21.0, 173.2, 100.7)
(16.6, 177.5, 101.3)
(13.6, 182.0, 102.4)
(12.7, 187.3, 103.3)
(12.7, 187.3, 103.3)
(12.2, 193.0, 104.1)
(9.9, 196.8, 103.5)
(7.2, 198.8, 101.8)
    
(22.3, 180.6, 106.1)
(20.3, 183.8, 106.5)
(16.1, 185.4, 105.0)
(13.5, 188.3, 104.5)
(13.5, 188.3, 104.5)
(11.7, 192.7, 104.8)
(11.5, 198.3, 106.1)
(10.6, 200.9, 106.0)
(8.4, 201.1, 104.1)
(8.4, 201.1, 104.1)
    
(28.5, 161.4, 101.0)
(25.7, 166.0, 102.4)
(21.0, 170.0, 103.1)
(21.0, 170.0, 103.1)
(17.4, 173.8, 104.2)
(15.9, 178.6, 105.6)
(16.4, 184.7, 107.2)
(17.3, 190.2, 108.0)
(17.3, 190.2, 108.0)
(16.4, 192.5, 107.4)
    
(17.5, 192.0, 114.3)
(14.3, 199.0, 114.7)
(9.8, 201.3, 112.9)
(5.5, 202.3, 110.7)
(3.3, 204.9, 108.6)
(3.3, 204.9, 108.6)
(2.7, 209.0, 106.7)
(2.7, 213.0, 105.1)
(2.6, 214.7, 102.8)
(2.8, 216.0, 100.8)
    
(19.9, 165.5, 100.1)
(19.1, 171.5, 103.4)
(17.1, 176.8, 105.9)
(15.1, 181.8, 106.4)
(14.2, 187.5, 106.7)
(14.2, 187.5, 106.7)
(13.1, 192.9, 106.5)
(10.3, 196.7, 105.3)
(8.1, 198.9, 103.5)
(6.8, 202.3, 102.3)
    
(28.2, 164.2, 102.3)
(25.1, 169.4, 103.7)
(21.4, 175.1, 105.4)
(21.4, 175.1, 105.4)
(17.8, 180.6, 106.9)
(14.6, 187.0, 108.5)
(13.3, 191.0, 108.5)
(12.6, 194.9, 108.5)
(12.6, 194.9, 108.5)
(10.9, 198.6, 107.5)
    
(20.4, 192.2, 112.0)
(16.9, 196.0, 110.3)
(15.0, 199.3, 108.9)
(15.0, 199.3, 108.9)
(14.4, 202.1, 107.8)
(12.8, 203.6, 106.7)
(10.7, 204.5, 105.0)
(9.3, 206.4, 102.8)
(9.3, 206.4, 102.8)
(9.1, 209.5, 101.4)
    
(19.9, 173.3, 104.2)
(17.9, 180.5, 105.9)
(17.9, 180.5, 105.9)
(16.6, 186.7, 105.8)
(14.8, 190.3, 104.4)
(12.2, 192.6, 102.7)
(10.9, 195.3, 102.5)
(10.9, 195.3, 102.5)
(11.6, 198.2, 103.6)
(13.1, 200.5, 104.0)
    
(31.2, 157.5, 101.4)
(26.1, 161.8, 103.8)
(23.2, 167.3, 106.3)
(22.0, 175.5, 109.7)
(21.8, 182.5, 112.2)
(21.8, 182.5, 112.2)
(21.8, 187.9, 113.5)
(19.3, 191.1, 112.3)
(15.0, 193.1, 110.4)
(11.6, 195.3, 108.5)
    
(16.3, 179.5, 108.1)
(14.8, 186.8, 109.9)
(12.7, 193.1, 111.3)
(10.4, 197.3, 111.6)
(8.3, 200.6, 111.0)
(8.3, 200.6, 111.0)
(6.8, 203.3, 109.7)
(4.2, 205.3, 108.3)
(1.8, 206.1, 105.6)
(1.0, 206.9, 103.0)
    
(19.2, 169.4, 108.4)
(19.2, 169.4, 108.4)
(17.3, 176.8, 111.2)
(13.5, 181.2, 110.7)
(7.9, 185.1, 108.9)
(2.6, 189.0, 107.0)
(2.6, 189.0, 107.0)
(0.3, 193.6, 106.3)
(0.0, 198.7, 106.1)
(0.3, 202.8, 105.8)
    
(24.5, 170.5, 107.2)
(22.9, 175.9, 110.6)
(22.9, 175.9, 110.6)
(19.7, 180.4, 111.4)
(15.0, 182.8, 109.5)
(11.0, 184.7, 107.3)
(8.6, 188.8, 107.1)
(8.6, 188.8, 107.1)
(6.9, 194.5, 108.6)
(5.2, 198.6, 109.9)
    
(20.4, 148.0, 93.9)
(20.4, 148.0, 93.9)
(17.7, 151.4, 95.2)
(16.0, 156.6, 97.4)
(15.9, 163.8, 100.7)
(16.5, 169.7, 103.2)
(16.5, 169.7, 103.2)
(16.4, 174.6, 104.4)
(14.4, 179.5, 104.7)
(11.5, 184.5, 104.8)
    
(21.0, 159.2, 101.2)
(20.7, 165.5, 104.3)
(20.0, 170.3, 106.2)
(18.2, 174.6, 107.1)
(16.8, 179.2, 108.1)
(16.8, 179.2, 108.1)
(15.3, 183.5, 108.8)
(13.5, 187.5, 109.1)
(11.9, 190.4, 108.8)
(10.5, 193.2, 108.6)
    
(18.6, 160.1, 104.6)
(18.8, 167.9, 108.6)
(18.8, 177.0, 112.2)
(18.8, 177.0, 112.2)
(18.4, 183.9, 114.0)
(16.1, 188.2, 113.9)
(13.5, 192.3, 113.4)
(12.0, 197.3, 113.5)
(12.0, 197.3, 113.5)
(10.9, 201.2, 113.7)
    
(27.3, 171.8, 108.0)
(21.2, 178.1, 108.5)
(21.2, 178.1, 108.5)
(16.5, 184.0, 108.8)
(13.0, 190.4, 109.2)
(11.3, 196.1, 109.5)
(9.7, 200.5, 109.5)
(9.7, 200.5, 109.5)
(8.2, 203.3, 109.0)
(6.6, 205.7, 107.8)
    
(16.6, 153.4, 105.9)
(14.5, 159.5, 107.7)
(10.2, 164.7, 108.6)
(10.2, 164.7, 108.6)
(6.8, 170.8, 110.1)
(5.3, 177.6, 112.0)
(4.3, 182.9, 112.6)
(2.5, 186.3, 111.8)
(2.5, 186.3, 111.8)
(359.4, 187.8, 109.5)
    
(24.2, 183.9, 106.5)
(23.4, 192.0, 110.3)
(21.8, 197.3, 111.8)
(17.4, 198.7, 109.9)
(14.7, 202.2, 109.7)
(14.7, 202.2, 109.7)
(13.8, 208.4, 111.4)
(13.9, 213.2, 112.7)
(13.0, 214.1, 111.2)
(9.7, 213.2, 107.6)
    
(17.9, 176.1, 100.0)
(16.9, 181.9, 102.3)
(12.6, 185.0, 103.1)
(12.6, 185.0, 103.1)
(9.1, 187.4, 103.5)
(9.2, 191.6, 104.2)
(11.4, 196.6, 104.6)
(11.6, 199.3, 103.8)
(11.6, 199.3, 103.8)
(8.6, 199.3, 101.8)
    
(13.7, 171.2, 96.5)
(15.7, 175.8, 98.1)
(15.8, 180.0, 98.6)
(15.8, 180.0, 98.6)
(12.7, 182.4, 98.5)
(8.6, 184.2, 98.9)
(6.3, 186.6, 99.2)
(6.1, 189.6, 98.8)
(6.1, 189.6, 98.8)
(5.7, 192.8, 98.0)
    
(21.1, 169.9, 97.6)
(19.7, 175.8, 102.0)
(19.7, 175.8, 102.0)
(20.5, 182.8, 106.6)
(21.3, 188.4, 109.5)
(19.8, 189.9, 108.1)
(15.6, 189.6, 104.7)
(15.6, 189.6, 104.7)
(12.5, 191.0, 102.4)
(10.7, 194.7, 101.7)
    
(17.9, 169.6, 99.7)
(21.8, 180.4, 104.2)
(22.7, 189.2, 107.2)
(18.0, 191.9, 106.5)
(13.1, 192.4, 104.2)
(13.1, 192.4, 104.2)
(10.9, 194.2, 101.9)
(13.0, 199.5, 101.9)
(15.0, 204.9, 102.7)
(13.8, 206.1, 101.9)
    
(19.4, 175.0, 101.5)
(17.9, 181.1, 103.6)
(17.3, 185.3, 105.1)
(17.3, 185.3, 105.1)
(16.3, 188.9, 106.0)
(15.7, 193.1, 106.8)
(15.5, 196.9, 107.1)
(14.3, 198.4, 106.3)
(14.3, 198.4, 106.3)
(12.2, 198.3, 104.8)
    
(23.8, 177.8, 104.4)
(25.1, 182.2, 107.1)
(26.5, 187.0, 109.9)
(25.5, 190.3, 109.9)
(25.5, 190.3, 109.9)
(21.8, 191.2, 107.7)
(17.1, 190.7, 105.2)
(15.5, 192.4, 104.6)
(16.4, 196.3, 105.2)
(16.4, 196.3, 105.2)
    
(28.6, 176.9, 105.1)
(29.1, 184.7, 109.0)
(27.3, 190.4, 110.7)
(27.3, 190.4, 110.7)
(24.6, 194.3, 110.8)
(21.5, 196.5, 110.6)
(19.6, 198.7, 110.3)
(18.9, 201.5, 110.1)
(18.9, 201.5, 110.1)
(18.8, 205.0, 110.4)
    
(29.2, 172.4, 99.8)
(27.5, 177.5, 102.5)
(26.2, 183.0, 105.1)
(25.2, 189.4, 107.4)
(25.2, 189.4, 107.4)
(24.1, 194.4, 108.3)
(22.8, 196.6, 108.1)
(22.2, 198.7, 108.0)
(22.0, 202.6, 109.0)
(21.5, 206.2, 109.7)
    
(14.9, 174.9, 104.5)
(14.6, 179.9, 106.1)
(13.1, 183.5, 106.3)
(10.6, 184.4, 104.6)
(10.6, 184.4, 104.6)
(9.3, 185.1, 103.4)
(9.9, 187.3, 103.4)
(10.8, 189.8, 103.9)
(11.5, 191.8, 104.1)
(11.5, 191.8, 104.1)
    
(21.3, 179.0, 101.5)
(21.3, 179.0, 101.5)
(20.3, 182.5, 103.4)
(20.2, 187.2, 106.0)
(19.7, 191.9, 108.1)
(18.9, 196.0, 109.2)
(18.9, 196.0, 109.2)
(16.2, 197.1, 108.5)
(13.2, 197.7, 107.4)
(11.8, 200.0, 107.0)
    
(20.5, 179.7, 100.4)
(18.2, 181.7, 100.8)
(14.4, 183.2, 100.8)
(12.4, 185.9, 101.1)
(12.4, 185.9, 101.1)
(12.3, 189.5, 102.5)
(13.5, 193.0, 103.7)
(13.4, 196.0, 103.9)
(11.9, 197.7, 103.2)
(11.9, 197.7, 103.2)
    
(19.3, 181.8, 104.1)
(17.9, 185.8, 105.6)
(17.9, 190.6, 107.8)
(16.6, 194.0, 108.4)
(13.9, 196.1, 107.6)
(13.9, 196.1, 107.6)
(10.2, 197.7, 106.2)
(7.5, 199.6, 105.0)
(6.8, 202.2, 104.3)
(7.8, 205.2, 104.0)
    
(19.9, 170.1, 100.6)
(18.0, 175.3, 102.5)
(15.8, 179.0, 103.5)
(15.8, 179.0, 103.5)
(13.9, 181.8, 104.1)
(12.8, 184.6, 105.1)
(12.5, 187.8, 106.1)
(12.2, 190.8, 106.3)
(12.2, 190.8, 106.3)
(10.4, 192.8, 105.4)
    
(20.4, 184.4, 106.5)
(19.8, 190.0, 109.5)
(18.5, 194.8, 111.3)
(17.0, 197.7, 111.4)
(15.6, 199.7, 110.6)
(15.6, 199.7, 110.6)
(13.4, 201.6, 109.8)
(11.8, 203.6, 109.3)
(11.3, 205.7, 109.0)
(11.6, 207.8, 108.7)
    
(23.9, 183.0, 109.1)
(22.1, 186.2, 110.1)
(19.0, 187.9, 109.5)
(19.0, 187.9, 109.5)
(15.8, 189.4, 108.3)
(13.8, 191.1, 107.4)
(12.6, 193.2, 106.6)
(12.4, 195.4, 106.3)
(12.4, 195.4, 106.3)
(12.3, 197.4, 106.2)
    
(21.1, 184.5, 112.3)
(21.1, 184.5, 112.3)
(19.8, 188.4, 112.5)
(18.8, 190.1, 112.4)
(17.4, 191.9, 112.7)
(16.2, 194.9, 113.1)
(16.2, 194.9, 113.1)
(15.0, 197.2, 112.4)
(12.9, 198.1, 111.0)
(11.3, 199.0, 110.0)
    
(22.7, 184.3, 109.7)
(19.2, 188.7, 110.9)
(16.3, 193.0, 111.5)
(16.3, 193.0, 111.5)
(13.9, 196.5, 111.5)
(11.2, 198.5, 111.3)
(8.1, 199.8, 110.7)
(6.3, 201.9, 109.7)
(6.2, 204.6, 109.2)
(6.2, 204.6, 109.2)
    
(17.7, 183.1, 106.7)
(15.9, 187.3, 107.4)
(15.9, 187.3, 107.4)
(14.7, 191.5, 108.3)
(13.5, 195.9, 108.8)
(11.1, 198.7, 108.0)
(7.7, 199.4, 106.1)
(7.7, 199.4, 106.1)
(6.1, 200.8, 105.3)
(6.3, 203.5, 105.5)
    
(20.8, 167.0, 105.1)
(19.5, 171.1, 106.7)
(19.5, 171.1, 106.7)
(15.9, 172.9, 105.6)
(12.3, 174.8, 104.1)
(11.0, 178.6, 104.3)
(11.3, 183.1, 105.9)
(11.3, 183.1, 105.9)
(11.7, 187.4, 107.7)
(10.8, 189.8, 107.7)
    
(27.1, 176.4, 108.8)
(24.6, 182.4, 110.1)
(24.6, 182.4, 110.1)
(22.3, 186.9, 110.7)
(20.3, 190.3, 110.6)
(19.0, 193.9, 110.1)
(17.0, 196.8, 109.3)
(17.0, 196.8, 109.3)
(13.8, 199.6, 108.4)
(11.4, 203.1, 108.4)
    
(27.3, 179.9, 106.8)
(23.5, 184.7, 108.9)
(22.3, 190.0, 111.5)
(22.6, 196.6, 114.7)
(22.6, 196.6, 114.7)
(20.9, 201.7, 115.6)
(17.1, 205.0, 114.4)
(11.8, 207.0, 112.4)
(7.9, 209.8, 111.5)
(7.9, 209.8, 111.5)
    
(27.9, 164.9, 97.4)
(25.1, 170.7, 100.6)
(25.1, 170.7, 100.6)
(23.2, 176.8, 104.0)
(22.6, 184.2, 108.1)
(21.7, 190.5, 110.5)
(19.3, 195.4, 111.0)
(19.3, 195.4, 111.0)
(16.2, 197.7, 109.7)
(12.1, 199.4, 109.3)
    
(20.6, 164.4, 101.8)
(20.6, 171.1, 105.3)
(19.1, 177.1, 108.4)
(16.7, 181.5, 109.6)
(16.7, 181.5, 109.6)
(14.4, 185.4, 109.5)
(12.7, 189.0, 109.6)
(11.6, 193.3, 110.3)
(11.6, 199.0, 111.9)
(11.6, 199.0, 111.9)
    
(22.8, 166.8, 113.3)
(23.6, 172.9, 115.2)
(22.1, 176.8, 114.8)
(22.1, 176.8, 114.8)
(18.6, 180.3, 113.2)
(15.3, 185.7, 112.5)
(13.1, 191.5, 114.2)
(11.4, 195.8, 116.5)
(11.4, 195.8, 116.5)
(11.0, 199.6, 118.2)
    
(27.1, 172.5, 102.4)
(27.1, 172.5, 102.4)
(23.2, 179.0, 104.2)
(18.2, 185.1, 105.6)
(14.5, 190.7, 106.5)
(12.2, 196.4, 107.8)
(12.2, 196.4, 107.8)
(11.5, 202.9, 109.3)
(10.5, 207.6, 109.0)
(8.0, 210.4, 107.4)
    
(22.1, 172.6, 108.6)
(20.9, 178.1, 110.7)
(20.9, 182.9, 112.3)
(20.9, 182.9, 112.3)
(20.5, 188.3, 113.1)
(19.3, 193.8, 113.9)
(16.7, 198.7, 114.4)
(12.5, 201.9, 114.1)
(12.5, 201.9, 114.1)
(9.2, 204.0, 113.1)
    
(18.6, 185.2, 108.1)
(16.6, 190.9, 110.0)
(11.8, 194.7, 110.0)
(11.8, 194.7, 110.0)
(5.7, 197.4, 109.4)
(3.1, 202.5, 109.7)
(3.2, 207.4, 108.8)
(3.9, 213.5, 108.2)
(3.9, 213.5, 108.2)
(2.2, 217.4, 105.5)
    
(21.3, 165.7, 99.6)
(22.8, 175.0, 104.4)
(22.8, 175.0, 104.4)
(24.4, 186.0, 109.1)
(22.0, 191.0, 108.8)
(15.3, 192.1, 106.2)
(9.9, 192.7, 104.8)
(9.9, 192.7, 104.8)
(10.0, 196.3, 105.9)
(14.6, 203.4, 107.3)
    
(26.0, 174.2, 99.9)
(24.2, 177.5, 100.8)
(20.2, 179.3, 100.3)
(16.2, 181.1, 100.0)
(14.3, 185.1, 100.5)
(14.3, 185.1, 100.5)
(12.7, 191.6, 101.6)
(10.8, 195.2, 101.5)
(8.4, 197.6, 100.7)
(5.7, 199.3, 99.4)
    
(19.5, 184.1, 107.7)
(19.5, 184.1, 107.7)
(14.8, 186.9, 108.0)
(12.9, 191.7, 110.5)
(13.6, 198.4, 114.5)
(14.7, 204.4, 116.3)
(14.7, 204.4, 116.3)
(11.9, 205.8, 113.8)
(7.5, 205.4, 110.2)
(3.6, 205.8, 107.4)
    
(27.6, 166.8, 98.3)
(28.4, 172.4, 102.5)
(29.3, 175.4, 105.3)
(26.4, 178.1, 105.3)
(26.4, 178.1, 105.3)
(21.7, 182.7, 105.1)
(18.6, 187.9, 106.1)
(16.9, 193.1, 107.6)
(16.2, 200.3, 110.4)
(16.2, 200.3, 110.4)
    
(19.9, 184.8, 103.9)
(19.1, 191.0, 107.2)
(19.1, 191.0, 107.2)
(18.7, 200.1, 112.5)
(16.9, 204.4, 112.9)
(13.5, 207.4, 111.4)
(10.8, 211.0, 110.6)
(10.8, 211.0, 110.6)
(9.6, 215.5, 111.6)
(9.7, 219.5, 112.2)
    
(28.7, 166.2, 95.4)
(26.2, 169.7, 95.9)
(23.2, 173.7, 96.2)
(23.2, 173.7, 96.2)
(21.0, 177.9, 98.7)
(20.6, 183.1, 103.0)
(21.5, 190.9, 106.8)
(20.4, 196.8, 106.6)
(20.4, 196.8, 106.6)
(16.2, 200.4, 103.8)
    
(20.4, 182.7, 101.4)
(20.4, 186.9, 104.3)
(21.2, 193.9, 106.4)
(19.6, 199.3, 106.1)
(12.5, 201.4, 103.0)
(12.5, 201.4, 103.0)
(8.4, 202.8, 100.6)
(8.3, 206.2, 100.1)
(10.4, 211.5, 101.4)
(10.4, 211.5, 101.4)
    
(12.6, 165.4, 91.5)
(14.0, 172.1, 96.6)
(15.8, 180.6, 101.4)
(15.5, 187.4, 103.4)
(12.4, 191.8, 102.6)
(12.4, 191.8, 102.6)
(9.1, 195.7, 101.2)
(7.9, 199.6, 99.7)
(7.3, 202.7, 97.8)
(5.4, 204.3, 95.4)
    
(15.5, 182.2, 96.9)
(15.5, 182.2, 96.9)
(16.6, 188.0, 100.1)
(17.4, 191.8, 100.9)
(15.9, 193.6, 99.3)
(11.6, 194.1, 96.8)
(11.6, 194.1, 96.8)
(9.4, 195.9, 96.3)
(8.2, 199.4, 96.9)
(8.6, 203.5, 98.2)
    
(19.0, 178.0, 101.6)
(19.0, 178.0, 101.6)
(18.2, 184.6, 103.8)
(15.1, 188.6, 104.0)
(11.0, 192.1, 103.7)
(8.6, 196.6, 103.7)
(8.6, 196.6, 103.7)
(7.7, 202.2, 104.6)
(6.9, 207.7, 105.1)
(6.5, 210.8, 104.1)
    
(23.6, 190.8, 104.5)
(19.8, 194.9, 105.0)
(15.7, 197.8, 104.3)
(15.7, 197.8, 104.3)
(13.2, 202.0, 103.5)
(11.1, 206.9, 102.9)
(9.9, 210.8, 102.1)
(9.0, 213.6, 101.1)
(9.0, 213.6, 101.1)
(8.3, 216.0, 100.2)
    
(18.4, 179.0, 94.4)
(20.6, 187.8, 99.3)
(20.6, 187.8, 99.3)
(19.5, 192.7, 100.8)
(13.7, 194.0, 99.5)
(7.7, 195.1, 97.9)
(5.6, 199.0, 98.1)
(5.6, 199.0, 98.1)
(7.5, 204.2, 99.4)
(8.6, 208.0, 99.5)
    
(24.6, 181.1, 99.8)
(19.3, 182.8, 99.1)
(14.4, 186.8, 98.7)
(13.2, 193.5, 100.1)
(13.2, 193.5, 100.1)
(13.8, 198.1, 100.5)
(12.9, 200.9, 99.3)
(9.1, 203.1, 97.8)
(7.3, 205.9, 97.2)
(7.3, 205.9, 97.2)
    
(19.3, 178.7, 96.2)
(17.3, 182.5, 98.6)
(15.9, 187.2, 100.6)
(15.9, 187.2, 100.6)
(14.2, 191.3, 101.3)
(12.1, 193.9, 101.1)
(9.6, 196.4, 100.9)
(8.1, 199.4, 101.4)
(8.1, 199.4, 101.4)
(8.1, 203.1, 102.7)
    
(19.7, 183.4, 96.9)
(18.9, 188.6, 99.7)
(19.6, 195.3, 103.4)
(18.4, 198.4, 102.2)
(18.4, 198.4, 102.2)
(13.5, 198.4, 97.7)
(9.2, 199.3, 94.4)
(8.3, 202.6, 94.2)
(8.9, 207.3, 96.2)
(8.9, 207.3, 96.2)
    
(17.5, 171.3, 96.8)
(16.2, 175.8, 99.4)
(16.4, 180.8, 102.4)
(15.5, 184.3, 103.5)
(15.5, 184.3, 103.5)
(13.6, 186.8, 103.3)
(9.7, 187.3, 101.9)
(6.6, 188.3, 101.1)
(5.9, 191.4, 102.0)
(5.9, 191.4, 102.0)
    
(24.9, 177.0, 98.3)
(20.1, 180.3, 99.7)
(17.5, 183.3, 100.0)
(15.5, 186.8, 100.8)
(15.5, 186.8, 100.8)
(14.3, 190.8, 102.0)
(13.6, 194.7, 102.9)
(13.2, 197.1, 102.7)
(12.6, 198.9, 101.8)
(10.9, 200.2, 99.9)
    
(22.2, 165.9, 87.8)
(22.1, 171.2, 91.4)
(22.1, 171.2, 91.4)
(20.2, 176.4, 93.8)
(16.9, 180.4, 95.3)
(15.2, 183.8, 96.3)
(15.8, 188.5, 98.2)
(15.8, 188.5, 98.2)
(16.3, 193.3, 99.5)
(15.2, 196.1, 98.2)
    
(20.2, 177.8, 95.5)
(16.6, 181.4, 96.1)
(16.6, 181.4, 96.1)
(15.1, 186.5, 98.1)
(14.8, 192.3, 101.1)
(14.3, 196.5, 101.7)
(12.2, 198.1, 99.0)
(12.2, 198.1, 99.0)
(7.3, 199.2, 95.0)
(4.4, 201.9, 93.0)
    
(13.8, 170.3, 95.3)
(10.4, 175.1, 96.6)
(9.2, 179.8, 98.3)
(9.7, 184.4, 100.6)
(9.7, 184.4, 100.6)
(10.6, 188.5, 102.5)
(10.2, 191.6, 101.9)
(6.5, 192.9, 98.7)
(1.8, 193.8, 95.3)
(1.8, 193.8, 95.3)
    
(18.5, 172.0, 93.6)
(17.6, 175.5, 95.5)
(17.6, 175.5, 95.5)
(17.1, 179.5, 97.9)
(16.4, 183.5, 98.6)
(14.3, 186.5, 97.2)
(11.6, 189.4, 95.9)
(11.6, 189.4, 95.9)
(10.8, 192.7, 96.2)
(12.0, 196.5, 97.7)
    
(16.5, 172.3, 97.6)
(16.5, 172.3, 97.6)
(13.7, 177.6, 100.3)
(12.8, 183.2, 102.3)
(12.3, 188.4, 103.1)
(9.7, 192.2, 102.2)
(9.7, 192.2, 102.2)
(6.5, 195.8, 101.4)
(5.8, 200.0, 100.8)
(5.7, 204.6, 100.1)
    
(14.5, 181.7, 97.0)
(13.1, 186.4, 99.3)
(13.3, 192.6, 102.1)
(13.3, 192.6, 102.1)
(12.4, 197.3, 102.7)
(7.8, 198.6, 100.3)
(5.3, 200.9, 99.1)
(5.3, 200.9, 99.1)
(5.2, 205.0, 99.4)
(7.9, 211.3, 101.5)
    
(24.2, 185.3, 106.4)
(22.0, 190.6, 108.3)
(19.5, 193.5, 108.7)
(18.6, 196.6, 110.0)
(18.8, 200.9, 110.3)
(18.8, 200.9, 110.3)
(16.9, 204.3, 108.1)
(13.0, 205.1, 104.1)
(8.2, 204.3, 99.9)
(7.9, 205.7, 98.5)
    
(28.4, 167.0, 100.0)
(23.5, 171.6, 101.9)
(19.1, 176.7, 104.3)
(16.7, 183.4, 107.7)
(17.1, 190.2, 109.2)
(17.1, 190.2, 109.2)
(16.3, 195.4, 109.1)
(12.0, 196.4, 106.8)
(8.7, 198.5, 105.0)
(8.1, 203.8, 104.6)
    
(26.3, 163.5, 94.9)
(24.5, 167.0, 95.9)
(22.5, 170.1, 97.2)
(22.5, 170.1, 97.2)
(21.1, 173.2, 99.5)
(20.7, 176.9, 102.1)
(20.4, 181.2, 103.8)
(18.7, 184.1, 103.3)
(18.7, 184.1, 103.3)
(15.4, 185.4, 101.3)
    
(15.2, 166.5, 101.2)
(13.9, 173.0, 103.9)
(13.9, 173.0, 103.9)
(11.9, 177.3, 105.4)
(9.0, 180.7, 107.1)
(7.1, 185.7, 109.6)
(7.1, 185.7, 109.6)
(7.6, 194.3, 112.7)
(7.5, 199.9, 112.5)
(5.8, 202.7, 110.5)
    
(16.7, 162.6, 96.4)
(17.6, 168.5, 97.7)
(16.3, 173.8, 97.9)
(12.4, 176.8, 97.7)
(12.4, 176.8, 97.7)
(9.6, 179.8, 99.3)
(9.7, 184.0, 102.7)
(12.3, 190.9, 105.1)
(13.2, 197.1, 104.5)
(13.2, 197.1, 104.5)
    
(19.0, 169.6, 104.3)
(18.7, 175.1, 105.7)
(11.7, 174.5, 102.7)
(11.7, 174.5, 102.7)
(3.4, 172.6, 100.3)
(358.8, 174.4, 100.7)
(360.0, 181.5, 103.4)
(6.1, 190.4, 105.4)
(6.1, 190.4, 105.4)
(8.4, 196.2, 104.2)
    
(25.1, 171.2, 97.5)
(19.9, 174.2, 97.4)
(19.0, 179.3, 100.7)
(20.9, 185.4, 105.4)
(22.4, 188.8, 106.2)
(19.0, 189.0, 102.2)
(19.0, 189.0, 102.2)
(13.1, 188.8, 98.3)
(8.8, 190.0, 97.2)
(8.8, 193.2, 98.5)
    
(30.6, 194.1, 114.3)
(28.6, 200.3, 117.2)
(28.2, 205.8, 118.2)
(28.2, 205.8, 118.2)
(24.9, 207.3, 114.8)
(21.0, 208.6, 112.1)
(18.7, 211.6, 111.6)
(18.5, 215.0, 111.0)
(18.5, 215.0, 111.0)
(17.3, 215.0, 106.8)
    
(31.8, 170.9, 103.0)
(31.8, 170.9, 103.0)
(27.5, 173.0, 103.1)
(23.8, 174.4, 103.8)
(24.0, 179.2, 106.3)
(25.0, 184.7, 108.2)
(25.0, 184.7, 108.2)
(23.6, 187.8, 107.6)
(18.2, 187.3, 104.2)
(14.9, 187.7, 102.8)
    
(35.2, 171.5, 104.0)
(31.8, 174.1, 105.1)
(31.8, 174.1, 105.1)
(28.7, 176.3, 106.0)
(27.7, 179.9, 108.0)
(28.2, 184.2, 109.4)
(27.5, 187.7, 108.8)
(22.4, 188.3, 105.8)
(22.4, 188.3, 105.8)
(17.3, 188.9, 103.7)
    
(27.7, 174.0, 108.8)
(26.7, 179.9, 112.8)
(26.7, 179.9, 112.8)
(27.5, 187.2, 116.5)
(25.1, 191.7, 116.1)
(19.6, 193.1, 112.9)
(15.6, 196.0, 112.0)
(15.6, 196.0, 112.0)
(13.0, 201.0, 113.4)
(13.7, 207.3, 114.2)
    
(26.9, 169.4, 106.6)
(23.3, 171.4, 108.2)
(23.3, 171.4, 108.2)
(22.4, 176.6, 111.3)
(22.6, 184.5, 114.1)
(20.8, 189.0, 113.1)
(14.8, 188.4, 108.8)
(14.8, 188.4, 108.8)
(8.8, 188.5, 106.1)
(8.7, 191.9, 106.1)
    
(32.0, 166.4, 102.5)
(31.7, 171.1, 105.7)
(28.9, 173.9, 106.0)
(23.3, 175.9, 104.8)
(18.8, 178.3, 105.1)
(18.8, 178.3, 105.1)
(16.7, 183.4, 106.9)
(18.5, 191.5, 110.2)
(19.4, 196.4, 111.0)
(18.0, 198.8, 109.4)
    
(26.7, 177.5, 101.1)
(26.7, 177.5, 101.1)
(25.8, 182.5, 104.2)
(27.1, 190.2, 108.9)
(27.9, 196.4, 110.9)
(23.7, 197.6, 108.3)
(23.7, 197.6, 108.3)
(19.3, 197.9, 106.2)
(17.2, 200.6, 106.2)
(17.1, 205.6, 107.5)
    
(37.8, 178.6, 111.4)
(39.0, 185.9, 115.4)
(33.9, 188.2, 113.4)
(28.6, 187.9, 111.0)
(26.3, 188.9, 110.6)
(26.3, 188.9, 110.6)
(26.6, 193.9, 112.1)
(26.6, 199.9, 113.5)
(24.5, 202.6, 111.6)
(19.2, 202.2, 107.6)
    
(25.4, 190.6, 112.2)
(25.0, 195.8, 114.8)
(25.0, 195.8, 114.8)
(24.4, 199.1, 114.9)
(21.2, 200.7, 112.5)
(16.9, 202.7, 111.0)
(16.1, 204.9, 111.8)
(16.1, 204.9, 111.8)
(18.3, 208.5, 112.6)
(22.3, 213.6, 112.0)
    
(30.2, 173.3, 101.9)
(25.3, 176.7, 102.2)
(20.0, 179.3, 101.7)
(20.0, 179.3, 101.7)
(18.1, 183.6, 103.3)
(19.9, 189.0, 106.4)
(22.6, 194.4, 109.9)
(22.1, 196.9, 110.1)
(22.1, 196.9, 110.1)
(20.2, 198.3, 108.4)
    
(33.4, 178.5, 107.7)
(33.9, 187.1, 113.5)
(33.9, 187.1, 113.5)
(30.3, 190.6, 113.4)
(23.0, 190.0, 109.8)
(20.6, 192.8, 110.9)
(22.3, 198.5, 113.5)
(22.3, 198.5, 113.5)
(24.9, 205.4, 115.9)
(22.6, 207.6, 112.2)
    
(27.3, 167.5, 94.1)
(25.3, 174.6, 98.1)
(24.4, 181.6, 100.7)
(22.1, 186.8, 101.2)
(22.1, 186.8, 101.2)
(18.4, 189.2, 100.4)
(17.0, 191.8, 99.9)
(18.3, 196.4, 101.1)
(18.9, 200.9, 102.3)
(18.9, 200.9, 102.3)
    
(32.6, 164.9, 91.0)
(29.7, 167.4, 92.5)
(26.4, 169.7, 94.2)
(26.4, 169.7, 94.2)
(24.2, 173.7, 96.4)
(23.3, 180.0, 99.8)
(22.3, 185.7, 101.3)
(20.8, 190.4, 102.0)
(18.8, 194.1, 102.4)
(18.8, 194.1, 102.4)
    
(28.4, 175.3, 100.7)
(28.4, 175.3, 100.7)
(26.9, 181.5, 103.8)
(25.5, 187.4, 106.4)
(23.1, 191.9, 108.0)
(20.4, 195.1, 108.0)
(20.4, 195.1, 108.0)
(18.0, 199.0, 107.3)
(16.8, 204.0, 107.1)
(15.3, 207.3, 106.0)
    
/n
