    
    
    
    
    
    
    
(10.3, 352.4, 286.6)
(5.3, 21.3, 282.7)
(1.4, 47.0, 277.2)
(1.4, 47.0, 277.2)
(2.1, 66.4, 272.6)
(6.9, 79.6, 271.1)
(14.3, 94.4, 272.9)
(14.3, 94.4, 272.9)
(15.2, 106.7, 277.4)
(13.2, 118.0, 281.9)
    
(348.9, 28.3, 276.9)
(353.6, 56.4, 271.6)
(359.3, 77.9, 268.3)
(359.3, 77.9, 268.3)
(9.9, 98.4, 267.3)
(17.4, 113.9, 271.6)
(19.6, 128.6, 277.2)
(17.3, 134.0, 278.8)
(17.3, 134.0, 278.8)
(13.1, 137.0, 279.8)
    
(352.4, 330.3, 290.7)
(4.6, 356.4, 293.4)
(4.6, 21.2, 292.5)
(4.6, 21.2, 292.5)
(359.4, 49.3, 284.2)
(0.1, 69.4, 275.5)
(8.0, 92.2, 267.6)
(8.0, 92.2, 267.6)
(22.8, 118.6, 270.2)
(27.7, 136.3, 278.7)
    
(338.1, 9.0, 268.1)
(345.5, 25.6, 268.9)
(352.4, 40.3, 270.9)
(1.2, 56.1, 272.6)
(8.8, 74.6, 275.9)
(8.8, 74.6, 275.9)
(13.3, 91.4, 277.8)
(16.8, 108.6, 278.3)
(22.2, 126.9, 277.7)
(25.0, 142.7, 278.6)
    
(23.2, 353.8, 275.1)
(20.3, 13.8, 275.0)
(19.1, 34.3, 275.3)
(21.9, 52.3, 275.9)
(21.9, 52.3, 275.9)
(24.1, 68.4, 277.8)
(25.3, 86.1, 281.4)
(23.0, 98.9, 284.0)
(18.3, 110.3, 286.3)
(18.3, 110.3, 286.3)
    
(38.1, 336.8, 292.8)
(38.7, 354.0, 290.2)
(30.0, 9.9, 285.6)
(30.0, 9.9, 285.6)
(19.8, 29.6, 284.4)
(20.5, 51.9, 289.8)
(29.3, 79.2, 301.2)
(34.3, 118.9, 319.3)
(34.3, 118.9, 319.3)
(15.8, 148.5, 333.6)
    
(22.5, 328.6, 279.4)
(25.4, 350.4, 281.7)
(22.3, 11.6, 284.8)
(18.6, 36.3, 289.3)
(18.6, 36.3, 289.3)
(21.4, 62.4, 292.8)
(27.9, 96.3, 299.1)
(24.0, 132.2, 310.2)
(15.7, 149.7, 299.6)
(15.7, 149.7, 299.6)
    
(340.9, 334.0, 277.3)
(355.2, 348.5, 284.1)
(355.2, 348.5, 284.1)
(359.3, 10.8, 287.5)
(0.3, 36.4, 289.6)
(2.8, 63.2, 284.9)
(7.8, 84.7, 279.9)
(7.8, 84.7, 279.9)
(16.3, 108.6, 279.5)
(23.3, 128.8, 282.5)
    
(21.5, 328.5, 271.1)
(26.8, 3.1, 272.6)
(30.1, 36.8, 275.4)
(36.2, 71.1, 277.6)
(43.2, 110.1, 285.1)
(43.2, 110.1, 285.1)
(41.8, 126.3, 283.5)
(41.0, 135.4, 279.8)
(42.1, 143.0, 275.3)
(42.6, 145.2, 276.5)
    
(354.7, 328.3, 272.4)
(359.8, 356.8, 272.0)
(5.7, 21.3, 271.7)
(5.7, 21.3, 271.7)
(8.4, 40.4, 270.4)
(8.4, 54.4, 268.4)
(9.1, 68.8, 264.6)
(15.6, 80.7, 262.8)
(15.6, 80.7, 262.8)
(28.5, 96.4, 263.7)
    
(346.2, 4.1, 260.7)
(344.7, 20.4, 260.1)
(352.2, 36.2, 257.5)
(352.2, 36.2, 257.5)
(8.1, 51.2, 261.7)
(28.2, 70.9, 273.2)
(33.4, 93.4, 286.8)
(28.2, 133.2, 302.5)
(28.2, 133.2, 302.5)
(17.9, 141.3, 301.5)
    
(5.5, 322.7, 287.6)
(355.0, 337.3, 279.9)
(353.3, 355.3, 273.9)
(356.3, 14.3, 269.1)
(0.0, 32.3, 267.4)
(0.0, 32.3, 267.4)
(1.6, 43.1, 268.7)
(3.6, 50.4, 270.1)
(6.9, 54.1, 273.1)
(11.0, 55.8, 276.6)
    
(30.5, 31.6, 275.3)
(33.0, 36.3, 276.2)
(34.7, 39.6, 276.0)
(34.7, 39.6, 276.0)
(35.7, 42.7, 275.7)
(35.7, 44.5, 275.7)
(35.2, 45.8, 275.6)
(34.7, 46.6, 276.3)
(34.7, 46.6, 276.3)
(35.2, 46.2, 277.9)
    
(3.6, 357.2, 282.2)
(8.2, 16.4, 284.5)
(12.1, 33.0, 284.4)
(16.9, 45.6, 284.7)
(21.4, 53.8, 284.4)
(21.4, 53.8, 284.4)
(25.2, 61.8, 284.0)
(26.3, 65.5, 284.8)
(26.8, 69.5, 286.6)
(27.9, 70.7, 288.6)
    
(12.1, 348.2, 286.5)
(12.4, 5.2, 285.8)
(12.4, 5.2, 285.8)
(13.3, 21.3, 287.1)
(16.0, 33.9, 287.9)
(19.1, 44.9, 289.8)
(21.0, 53.9, 291.4)
(21.0, 53.9, 291.4)
(22.8, 63.2, 292.6)
(23.9, 70.1, 293.5)
    
(0.7, 14.2, 266.0)
(9.9, 32.1, 268.5)
(16.9, 45.4, 273.5)
(16.9, 45.4, 273.5)
(21.0, 54.4, 277.9)
(23.8, 60.3, 281.1)
(26.9, 64.8, 283.0)
(28.0, 65.4, 285.0)
(28.0, 65.4, 285.0)
(28.1, 67.0, 288.4)
    
(5.2, 30.4, 265.2)
(14.0, 44.8, 268.9)
(20.5, 57.5, 271.4)
(23.9, 63.2, 273.3)
(23.9, 63.2, 273.3)
(26.2, 69.1, 278.3)
(26.2, 73.4, 284.0)
(25.9, 73.2, 290.1)
(25.8, 69.6, 295.6)
(25.8, 69.6, 295.6)
    
(1.9, 359.7, 265.0)
(9.6, 10.6, 276.1)
(14.5, 20.7, 282.9)
(17.8, 32.2, 286.9)
(19.6, 41.2, 287.1)
(19.6, 41.2, 287.1)
(21.8, 46.2, 285.9)
(24.7, 49.5, 285.3)
(25.1, 49.0, 284.9)
(24.0, 47.0, 284.5)
    
(353.3, 355.0, 268.0)
(356.8, 17.4, 265.1)
(5.7, 36.2, 263.3)
(14.8, 50.6, 264.2)
(14.8, 50.6, 264.2)
(19.6, 67.1, 268.3)
(15.5, 83.4, 272.0)
(13.9, 85.3, 274.5)
(17.6, 79.5, 279.4)
(17.6, 79.5, 279.4)
    
(341.9, 344.7, 254.6)
(349.2, 349.6, 262.2)
(349.2, 349.6, 262.2)
(355.7, 353.9, 269.5)
(1.0, 356.0, 275.2)
(4.8, 358.0, 280.3)
(8.8, 359.6, 283.2)
(11.4, 1.1, 284.0)
(11.4, 1.1, 284.0)
(13.6, 1.8, 283.3)
    
(7.2, 341.6, 273.1)
(10.4, 356.7, 273.4)
(12.8, 7.2, 272.7)
(15.6, 16.9, 270.6)
(15.6, 16.9, 270.6)
(16.1, 20.1, 270.3)
(15.3, 22.2, 272.1)
(13.0, 21.8, 273.4)
(13.5, 20.5, 273.9)
(13.5, 20.5, 273.9)
    
(16.4, 335.8, 276.0)
(16.4, 335.8, 276.0)
(18.0, 347.7, 276.6)
(19.4, 359.9, 277.7)
(19.3, 10.6, 277.3)
(21.1, 19.4, 275.4)
(21.1, 19.4, 275.4)
(21.3, 25.4, 275.1)
(22.9, 29.7, 276.0)
(24.3, 29.9, 276.5)
    
(350.7, 353.4, 272.6)
(351.2, 5.5, 267.1)
(351.2, 5.5, 267.1)
(351.3, 15.5, 260.6)
(354.4, 24.4, 258.1)
(0.4, 30.4, 259.5)
(5.1, 33.6, 261.6)
(5.1, 33.6, 261.6)
(9.8, 35.7, 263.2)
(12.1, 38.3, 263.9)
    
(338.8, 316.0, 268.6)
(336.5, 333.4, 264.8)
(337.0, 355.4, 261.2)
(342.1, 16.7, 261.0)
(342.1, 16.7, 261.0)
(343.7, 34.4, 260.2)
(346.0, 41.5, 261.5)
(348.2, 42.5, 266.1)
(349.3, 39.2, 269.7)
(349.3, 39.2, 269.7)
    
(351.2, 1.9, 279.1)
(356.4, 8.3, 280.2)
(359.8, 13.9, 280.9)
(2.4, 18.2, 281.4)
(2.4, 18.2, 281.4)
(5.1, 21.0, 281.3)
(6.2, 23.4, 279.9)
(7.6, 27.1, 279.0)
(9.6, 32.7, 278.6)
(9.6, 32.7, 278.6)
    
(337.4, 340.6, 273.7)
(332.6, 358.4, 269.9)
(328.6, 18.3, 262.9)
(328.6, 18.3, 262.9)
(329.0, 37.0, 256.0)
(334.7, 51.9, 253.5)
(340.9, 61.7, 254.7)
(346.6, 69.6, 257.1)
(346.6, 69.6, 257.1)
(350.9, 71.7, 259.9)
    
(338.0, 352.1, 263.8)
(345.8, 7.8, 259.3)
(356.6, 23.7, 257.9)
(3.0, 35.2, 257.2)
(7.0, 44.6, 256.5)
(7.0, 44.6, 256.5)
(10.6, 51.8, 257.1)
(11.9, 58.8, 257.9)
(11.6, 64.2, 258.7)
(11.6, 67.3, 260.0)
    
(334.5, 2.7, 260.6)
(337.8, 17.3, 260.0)
(341.8, 26.7, 259.4)
(345.6, 35.0, 258.1)
(345.6, 35.0, 258.1)
(348.7, 39.5, 256.2)
(351.4, 43.3, 254.4)
(354.0, 46.8, 252.6)
(356.1, 50.3, 250.8)
(356.1, 50.3, 250.8)
    
(359.3, 335.0, 262.3)
(2.3, 357.4, 263.9)
(5.6, 11.8, 264.4)
(5.6, 11.8, 264.4)
(8.7, 21.2, 264.1)
(12.5, 26.8, 264.7)
(14.7, 28.9, 265.2)
(17.0, 31.2, 264.8)
(17.0, 31.2, 264.8)
(17.9, 33.6, 263.8)
    
(351.0, 336.1, 268.3)
(353.8, 352.4, 268.4)
(355.3, 8.2, 265.4)
(355.3, 8.2, 265.4)
(354.6, 25.5, 263.1)
(354.0, 40.7, 265.7)
(353.5, 49.6, 267.0)
(354.7, 52.7, 265.9)
(354.7, 52.7, 265.9)
(357.5, 51.5, 263.7)
    
(326.4, 344.5, 263.9)
(329.5, 5.1, 259.9)
(335.1, 22.1, 256.9)
(335.1, 22.1, 256.9)
(342.2, 37.2, 254.6)
(347.7, 46.1, 253.7)
(354.5, 53.5, 254.4)
(354.5, 53.5, 254.4)
(359.4, 60.2, 257.4)
(0.8, 67.2, 260.0)
    
(331.0, 328.1, 272.6)
(335.5, 357.0, 264.9)
(346.7, 18.0, 259.5)
(346.7, 18.0, 259.5)
(355.9, 28.8, 257.5)
(3.7, 38.2, 257.2)
(10.9, 48.1, 259.9)
(14.2, 54.6, 261.3)
(14.2, 54.6, 261.3)
(15.3, 58.7, 261.1)
    
(0.3, 3.4, 276.7)
(3.1, 12.1, 279.4)
(5.5, 21.9, 280.2)
(5.6, 32.2, 278.6)
(5.6, 32.2, 278.6)
(4.9, 39.8, 275.5)
(4.4, 47.0, 271.9)
(4.7, 52.6, 270.2)
(5.3, 56.4, 270.4)
(6.5, 57.2, 269.9)
    
(348.5, 321.7, 267.3)
(349.6, 344.5, 267.6)
(351.8, 6.6, 269.2)
(354.5, 24.6, 271.3)
(356.6, 38.0, 273.8)
(356.6, 38.0, 273.8)
(359.7, 49.0, 278.2)
(1.9, 52.6, 279.7)
(3.6, 54.0, 280.1)
(4.1, 52.2, 279.2)
    
(327.3, 358.8, 261.4)
(335.7, 20.9, 256.3)
(335.7, 20.9, 256.3)
(345.5, 37.7, 251.3)
(353.9, 48.9, 249.8)
(359.9, 58.1, 250.4)
(5.3, 63.2, 250.0)
(5.3, 63.2, 250.0)
(10.5, 64.4, 248.9)
(13.9, 63.5, 249.9)
    
(333.9, 6.3, 250.5)
(332.5, 21.4, 244.6)
(336.4, 32.4, 242.1)
(344.9, 41.2, 242.9)
(344.9, 41.2, 242.9)
(354.3, 45.2, 246.5)
(6.0, 46.8, 250.6)
(13.7, 46.4, 254.2)
(20.0, 46.6, 258.7)
(20.0, 46.6, 258.7)
    
(343.7, 4.6, 238.5)
(353.2, 14.4, 241.8)
(1.4, 20.4, 245.7)
(8.4, 26.5, 249.5)
(8.4, 26.5, 249.5)
(15.4, 32.2, 253.7)
(22.3, 37.8, 257.5)
(27.8, 42.9, 258.5)
(30.1, 45.9, 257.8)
(30.1, 45.9, 257.8)
    
(0.4, 0.2, 264.5)
(8.0, 16.8, 267.0)
(14.9, 33.3, 271.8)
(18.7, 46.8, 276.5)
(18.7, 46.8, 276.5)
(23.8, 57.3, 280.5)
(27.1, 61.9, 281.5)
(27.4, 66.3, 281.0)
(28.0, 70.3, 279.7)
(28.0, 70.3, 279.7)
    
(349.2, 350.5, 252.3)
(359.1, 9.0, 251.4)
(8.1, 27.4, 254.8)
(14.1, 41.9, 258.2)
(14.1, 41.9, 258.2)
(22.4, 55.3, 259.7)
(29.2, 63.7, 261.0)
(33.2, 71.5, 262.3)
(32.2, 74.0, 262.3)
(32.2, 74.0, 262.3)
    
(354.2, 344.9, 236.7)
(359.4, 354.6, 231.4)
(3.5, 0.8, 225.6)
(6.2, 3.6, 220.1)
(8.4, 5.6, 214.6)
(8.4, 5.6, 214.6)
(12.6, 10.9, 212.7)
(15.3, 15.1, 211.3)
(17.2, 18.8, 210.1)
(19.7, 21.1, 210.4)
    
(337.7, 318.3, 258.0)
(336.7, 323.0, 253.5)
(337.7, 334.6, 244.0)
(341.3, 350.5, 237.3)
(353.5, 3.4, 239.1)
(353.5, 3.4, 239.1)
(8.7, 16.3, 244.1)
(16.0, 26.3, 247.4)
(22.5, 33.0, 249.5)
(22.5, 33.0, 249.5)
    
(13.4, 8.2, 272.5)
(18.1, 15.6, 274.4)
(18.1, 15.6, 274.4)
(21.3, 21.0, 276.0)
(22.2, 26.7, 277.9)
(21.1, 31.9, 279.2)
(21.0, 33.5, 279.2)
(21.0, 33.5, 279.2)
(21.8, 33.0, 279.2)
(22.9, 30.0, 279.4)
    
/n
(328.5, 39.8, 89.2)
(333.2, 19.0, 101.1)
(341.5, 3.4, 108.4)
(352.3, 353.5, 111.7)
(4.8, 349.2, 114.2)
(4.8, 349.2, 114.2)
(16.0, 344.5, 114.7)
(27.3, 317.3, 97.7)
(27.3, 317.3, 97.7)
(20.0, 300.8, 87.4)
    
(358.4, 48.6, 91.1)
(359.6, 29.2, 94.7)
(2.1, 8.8, 95.8)
(11.0, 352.5, 98.4)
(21.0, 341.7, 101.3)
(29.5, 330.3, 100.9)
(29.5, 330.3, 100.9)
(30.0, 319.4, 95.2)
(25.3, 307.8, 88.8)
(23.3, 303.5, 89.7)
    
(338.4, 15.9, 95.1)
(338.4, 15.9, 95.1)
(343.4, 357.9, 101.4)
(352.8, 340.9, 103.5)
(4.4, 327.5, 101.8)
(16.4, 310.9, 94.8)
(16.4, 310.9, 94.8)
(22.9, 300.8, 88.8)
(27.4, 295.7, 86.3)
(30.9, 297.1, 87.3)
    
(328.9, 14.0, 106.3)
(339.0, 355.4, 113.8)
(354.2, 341.2, 116.3)
(13.3, 326.7, 113.0)
(13.3, 326.7, 113.0)
(24.2, 312.4, 104.9)
(28.8, 299.6, 97.4)
(32.4, 291.6, 92.7)
(32.4, 291.6, 92.7)
(36.3, 291.2, 92.3)
    
(321.0, 28.8, 104.0)
(323.8, 5.7, 114.7)
(323.8, 5.7, 114.7)
(334.9, 345.4, 118.7)
(354.5, 333.8, 117.3)
(15.6, 326.3, 113.8)
(30.3, 317.5, 107.9)
(30.3, 317.5, 107.9)
(34.1, 309.6, 102.2)
(33.0, 302.1, 98.2)
    
(343.3, 34.6, 99.5)
(348.4, 15.4, 105.6)
(359.8, 0.0, 109.0)
(359.8, 0.0, 109.0)
(15.5, 350.1, 110.1)
(33.0, 342.5, 108.8)
(45.6, 329.0, 101.9)
(46.0, 318.3, 94.8)
(46.0, 318.3, 94.8)
(41.4, 306.6, 89.3)
    
(331.9, 344.8, 123.0)
(352.9, 324.4, 135.4)
(16.7, 316.4, 135.0)
(41.7, 308.6, 129.3)
(41.7, 308.6, 129.3)
(62.3, 301.7, 122.3)
(80.6, 287.9, 109.2)
(83.5, 266.9, 90.1)
(77.9, 268.4, 93.8)
(77.9, 268.4, 93.8)
    
(353.5, 39.1, 93.9)
(358.7, 20.7, 98.7)
(7.0, 5.9, 99.9)
(7.0, 5.9, 99.9)
(17.2, 354.4, 99.4)
(27.5, 346.1, 97.9)
(37.2, 339.3, 95.5)
(45.4, 330.1, 89.9)
(45.4, 330.1, 89.9)
(47.9, 320.2, 82.8)
    
(341.9, 15.9, 99.1)
(354.4, 17.2, 100.8)
(1.3, 15.5, 103.0)
(3.7, 10.7, 104.6)
(5.3, 4.1, 106.4)
(5.3, 4.1, 106.4)
(6.9, 357.0, 108.8)
(9.4, 349.4, 110.7)
(13.4, 341.3, 110.3)
(18.2, 333.3, 108.0)
    
(342.9, 34.9, 103.5)
(344.6, 19.3, 114.5)
(349.1, 359.6, 120.5)
(0.0, 342.6, 121.3)
(0.0, 342.6, 121.3)
(18.6, 332.0, 119.5)
(35.1, 326.8, 117.3)
(47.0, 321.0, 113.2)
(48.7, 313.8, 106.7)
(48.7, 313.8, 106.7)
    
(333.2, 9.3, 111.3)
(343.7, 352.2, 116.9)
(343.7, 352.2, 116.9)
(358.0, 332.9, 115.4)
(10.5, 322.8, 113.1)
(23.1, 316.5, 112.5)
(32.7, 313.3, 109.7)
(32.7, 313.3, 109.7)
(41.9, 311.7, 103.8)
(48.2, 312.8, 99.9)
    
(351.8, 8.7, 102.2)
(347.5, 353.6, 112.2)
(347.5, 353.6, 112.2)
(350.8, 340.5, 121.5)
(356.0, 327.6, 124.7)
(5.0, 318.7, 121.1)
(18.5, 310.2, 113.7)
(18.5, 310.2, 113.7)
(29.7, 304.7, 105.0)
(40.7, 298.0, 93.1)
    
(335.9, 50.2, 102.4)
(342.6, 28.5, 107.2)
(342.6, 28.5, 107.2)
(354.8, 8.4, 105.6)
(12.3, 351.4, 98.1)
(29.9, 338.9, 90.1)
(37.9, 333.3, 86.9)
(37.9, 333.3, 86.9)
(44.9, 328.1, 83.9)
(46.2, 324.5, 82.7)
    
(313.4, 54.0, 87.9)
(318.9, 30.3, 106.0)
(332.3, 11.9, 117.1)
(348.5, 359.8, 121.9)
(348.5, 359.8, 121.9)
(4.4, 350.2, 122.2)
(17.1, 341.6, 120.4)
(27.2, 330.9, 116.8)
(27.2, 330.9, 116.8)
(29.9, 321.7, 113.3)
    
(355.1, 20.2, 101.8)
(357.2, 12.6, 102.7)
(357.2, 12.6, 102.7)
(1.1, 2.5, 103.0)
(8.1, 354.0, 103.4)
(18.5, 347.6, 104.8)
(18.5, 347.6, 104.8)
(28.8, 341.9, 105.4)
(36.3, 333.8, 101.9)
(38.8, 321.2, 92.1)
    
(324.9, 349.0, 104.7)
(332.9, 340.7, 111.7)
(343.3, 333.1, 117.5)
(356.1, 326.3, 119.9)
(10.1, 317.6, 118.3)
(10.1, 317.6, 118.3)
(19.0, 309.4, 114.3)
(24.9, 301.2, 109.8)
(28.5, 296.6, 108.4)
(29.7, 295.0, 109.4)
    
(359.0, 43.7, 90.8)
(358.2, 23.0, 93.1)
(358.2, 23.0, 93.1)
(7.0, 8.0, 97.0)
(22.0, 357.8, 99.8)
(33.1, 347.2, 96.6)
(35.9, 332.3, 87.4)
(35.9, 332.3, 87.4)
(29.9, 320.8, 83.9)
(23.1, 316.6, 86.3)
    
(328.0, 28.4, 88.5)
(333.1, 20.1, 97.5)
(342.1, 12.0, 106.7)
(353.8, 3.0, 112.0)
(10.4, 351.6, 113.3)
(10.4, 351.6, 113.3)
(19.9, 340.6, 109.9)
(26.2, 322.7, 102.6)
(27.8, 312.9, 100.3)
(27.8, 312.9, 100.3)
    
(340.9, 18.8, 101.0)
(350.4, 5.4, 107.3)
(4.8, 353.4, 110.7)
(4.8, 353.4, 110.7)
(18.7, 347.2, 112.4)
(32.9, 345.9, 114.5)
(43.6, 346.1, 115.7)
(52.2, 344.7, 115.0)
(52.2, 344.7, 115.0)
(54.4, 339.3, 110.0)
    
(21.4, 17.0, 102.5)
(21.4, 17.0, 102.5)
(32.6, 4.0, 107.5)
(41.9, 347.8, 105.1)
(49.4, 336.2, 102.8)
(59.4, 329.9, 103.4)
(59.4, 329.9, 103.4)
(66.7, 338.3, 114.3)
(70.0, 350.3, 127.4)
(69.7, 0.3, 138.2)
    
(320.3, 10.7, 81.0)
(327.6, 4.1, 87.0)
(333.6, 356.3, 90.3)
(339.7, 348.9, 91.6)
(339.7, 348.9, 91.6)
(349.0, 343.6, 94.8)
(359.0, 338.9, 95.9)
(6.6, 331.5, 91.4)
(9.3, 322.3, 84.3)
(9.3, 322.3, 84.3)
    
(359.4, 33.7, 131.3)
(7.8, 34.5, 139.3)
(22.0, 27.7, 146.9)
(36.0, 17.7, 147.9)
(50.7, 6.0, 144.7)
(50.7, 6.0, 144.7)
(64.1, 1.7, 145.3)
(73.5, 15.5, 160.6)
(76.5, 42.3, 186.9)
(76.7, 58.2, 201.5)
    
(315.0, 348.6, 122.3)
(315.0, 348.6, 122.3)
(331.3, 351.8, 126.1)
(345.9, 351.9, 127.3)
(1.3, 349.4, 126.7)
(15.2, 343.6, 124.7)
(15.2, 343.6, 124.7)
(26.6, 336.4, 121.8)
(35.9, 329.9, 119.1)
(43.3, 325.3, 117.2)
    
(322.3, 50.1, 83.8)
(330.1, 35.1, 95.4)
(338.5, 22.5, 102.3)
(338.5, 22.5, 102.3)
(347.5, 12.9, 106.1)
(358.2, 6.6, 110.2)
(8.8, 1.7, 112.9)
(17.5, 355.1, 112.4)
(17.5, 355.1, 112.4)
(22.6, 345.0, 108.2)
    
(339.1, 21.8, 110.0)
(353.7, 9.3, 117.0)
(10.2, 0.0, 120.4)
(10.2, 0.0, 120.4)
(24.2, 352.6, 120.0)
(32.7, 343.7, 117.1)
(35.4, 336.2, 115.7)
(35.6, 330.4, 115.8)
(35.4, 328.6, 116.2)
(35.4, 328.6, 116.2)
    
(352.0, 43.6, 93.9)
(352.6, 38.2, 97.0)
(354.5, 31.0, 101.0)
(358.1, 22.8, 104.7)
(3.8, 14.3, 107.7)
(3.8, 14.3, 107.7)
(11.8, 7.3, 110.1)
(21.4, 2.0, 112.0)
(30.1, 358.3, 113.2)
(36.9, 355.0, 113.1)
    
(312.9, 33.4, 84.4)
(319.8, 20.8, 94.4)
(319.8, 20.8, 94.4)
(333.0, 11.5, 103.8)
(348.0, 6.3, 111.3)
(2.2, 2.0, 119.4)
(12.9, 354.6, 122.1)
(12.9, 354.6, 122.1)
(22.0, 343.8, 119.2)
(28.0, 330.6, 112.6)
    
(338.3, 50.7, 87.4)
(338.7, 43.8, 91.1)
(338.7, 43.8, 91.1)
(343.8, 32.1, 98.7)
(351.5, 21.5, 107.1)
(359.7, 11.3, 113.0)
(7.9, 1.0, 116.1)
(7.9, 1.0, 116.1)
(13.3, 346.2, 115.4)
(17.0, 333.5, 111.6)
    
(343.7, 42.7, 101.8)
(348.0, 21.4, 116.3)
(357.1, 1.9, 125.2)
(9.2, 346.1, 128.0)
(21.7, 336.1, 126.3)
(21.7, 336.1, 126.3)
(33.5, 330.8, 122.2)
(47.8, 328.3, 119.2)
(55.6, 330.6, 119.1)
(58.2, 334.0, 119.2)
    
(292.4, 23.7, 85.2)
(307.0, 358.4, 106.4)
(323.7, 346.6, 116.4)
(337.8, 339.9, 120.8)
(337.8, 339.9, 120.8)
(351.1, 333.3, 122.2)
(1.2, 327.6, 120.6)
(13.3, 322.3, 118.8)
(23.4, 318.6, 116.2)
(23.4, 318.6, 116.2)
    
(301.6, 35.6, 84.4)
(309.3, 22.9, 94.3)
(320.0, 12.3, 101.3)
(332.2, 5.8, 107.6)
(342.7, 1.3, 112.9)
(342.7, 1.3, 112.9)
(352.9, 355.6, 116.9)
(0.9, 347.4, 118.9)
(7.5, 335.5, 118.3)
(12.0, 322.1, 114.0)
    
(311.2, 54.1, 74.8)
(311.4, 35.8, 91.7)
(317.9, 13.8, 109.4)
(330.7, 358.2, 119.0)
(346.8, 344.3, 124.1)
(346.8, 344.3, 124.1)
(0.0, 334.2, 125.1)
(9.9, 328.2, 123.9)
(18.2, 325.2, 121.7)
(25.0, 326.9, 120.3)
    
(339.8, 35.7, 100.9)
(343.5, 13.5, 107.7)
(351.9, 352.9, 110.6)
(6.9, 341.5, 112.1)
(6.9, 341.5, 112.1)
(26.4, 337.0, 112.4)
(35.8, 333.9, 109.3)
(36.8, 328.9, 103.0)
(31.8, 325.4, 97.8)
(31.8, 325.4, 97.8)
    
(319.6, 25.8, 97.3)
(329.5, 7.7, 110.8)
(344.4, 353.7, 120.3)
(344.4, 353.7, 120.3)
(358.3, 343.8, 124.5)
(9.6, 334.0, 126.4)
(17.7, 324.2, 125.2)
(23.2, 311.2, 120.4)
(23.2, 311.2, 120.4)
(26.1, 303.6, 115.5)
    
(329.0, 45.0, 87.7)
(335.6, 26.5, 100.8)
(335.6, 26.5, 100.8)
(344.0, 8.2, 110.5)
(352.6, 350.5, 116.4)
(2.3, 336.3, 118.7)
(2.3, 336.3, 118.7)
(13.0, 327.3, 119.0)
(24.8, 323.4, 120.1)
(34.1, 323.4, 123.6)
    
(312.0, 18.4, 106.2)
(312.0, 18.4, 106.2)
(324.4, 359.8, 120.4)
(338.1, 348.0, 128.4)
(353.0, 339.9, 132.2)
(6.6, 332.3, 130.9)
(6.6, 332.3, 130.9)
(19.2, 321.6, 123.9)
(28.9, 317.8, 119.4)
(40.5, 315.8, 116.4)
    
(326.7, 44.7, 86.2)
(330.4, 45.3, 91.6)
(335.2, 33.4, 100.2)
(345.6, 20.0, 108.1)
(345.6, 20.0, 108.1)
(358.6, 8.4, 112.7)
(9.4, 358.3, 114.8)
(17.4, 346.5, 113.7)
(23.2, 333.1, 109.0)
(23.2, 333.1, 109.0)
    
(292.6, 1.9, 121.5)
(307.4, 344.1, 137.6)
(322.3, 333.3, 140.7)
(336.1, 323.9, 137.9)
(336.1, 323.9, 137.9)
(353.5, 316.1, 132.2)
(3.2, 314.0, 130.1)
(13.7, 313.0, 129.2)
(23.5, 315.1, 128.8)
(30.3, 316.7, 126.8)
    
(316.7, 56.2, 94.1)
(325.0, 34.1, 110.9)
(337.4, 20.6, 119.4)
(337.4, 20.6, 119.4)
(351.4, 9.2, 123.9)
(4.6, 358.9, 123.9)
(15.0, 349.6, 119.9)
(22.9, 337.2, 113.2)
(26.0, 330.3, 111.1)
(26.0, 330.3, 111.1)
    
(327.3, 41.4, 100.0)
(331.0, 25.3, 112.0)
(340.5, 10.1, 121.4)
(353.0, 356.4, 126.0)
(5.8, 343.5, 125.1)
(5.8, 343.5, 125.1)
(16.4, 331.2, 119.9)
(25.6, 321.6, 112.7)
(33.6, 315.9, 108.2)
(38.4, 318.6, 109.2)
    
(314.6, 20.8, 109.9)
(314.6, 20.8, 109.9)
(319.3, 354.7, 125.4)
(333.2, 326.4, 133.3)
(347.5, 316.4, 128.3)
(1.5, 312.4, 120.5)
(1.5, 312.4, 120.5)
(15.3, 312.5, 111.1)
(23.7, 317.5, 105.0)
(27.6, 327.4, 105.5)
    
(340.4, 41.6, 99.4)
(340.4, 41.6, 99.4)
(345.9, 27.5, 107.2)
(356.1, 14.8, 114.0)
(6.4, 3.1, 118.3)
(15.5, 350.6, 118.0)
(15.5, 350.6, 118.0)
(20.2, 336.9, 115.0)
(21.7, 328.0, 113.5)
(24.4, 322.3, 113.6)
    
(333.5, 15.3, 103.2)
(350.6, 1.6, 111.4)
(350.6, 1.6, 111.4)
(7.0, 350.3, 116.0)
(17.2, 336.5, 113.7)
(21.3, 311.3, 103.7)
(22.1, 302.8, 100.3)
(22.1, 302.8, 100.3)
(26.0, 304.9, 102.8)
(29.5, 313.4, 106.5)
    
(324.8, 17.8, 105.0)
(333.0, 0.9, 112.6)
(333.0, 0.9, 112.6)
(348.2, 349.0, 116.5)
(4.2, 339.6, 118.1)
(18.6, 327.4, 115.7)
(25.1, 315.6, 109.1)
(25.1, 315.6, 109.1)
(27.5, 304.4, 102.6)
(29.2, 301.6, 100.3)
    
(323.6, 37.7, 98.0)
(324.6, 20.5, 109.4)
(324.6, 20.5, 109.4)
(329.9, 1.3, 119.4)
(341.2, 343.6, 124.4)
(356.2, 332.6, 124.9)
(10.5, 325.0, 121.7)
(10.5, 325.0, 121.7)
(23.3, 316.5, 114.7)
(32.1, 308.1, 106.4)
    
(327.1, 44.9, 94.6)
(327.3, 31.0, 101.6)
(334.0, 16.4, 109.1)
(345.5, 5.9, 114.2)
(345.5, 5.9, 114.2)
(358.1, 357.8, 118.2)
(9.1, 348.2, 119.2)
(17.1, 336.1, 115.4)
(22.3, 317.0, 106.1)
(22.3, 317.0, 106.1)
    
(305.4, 39.8, 109.3)
(310.4, 14.3, 127.3)
(321.8, 356.2, 136.6)
(334.0, 345.9, 140.6)
(346.0, 339.7, 142.0)
(346.0, 339.7, 142.0)
(357.7, 336.6, 141.1)
(9.3, 334.7, 137.8)
(16.2, 332.0, 132.9)
(20.9, 327.7, 127.1)
    
(322.0, 58.4, 92.6)
(320.7, 36.2, 108.9)
(320.7, 36.2, 108.9)
(330.2, 15.3, 124.0)
(346.2, 357.8, 131.5)
(2.9, 342.4, 128.7)
(2.9, 342.4, 128.7)
(18.6, 325.5, 118.0)
(30.1, 315.4, 110.6)
(43.2, 311.9, 108.5)
    
(318.2, 14.7, 117.2)
(330.7, 356.6, 128.5)
(348.4, 344.6, 131.7)
(9.5, 333.4, 128.5)
(9.5, 333.4, 128.5)
(24.8, 323.7, 121.1)
(35.8, 312.2, 112.6)
(40.5, 309.2, 110.4)
(44.5, 310.7, 110.3)
(44.5, 310.7, 110.3)
    
(321.1, 23.7, 109.5)
(328.7, 1.9, 122.2)
(340.6, 347.0, 129.0)
(340.6, 347.0, 129.0)
(352.2, 339.5, 130.9)
(6.6, 335.3, 132.2)
(16.4, 331.6, 130.5)
(24.2, 324.2, 124.4)
(24.2, 324.2, 124.4)
(27.2, 316.8, 116.7)
    
(338.7, 32.4, 109.1)
(343.6, 14.9, 117.2)
(354.1, 0.4, 122.2)
(354.1, 0.4, 122.2)
(6.8, 347.3, 123.8)
(16.2, 335.8, 120.6)
(24.7, 324.0, 114.6)
(31.5, 316.6, 109.7)
(31.5, 316.6, 109.7)
(39.1, 312.6, 107.4)
    
(316.7, 26.3, 107.3)
(327.4, 7.3, 118.1)
(344.3, 354.1, 123.5)
(0.3, 346.3, 124.3)
(14.9, 337.0, 121.2)
(14.9, 337.0, 121.2)
(23.5, 322.8, 112.8)
(26.8, 312.1, 106.8)
(29.1, 308.5, 106.2)
(30.3, 311.3, 108.3)
    
(342.0, 20.8, 106.2)
(342.4, 17.6, 111.0)
(339.7, 10.2, 117.0)
(339.0, 359.9, 125.1)
(339.0, 359.9, 125.1)
(343.8, 348.9, 131.8)
(354.3, 337.2, 134.5)
(5.5, 328.1, 130.9)
(17.0, 318.0, 124.0)
(17.0, 318.0, 124.0)
    
(333.1, 40.4, 105.9)
(332.5, 23.4, 116.1)
(342.8, 6.5, 125.1)
(356.4, 355.1, 127.1)
(14.0, 342.9, 122.7)
(14.0, 342.9, 122.7)
(27.2, 327.0, 112.1)
(31.6, 312.5, 103.5)
(34.7, 307.9, 102.6)
(39.6, 312.1, 106.1)
    
(327.6, 29.6, 100.2)
(331.0, 17.6, 110.5)
(339.2, 3.4, 120.3)
(348.3, 350.6, 123.8)
(357.1, 334.6, 122.2)
(357.1, 334.6, 122.2)
(4.2, 325.0, 120.7)
(11.1, 320.2, 121.1)
(18.7, 320.2, 122.5)
(23.7, 321.9, 123.3)
    
(10.0, 7.7, 124.4)
(22.7, 357.4, 125.9)
(35.0, 347.5, 123.9)
(42.8, 335.1, 116.3)
(46.0, 329.5, 112.9)
(46.0, 329.5, 112.9)
(47.4, 329.3, 113.6)
(48.8, 332.8, 115.2)
(49.6, 336.6, 115.5)
(49.4, 339.8, 115.0)
    
(303.3, 357.2, 97.8)
(307.0, 335.2, 114.6)
(314.6, 319.3, 125.0)
(324.7, 310.8, 127.9)
(324.7, 310.8, 127.9)
(336.2, 306.4, 126.1)
(346.7, 302.4, 121.8)
(351.6, 298.6, 114.5)
(354.7, 295.3, 104.6)
(354.7, 295.3, 104.6)
    
(352.8, 48.5, 103.5)
(359.7, 28.1, 109.7)
(8.7, 5.2, 104.1)
(12.6, 342.2, 91.9)
(17.7, 327.2, 88.2)
(17.7, 327.2, 88.2)
(28.7, 323.6, 93.4)
(38.9, 328.1, 100.8)
(45.0, 333.4, 105.1)
(47.0, 336.2, 106.4)
    
(339.8, 47.0, 102.9)
(342.4, 31.9, 112.3)
(342.4, 31.9, 112.3)
(352.3, 16.8, 118.8)
(6.1, 359.9, 119.0)
(15.3, 343.0, 110.2)
(17.0, 323.0, 98.8)
(17.0, 323.0, 98.8)
(20.2, 311.3, 95.9)
(29.1, 311.7, 98.8)
    
(331.2, 32.6, 100.8)
(331.6, 19.9, 110.5)
(331.6, 19.9, 110.5)
(340.7, 2.6, 122.0)
(355.9, 349.7, 127.6)
(16.3, 332.3, 124.6)
(16.3, 332.3, 124.6)
(29.4, 320.5, 119.0)
(44.1, 316.1, 118.0)
(54.6, 322.9, 124.7)
    
(325.9, 25.9, 76.0)
(327.6, 9.1, 86.5)
(334.7, 352.3, 94.9)
(345.0, 339.6, 98.6)
(354.7, 331.1, 97.9)
(354.7, 331.1, 97.9)
(7.6, 325.4, 96.0)
(18.4, 319.9, 90.6)
(22.5, 313.4, 83.4)
(22.5, 313.4, 83.4)
    
(341.6, 54.0, 88.7)
(342.7, 36.9, 96.4)
(342.7, 36.9, 96.4)
(344.7, 20.2, 102.3)
(350.3, 4.1, 104.7)
(0.9, 348.3, 103.9)
(8.9, 334.0, 98.9)
(8.9, 334.0, 98.9)
(13.6, 319.2, 93.0)
(15.9, 311.8, 92.6)
    
(339.2, 43.1, 107.1)
(346.4, 23.4, 117.3)
(356.7, 8.6, 122.4)
(8.7, 351.9, 122.8)
(8.7, 351.9, 122.8)
(18.6, 333.1, 114.4)
(25.2, 314.2, 104.6)
(32.8, 307.0, 103.2)
(40.7, 309.0, 107.3)
(40.7, 309.0, 107.3)
    
(325.7, 53.4, 90.7)
(326.0, 28.7, 103.2)
(326.0, 28.7, 103.2)
(337.0, 11.8, 111.7)
(352.2, 359.6, 116.1)
(5.2, 348.5, 115.2)
(18.2, 332.1, 107.5)
(18.2, 332.1, 107.5)
(23.1, 317.5, 97.5)
(25.5, 304.0, 89.3)
    
(327.9, 43.9, 82.3)
(333.7, 19.7, 97.8)
(333.7, 19.7, 97.8)
(346.5, 0.1, 108.4)
(2.0, 342.8, 111.0)
(9.2, 326.8, 105.2)
(14.5, 312.3, 97.7)
(14.5, 312.3, 97.7)
(19.8, 301.5, 93.0)
(25.0, 297.5, 93.6)
    
(322.6, 51.9, 83.4)
(321.9, 20.5, 106.3)
(333.4, 357.0, 120.7)
(333.4, 357.0, 120.7)
(348.6, 337.1, 122.8)
(359.6, 318.3, 117.3)
(12.8, 307.0, 114.4)
(27.5, 306.4, 117.5)
(27.5, 306.4, 117.5)
(38.9, 314.4, 125.6)
    
(314.9, 33.2, 84.5)
(314.9, 33.2, 84.5)
(316.3, 22.4, 89.7)
(318.8, 9.4, 93.4)
(325.8, 359.4, 96.0)
(337.7, 350.4, 99.1)
(337.7, 350.4, 99.1)
(348.0, 345.2, 100.7)
(358.7, 340.3, 101.4)
(7.5, 334.9, 99.9)
    
(329.7, 44.2, 88.2)
(329.0, 30.3, 96.0)
(331.6, 13.8, 104.5)
(331.6, 13.8, 104.5)
(339.0, 359.9, 109.6)
(350.2, 347.0, 111.5)
(2.2, 332.9, 107.6)
(10.0, 320.2, 99.8)
(10.0, 320.2, 99.8)
(11.7, 312.1, 95.7)
    
(1.1, 56.8, 101.8)
(1.1, 56.8, 101.8)
(0.2, 41.9, 106.4)
(0.6, 25.8, 111.2)
(3.9, 9.7, 114.6)
(10.3, 355.9, 116.3)
(10.3, 355.9, 116.3)
(17.7, 344.9, 116.6)
(25.5, 335.7, 117.5)
(27.9, 331.2, 117.2)
    
(349.5, 58.5, 84.8)
(346.3, 53.2, 87.8)
(345.2, 43.0, 92.4)
(348.5, 30.6, 98.1)
(348.5, 30.6, 98.1)
(357.0, 18.0, 103.1)
(6.5, 8.0, 106.5)
(15.3, 357.5, 108.0)
(21.3, 346.7, 107.1)
(21.3, 346.7, 107.1)
    
(329.1, 37.7, 91.0)
(325.5, 21.1, 103.5)
(326.8, 359.0, 116.1)
(326.8, 359.0, 116.1)
(337.4, 340.0, 124.9)
(353.4, 324.6, 126.2)
(2.5, 308.1, 117.1)
(10.7, 293.3, 102.8)
(10.7, 293.3, 102.8)
(17.9, 284.7, 95.3)
    
(321.2, 33.4, 98.6)
(319.4, 16.1, 109.5)
(322.4, 359.0, 122.2)
(322.4, 359.0, 122.2)
(330.4, 345.2, 129.5)
(343.5, 334.9, 130.7)
(357.5, 326.7, 127.0)
(10.8, 313.9, 117.0)
(10.8, 313.9, 117.0)
(17.9, 300.8, 103.1)
    
(320.4, 35.7, 113.7)
(326.1, 24.0, 127.3)
(337.1, 13.4, 137.7)
(351.6, 4.0, 143.1)
(351.6, 4.0, 143.1)
(8.6, 350.9, 142.4)
(19.3, 344.5, 140.2)
(29.4, 341.6, 138.7)
(29.4, 341.6, 138.7)
(37.7, 344.4, 140.2)
    
(327.6, 12.2, 87.5)
(332.1, 2.6, 89.4)
(339.5, 355.2, 92.0)
(350.1, 350.9, 96.0)
(350.1, 350.9, 96.0)
(3.6, 349.8, 101.1)
(11.7, 346.4, 103.7)
(16.8, 337.9, 101.5)
(19.0, 327.0, 98.2)
(19.0, 327.0, 98.2)
    
(337.9, 40.3, 105.6)
(339.7, 30.4, 112.4)
(339.7, 30.4, 112.4)
(348.6, 16.5, 118.9)
(2.4, 4.5, 121.5)
(18.2, 353.6, 119.4)
(30.0, 340.6, 111.4)
(30.0, 340.6, 111.4)
(37.1, 327.1, 102.3)
(39.6, 320.3, 99.2)
    
(339.6, 31.8, 105.1)
(350.3, 21.2, 110.8)
(357.6, 11.9, 114.2)
(4.5, 2.5, 116.0)
(11.3, 353.9, 117.8)
(11.3, 353.9, 117.8)
(17.9, 346.5, 119.3)
(24.6, 337.3, 119.3)
(28.1, 326.6, 115.9)
(29.8, 314.9, 110.9)
    
(334.9, 23.1, 101.8)
(340.9, 17.0, 105.4)
(347.8, 10.9, 110.4)
(355.0, 5.9, 115.4)
(355.0, 5.9, 115.4)
(2.9, 1.6, 121.0)
(10.2, 356.3, 125.7)
(16.5, 347.1, 126.2)
(20.5, 335.4, 120.7)
(21.9, 318.2, 111.0)
    
(327.4, 32.1, 112.9)
(327.4, 32.1, 112.9)
(335.5, 13.4, 124.7)
(349.4, 354.4, 131.2)
(7.6, 337.5, 129.0)
(22.9, 317.3, 116.4)
(22.9, 317.3, 116.4)
(35.9, 302.7, 103.6)
(47.7, 289.3, 92.2)
(53.2, 286.5, 91.9)
    
(327.3, 10.2, 116.2)
(332.2, 356.8, 126.1)
(340.8, 343.0, 134.7)
(352.1, 336.2, 141.8)
(5.3, 331.8, 147.9)
(5.3, 331.8, 147.9)
(16.5, 330.1, 151.8)
(27.3, 330.5, 155.6)
(34.6, 334.4, 159.5)
(39.7, 340.0, 162.5)
    
(329.7, 33.1, 97.5)
(334.1, 24.2, 104.8)
(341.8, 14.4, 113.8)
(341.8, 14.4, 113.8)
(349.0, 2.1, 120.2)
(358.3, 348.1, 121.4)
(11.3, 332.0, 116.9)
(19.3, 323.8, 114.5)
(19.3, 323.8, 114.5)
(29.2, 317.3, 113.5)
    
(331.2, 15.6, 97.2)
(332.8, 11.6, 101.3)
(335.1, 1.3, 105.1)
(335.1, 1.3, 105.1)
(338.8, 350.3, 106.9)
(342.7, 339.7, 107.4)
(349.7, 332.3, 106.8)
(358.5, 328.5, 105.4)
(358.5, 328.5, 105.4)
(7.7, 324.7, 102.8)
    
(325.4, 356.4, 112.2)
(327.8, 343.5, 118.7)
(327.8, 343.5, 118.7)
(330.9, 327.7, 122.7)
(338.9, 319.3, 121.7)
(353.9, 316.0, 118.9)
(13.7, 313.0, 116.9)
(13.7, 313.0, 116.9)
(28.4, 307.1, 111.6)
(35.9, 296.0, 100.3)
    
(298.9, 21.8, 96.0)
(299.4, 352.5, 116.7)
(306.0, 326.7, 132.6)
(306.0, 326.7, 132.6)
(316.2, 312.1, 137.8)
(328.5, 310.5, 132.3)
(346.2, 311.5, 126.2)
(4.9, 311.9, 122.8)
(4.9, 311.9, 122.8)
(23.5, 306.9, 115.5)
    
(316.3, 31.3, 93.2)
(319.3, 13.9, 103.9)
(324.6, 359.6, 114.2)
(324.6, 359.6, 114.2)
(330.1, 350.4, 121.5)
(336.5, 344.4, 125.7)
(345.8, 339.5, 127.7)
(0.0, 333.6, 130.1)
(0.0, 333.6, 130.1)
(13.5, 325.5, 127.7)
    
(351.6, 58.9, 102.0)
(342.2, 30.6, 110.1)
(343.5, 355.0, 122.7)
(352.2, 333.9, 122.5)
(352.2, 333.9, 122.5)
(359.0, 317.6, 114.5)
(7.4, 302.9, 102.7)
(17.1, 299.8, 96.1)
(23.6, 306.8, 92.8)
(23.6, 306.8, 92.8)
    
(346.4, 38.5, 114.6)
(348.0, 24.0, 129.8)
(348.0, 24.0, 129.8)
(359.7, 1.3, 136.1)
(14.3, 339.6, 130.5)
(27.9, 313.0, 117.1)
(40.0, 297.4, 108.4)
(40.0, 297.4, 108.4)
(57.1, 279.8, 99.0)
(70.2, 275.8, 98.4)
    
(313.3, 35.0, 97.3)
(314.2, 18.2, 110.2)
(320.4, 358.2, 124.2)
(331.3, 344.2, 131.3)
(331.3, 344.2, 131.3)
(347.2, 334.2, 131.9)
(1.9, 329.0, 129.2)
(15.1, 324.9, 126.1)
(15.1, 324.9, 126.1)
(29.7, 322.1, 124.3)
    
(332.1, 54.4, 87.4)
(332.4, 36.9, 98.3)
(335.3, 19.2, 111.3)
(335.3, 19.2, 111.3)
(341.9, 2.9, 123.2)
(351.9, 348.3, 131.2)
(3.6, 335.9, 133.9)
(15.5, 325.1, 132.1)
(15.5, 325.1, 132.1)
(26.2, 316.3, 128.2)
    
(327.3, 41.2, 94.2)
(330.6, 23.5, 111.5)
(330.6, 23.5, 111.5)
(337.9, 5.4, 125.1)
(348.5, 347.2, 133.1)
(1.2, 334.0, 134.7)
(16.1, 327.0, 135.0)
(16.1, 327.0, 135.0)
(33.5, 326.5, 137.8)
(43.8, 331.4, 142.1)
    
(355.8, 30.8, 105.8)
(0.8, 20.4, 111.8)
(6.7, 12.6, 116.5)
(12.3, 5.4, 120.1)
(17.4, 359.7, 122.6)
(17.4, 359.7, 122.6)
(23.2, 357.0, 124.8)
(30.2, 357.9, 128.6)
(36.8, 1.4, 133.9)
(41.3, 4.8, 137.8)
    
(350.0, 45.7, 115.1)
(356.5, 35.0, 124.0)
(5.0, 21.6, 130.4)
(5.0, 21.6, 130.4)
(17.0, 8.1, 131.7)
(28.7, 354.5, 128.6)
(37.9, 343.7, 126.6)
(43.7, 340.2, 130.0)
(43.7, 340.2, 130.0)
(45.5, 342.5, 135.7)
    
(322.5, 46.7, 85.8)
(323.3, 22.2, 104.5)
(332.7, 0.4, 120.0)
(346.6, 347.2, 128.1)
(346.6, 347.2, 128.1)
(3.6, 338.1, 134.0)
(17.1, 336.4, 139.4)
(28.7, 340.1, 146.9)
(34.9, 344.1, 153.7)
(38.0, 342.3, 156.4)
    
(338.5, 17.4, 108.7)
(349.1, 7.2, 119.0)
(2.2, 357.3, 128.3)
(12.8, 344.3, 128.3)
(20.8, 325.7, 120.2)
(20.8, 325.7, 120.2)
(25.3, 307.7, 111.2)
(33.3, 303.9, 110.9)
(42.9, 307.6, 114.9)
(50.0, 318.7, 122.7)
    
(337.7, 18.2, 111.8)
(348.4, 5.9, 121.5)
(1.6, 356.0, 128.0)
(1.6, 356.0, 128.0)
(14.1, 345.7, 129.5)
(22.4, 333.1, 126.3)
(27.2, 323.8, 123.9)
(34.4, 322.3, 125.0)
(34.4, 322.3, 125.0)
(42.4, 329.3, 130.5)
    
(344.2, 15.5, 120.6)
(354.4, 11.8, 126.8)
(354.4, 11.8, 126.8)
(5.2, 7.7, 132.5)
(15.6, 2.3, 136.0)
(24.0, 353.7, 134.9)
(30.2, 342.7, 129.7)
(30.2, 342.7, 129.7)
(35.8, 334.1, 125.7)
(42.5, 332.1, 126.6)
    
(350.3, 25.2, 121.9)
(1.9, 18.3, 126.7)
(1.9, 18.3, 126.7)
(15.8, 11.1, 129.7)
(29.5, 6.2, 131.1)
(42.5, 2.8, 132.0)
(52.3, 0.8, 133.0)
(52.3, 0.8, 133.0)
(60.7, 357.0, 131.6)
(64.8, 351.1, 126.4)
    
(349.6, 32.4, 114.9)
(357.6, 28.0, 121.3)
(357.6, 28.0, 121.3)
(6.3, 21.6, 126.5)
(17.0, 14.3, 129.0)
(29.0, 6.4, 128.6)
(38.8, 356.3, 123.5)
(38.8, 356.3, 123.5)
(46.4, 339.7, 112.1)
(48.5, 331.2, 106.2)
    
(310.7, 352.8, 129.5)
(319.1, 347.1, 137.4)
(331.4, 351.4, 142.6)
(331.4, 351.4, 142.6)
(348.1, 352.3, 145.0)
(5.8, 348.2, 143.7)
(20.7, 342.5, 138.0)
(35.2, 342.5, 132.1)
(35.2, 342.5, 132.1)
(51.2, 353.4, 132.0)
    
/n
