    
    
    
    
    
    
    
0.4534914
0.3896644
0
0.3203778
0.2512364
0.261479
0
0.1972512
0.183372
    
0.3675546
0.2967589
0
0.2752575
0.1892827
0.1707787
0.105653
0
0.09995227
    
0.4719162
0.4466466
0
0.4630602
0.3026115
0.3055688
0
0.2845021
0.169824
    
0.4073096
0.3605336
0.3342798
0.3255205
0
0.2618574
0.2496042
0.23996
0.1757807
    
0.4239051
0.384044
0.345492
0
0.3002508
0.3038669
0.2433733
0.2360873
0
    
0.442803
0.4483298
0
0.4799275
0.3988052
0.3835492
0.3620295
0
0.3151623
    
0.5432432
0.4243883
0.4622691
0
0.4202989
0.3880823
0.3276472
0.3010507
0
    
0.475232
0
0.4228261
0.3992468
0.4099522
0.3176617
0
0.3223851
0.22927
    
0.6210585
0.5044187
0.4686441
0.4295859
0
0.2904614
0.1911354
0.152943
0.1091052
    
0.4530947
0.4013849
0
0.3400595
0.2755786
0.2746917
0.2241745
0
0.2456795
    
0.4123664
0.4326219
0
0.4115982
0.3457119
0.2791841
0.3731346
0
0.1807295
    
0.07634509
0.07340027
0.0767403
0.07422689
0
0.04539523
0.03203616
0.02108955
0.01798754
    
0.1047457
0.09103402
0
0.08796127
0.06796124
0.06374556
0.05335022
0
0.03920042
    
0.2737824
0.2489511
0.2137212
0.177021
0
0.1763092
0.107254
0.1057496
0.0826413
    
0.277786
0
0.2575013
0.2261845
0.2069685
0.1832597
0
0.1860546
0.1599558
    
0.2626614
0.2130077
0
0.1706482
0.1409593
0.1354087
0.08213176
0
0.08372021
    
0.2014323
0.1751279
0.1095197
0
0.09491714
0.08549114
0.06224893
0.04637549
0
    
0.2012964
0.1616293
0.146477
0.1283696
0
0.09818425
0.08562167
0.04981155
0.03769324
    
0.326966
0.2893749
0.2344596
0
0.2207513
0.1947171
0.08559208
0.06806174
0
    
0.137054
0
0.119796
0.08573351
0.07973006
0.0656929
0.06772992
0
0.06052741
    
0.2070299
0.167762
0.1592113
0
0.07018904
0.05634696
0.03905312
0.02154379
0
    
0
0.1797543
0.1825579
0.1678925
0.1451196
0
0.1001219
0.07840417
0.03785919
    
0.1909762
0
0.1774567
0.1664469
0.1472319
0.1131244
0
0.1068141
0.09941673
    
0.2389069
0.278395
0.2687775
0
0.2265326
0.124326
0.08548356
0.04282236
0
    
0.1551755
0.1500469
0.1378114
0
0.1258352
0.1259446
0.1289221
0.1360728
0
    
0.2405098
0.2412862
0
0.2301017
0.2159621
0.1803351
0.1677105
0
0.08796834
    
0.2488615
0.2732474
0.2207303
0.1899558
0
0.1513253
0.1433983
0.1106681
0.07680362
    
0.2120792
0.173129
0.1697728
0
0.1351928
0.1280661
0.1263832
0.1099961
0
    
0.2694528
0.20932
0
0.1773855
0.1528277
0.09627914
0.0995723
0
0.09206232
    
0.2401318
0.2205066
0
0.2295467
0.2090275
0.1536508
0.0944159
0
0.05183677
    
0.2539169
0.2288339
0
0.229769
0.1719736
0.1736392
0
0.1494852
0.1299475
    
0.3007974
0.2770768
0
0.2009025
0.1892658
0.1878384
0.1333788
0
0.1032645
    
0.1629201
0.1687853
0.1727194
0
0.1384239
0.1322036
0.1103969
0.08803239
0.05966271
    
0.30866
0.2959849
0.2527497
0.1996091
0
0.1685077
0.07080772
0.05146276
0.007849108
    
0.2713191
0
0.2374249
0.1944607
0.1663485
0.129511
0
0.09005696
0.0575221
    
0.2012461
0.1826719
0.1967009
0
0.1534826
0.1448198
0.09223139
0.08850595
0
    
0.2344206
0.1953017
0.1676874
0
0.1449169
0.1295123
0.1064329
0.06953494
0
    
0.2882776
0.2757645
0.2171743
0
0.1908109
0.151803
0.1109072
0.09659526
0
    
0.2826126
0.2794473
0.2363853
0
0.2101055
0.1546158
0.1400844
0.08389638
0
    
0.04853139
0.03945698
0.02848693
0.02685057
0
0.02904202
0.02148334
0.01757869
0.01388928
    
0.1393043
0.2070303
0.2312334
0.2482045
0
0.2682249
0.1703323
0.1431486
0
    
0.129655
0
0.111188
0.1052624
0.1034281
0.07337404
0
0.0547315
0.03766376
    
/n
0.275575
0.2688146
0.2695017
0.2305288
0
0.2060796
0.4828084
0
0.2071534
    
0.2850118
0.2956532
0.2813826
0.2335777
0.2351436
0
0.1745421
0.1726353
0.1095783
    
0
0.2894695
0.2969443
0.2671996
0.2894591
0
0.1974176
0.1536922
0.09817038
    
0.2899307
0.2813208
0.2970103
0
0.2355151
0.1921099
0.1540478
0
0.1101499
    
0.2723609
0
0.3001598
0.2916401
0.263249
0.22545
0
0.1623109
0.1451409
    
0.2756886
0.2739189
0
0.2520002
0.225808
0.2255854
0.1429433
0
0.1521768
    
0.3786768
0.3035912
0.2933469
0
0.226288
0.2021804
0.1346109
0.1292025
0
    
0.3033115
0.271705
0
0.2413232
0.2065271
0.1769828
0.1566726
0
0.1258997
    
0.1220171
0.1392773
0.1637407
0.1701471
0
0.18615
0.1921776
0.1918018
0.1771986
    
0.2712013
0.2945933
0.2967034
0
0.2853796
0.2156777
0.1896779
0.1473158
0
    
0.2839298
0
0.3303163
0.2359789
0.2087084
0.1651479
0
0.1256531
0.08590611
    
0.2625745
0
0.2639621
0.2729188
0.2454521
0.2603443
0
0.2038649
0.1904384
    
0.3032259
0
0.3162777
0.3101241
0.2576337
0.1641604
0
0.1770156
0.1445548
    
0.2809599
0.2668666
0.2669043
0
0.2551713
0.2193599
0.2187754
0
0.1574357
    
0.1784081
0
0.2033562
0.1961774
0.1951752
0
0.1834802
0.1741301
0.1725391
    
0.1739823
0.1868405
0.1965971
0.211353
0
0.167338
0.1479358
0.1070213
0.07196716
    
0.2782444
0
0.25214
0.2225689
0.1999631
0.1799027
0
0.1445197
0.09215043
    
0.1932859
0.2213518
0.2253264
0.2733528
0
0.2055547
0.2362381
0.15518
0
    
0.2443885
0.2622433
0
0.2163383
0.1778755
0.1383617
0.1350454
0
0.09950783
    
0
0.2622899
0.2474229
0.194822
0.1817801
0
0.1062339
0.06773535
0.06440604
    
0.1664999
0.1879926
0.1984987
0
0.1968394
0.1961394
0.2035006
0.2029273
0
    
0.2264815
0.2949422
0.270919
0.2671361
0
0.2254614
0.1738758
0.1343328
0.1097653
    
0
0.228015
0.2012842
0.222415
0.2192449
0
0.2020944
0.1777069
0.1500356
    
0.242104
0.2446214
0
0.2350922
0.2174541
0.1987926
0.1854164
0
0.174683
    
0.2737408
0.2732135
0
0.2354764
0.2070948
0.1613896
0.1388265
0.1010526
0
    
0.1593254
0.175679
0.1814094
0.1907335
0
0.1840123
0.1708243
0.1519802
0.1336584
    
0.2105685
0
0.2170776
0.2127854
0.220387
0.2022574
0
0.2072102
0.1939408
    
0.175678
0
0.2116438
0.2207454
0.2205923
0.2059769
0
0.2230355
0.1864254
    
0.2971314
0.2973693
0.2855271
0.2447894
0
0.1948731
0.1653433
0.08788227
0.05325413
    
0.2476769
0.2395601
0.2172981
0
0.2274617
0.1943745
0.2006773
0.1609431
0
    
0.1843527
0.2107998
0.2042741
0.1911273
0
0.2096108
0.1919943
0.2076638
0.1953623
    
0.2254364
0.2731903
0.254826
0.2798535
0
0.2425888
0.1930597
0.1650949
0.1199985
    
0.2641663
0.2778008
0.243485
0
0.2132567
0.1368463
0.1091406
0.06954257
0
    
0.252084
0.2873848
0
0.2615558
0.2454049
0.2066064
0.2080247
0
0.1388339
    
0.2586284
0
0.2609315
0.2548254
0.2309952
0
0.194788
0.1568981
0.118759
    
0
0.2513711
0.2469767
0.2377425
0.2231019
0
0.2366338
0.1407575
0.1389896
    
0.1758462
0.2410866
0.2656086
0
0.2757027
0.2415808
0.2379983
0.2260025
0
    
0.2651758
0.2627116
0.2710425
0
0.292629
0.1754462
0.1781225
0.1531772
0.1236956
    
0.2737235
0.2461531
0
0.2571412
0.2473059
0.2112805
0.2168329
0.1471589
0
    
0.2420598
0.2599483
0.2669226
0.2620548
0
0.2405364
0.2020451
0.1626592
0.08082249
    
0
0.2501605
0.3336002
0.2541471
0.2154791
0
0.1856851
0.1233261
0.07837249
    
0
0.247143
0.2581733
0.2560891
0.2436048
0
0.2181434
0.1621264
0.1470509
    
0.2780563
0
0.2709956
0.2382031
0.2812214
0.1402795
0
0.09273808
0.03654644
    
0.2556415
0
0.2637352
0.2549155
0.2595265
0.1942984
0
0.1680645
0.1099876
    
0.2221512
0
0.2549469
0.2849328
0.2632147
0.2271548
0
0.215267
0.1839639
    
0.2215041
0.2500463
0.2523291
0
0.249026
0.2456207
0.2217479
0.2431699
0
    
0.2281415
0.2344656
0.2213499
0.2091259
0
0.1973004
0.1941289
0.1606756
0.15385
    
0.2881518
0
0.2905081
0.3174589
0.3152676
0
0.3141776
0.2204307
0.1848358
    
0.2921558
0.2834267
0.3085819
0
0.24748
0.2350378
0.1435387
0.1094834
0
    
0.2577749
0.2527871
0
0.2189559
0.2224242
0.1807664
0.1890994
0
0.1537943
    
0.266979
0.2722692
0
0.2777333
0.2271303
0.215368
0.157379
0
0.1346021
    
0.2596397
0.285861
0.2457037
0.2440818
0
0.2344131
0.1720712
0.1171212
0.06768877
    
0.1244866
0.1594558
0.1896241
0
0.2041273
0.2406085
0.2179751
0.2203951
0
    
0.2710408
0.3126513
0.2711432
0.2995775
0
0.2799648
0.2254744
0.1517252
0.09192856
    
0.2074818
0.2420717
0.2271859
0.2465206
0
0.1944803
0.1680364
0.1406114
0.1019055
    
0.2362246
0.2165476
0.1949321
0.1315077
0
0.107622
0.08332089
0.05233719
0.04684918
    
0.2214163
0.2321372
0.2323156
0
0.231035
0.2295112
0.2095046
0.2154859
0
    
0.2878849
0.3025397
0.2896389
0.2288904
0
0.160978
0.111893
0.08126302
0.06843691
    
0.2419809
0
0.2514319
0.2859452
0.2438041
0.2398018
0
0.1735069
0.09771741
    
0.2370251
0
0.2911857
0.271842
0.3271221
0
0.2261786
0.1806117
0.107393
    
0.2334913
0.2559582
0.2519221
0.2354657
0
0.2158461
0.1992396
0.166731
0
    
0.2446922
0
0.2523735
0.2554205
0.2675832
0.2215295
0
0.207415
0.1373168
    
0.2855239
0.2413903
0.2658182
0
0.2552136
0.2356143
0.147402
0.08977489
0
    
0.2925484
0
0.273747
0.2667609
0.2399599
0.2685577
0
0.1997699
0.1877447
    
0.2747952
0
0.2796234
0.2812042
0.2537835
0.2171402
0
0.1683581
0.1153979
    
0.3192388
0.2852663
0
0.2995818
0.2828414
0.2293422
0.1577251
0
0.1113903
    
0
0.1589799
0.1958038
0.186635
0.2054253
0
0.1603733
0.1667901
0.1589529
    
0.2054226
0.2323728
0
0.2260046
0.2379525
0.248781
0.2072624
0
0.1432787
    
0
0.2174879
0.2295754
0.2331801
0.2242075
0
0.2036856
0.1884144
0.1085011
    
0.1748534
0.2134679
0.2357595
0
0.2552102
0.2284927
0.2301988
0.2135679
0
    
0.2154982
0.2473376
0
0.2623029
0.2685082
0.2618366
0.2403691
0
0.1718189
    
0.2185743
0.2359165
0
0.2510424
0.2645979
0.2514003
0.2805653
0
0.2448732
    
0.2218491
0.2285224
0.2479866
0
0.284077
0.1945924
0.1777872
0
0.1342459
    
0.1609474
0.1527182
0.1446024
0
0.1377155
0.1450385
0.1730258
0.1703329
0
    
0.2123965
0
0.2531622
0.2668308
0.2665544
0.250317
0
0.2140926
0.1388431
    
0.213192
0.1986527
0.2052554
0.201733
0
0.1852957
0.1978753
0.1733115
0.1653542
    
0.1751334
0.1862859
0.1831821
0
0.1909335
0.1955161
0.2080343
0.1847909
0.2091153
    
0
0.2678968
0.309291
0.3210268
0.3315338
0
0.241625
0.1983293
0.1394809
    
0.2293506
0.2588535
0.2317628
0.2363801
0
0.2042837
0.1998806
0.1547072
0.1235004
    
0.1855894
0.2080007
0
0.2257332
0.2381012
0.2646704
0.1729825
0
0.1660055
    
0.141734
0.1842193
0
0.191785
0.2021465
0.2043192
0.1753355
0
0.1761666
    
0.1889871
0
0.2273152
0.2171376
0.2236637
0.2340389
0
0.2062725
0.213127
    
0.2205054
0.2370879
0
0.2523586
0.2321462
0.2486441
0.2293922
0
0.2560047
    
0.2024098
0.2025997
0
0.1906884
0.1902405
0.2173177
0.2386833
0
0.2362972
    
0.2785658
0.3592177
0.2915331
0
0.2722871
0.2820874
0.1685134
0.09643193
0
    
0.2755315
0
0.3136998
0.3058455
0.3336209
0.2308203
0
0.2077387
0.129993
    
0.214015
0.2489387
0.2465427
0
0.2788181
0.2260945
0.2037097
0
0.1975483
    
0.227953
0.2454222
0
0.2544933
0.2605956
0.2533988
0.2362926
0
0.2057847
    
0.230728
0
0.2317562
0.2486378
0.233155
0.2044596
0
0.1894953
0.1041495
    
0.2125747
0.19393
0.1918628
0.1763445
0
0.1571979
0.1398629
0.122124
0.1029742
    
0.2429316
0.2644993
0
0.2637533
0.2484845
0.2154206
0.1655612
0
0.1138914
    
0.2696399
0.2662275
0.2352401
0
0.2362445
0.1808457
0.1589561
0.1299547
0.1162217
    
0.2394272
0.2585914
0.2313841
0.2395913
0
0.2212785
0.129164
0.08771732
0.06460946
    
0.250878
0.2492537
0
0.2370257
0.2135733
0.1706793
0.1259863
0
0.08130928
    
0.1942399
0
0.2070868
0.2061332
0.1980287
0.1857051
0
0.1640486
0.1300717
    
0.2094852
0
0.2314146
0.2111942
0.1935157
0.1602496
0
0.1573604
0.112897
    
0.2029679
0
0.2197025
0.2275364
0.2240616
0.1970555
0
0.2077934
0.1301858
    
0.1914933
0.2085621
0
0.2211478
0.2504162
0.23378
0.1860965
0
0.1260999
    
/n
