    
    
    
    
    
    
    
    
    
0.2736801
0.2213731
0.186566
0.1798301
0
0.1734775
0.1564841
0.134962
0.1282682
    
0.1592263
0.1442391
0.150364
0.1567544
0
0.1473772
0.1334807
0.1265988
0.118913
    
1.675481
0.02678505
0.02770194
0.02638852
0
0.01996092
0.01545632
0.01422627
0.01335019
    
0.2283993
0.1355342
0
0.1079162
0.08271304
0.06604535
0.05920595
0
0.04945536
    
0
0.158986
0.1540383
0.1139053
0.07443514
0
0.05007241
0.04483737
0.03338726
    
0.2505007
0.229704
0.2016171
0
0.1705595
0.1388334
0.1213653
0.09722966
0
    
0.1677691
0
0.1650796
0.1324121
0.123458
0.1124203
0
0.0850779
0.09502486
    
0.1729403
0.1634401
0
0.1611218
0.15329
0.1567111
0.1457619
0
0.1204724
    
0.1098701
0.1014258
0.09546486
0.09511069
0
0.0907983
0.09404408
0.0920157
0
    
0.4082004
0.2764247
0.2228365
0
0.1929677
0.1280249
0.09799042
0.08471786
0
    
0.1756353
0.137787
0.08457889
0.07992777
0
0.06419512
0.04490839
0.03341622
0
    
0.1818932
0.1811162
0.1475874
0
0.1157839
0.1085827
0.1043393
0
0.09768063
    
0.1641826
0.1580911
0.1309988
0
0.1001612
0.07472815
0.0675228
0.06027043
0
    
0.1871255
0.1872192
0.1316138
0
0.1084541
0.08900077
0.08450743
0.07280491
0
    
0
0.1420503
0.1246015
0.1491965
0.1406778
0.07902279
0
0.03446198
0.01452227
    
0.2467363
0
0.2177454
0.1676401
0.115096
0.1030501
0
0.1046567
0.09769037
    
0.1581187
0
0.160113
0.1453162
0.1361243
0.1206575
0
0.1679903
0.1142248
    
2.360718
0
0.005196763
0.004434112
0.008354815
0.01126709
0
0.009484143
0.01232183
    
0.1810572
0
0.1565057
0.1540871
0.15526
0.1478251
0
0.1247041
0.1135847
    
0
0.2024998
0.1963446
2.121812
0.0305586
0
0.01830387
0.01331471
0.01644409
    
0
0.2071732
0.2134199
0.2016017
0.1836585
0
0.1298347
0.119653
0.08310306
    
0.1725061
0.158545
0
0.1580893
0.160614
0.1487256
0.1557123
0
0.1540907
    
0.2828633
0.2594571
0.1418333
0.09756322
0
0.07316566
0.0488799
0.04510599
0.0412504
    
0.2633769
0.2156237
0.1510315
0
0.1118615
0.1045638
0.1012968
0
0.06813061
    
0.2005703
0.167797
0.1336481
0
0.1269028
0.1155677
0.1112836
0.07788355
0
    
0
0.2023059
0.1640534
0.1573527
0.1407349
0
0.1224094
0.102701
0.08151946
    
0.256945
0.2523239
0
0.2424255
0.2018068
0.1942805
0
0.1812509
0.2532521
    
0.1561701
0
0.1452097
0.1465845
0.1336025
0.118627
0
0.1120804
0.1061815
    
0.2178408
0.1892716
0.1939371
0.1747888
0
0.1501985
0.1389342
0.1237841
0.1237895
    
0.2738482
0.2517959
0
0.1657649
0.138416
0.1253253
0.1248278
0
0.08635194
    
0.1469706
0
0.1388343
0.1349968
0.1232168
0.114737
0
0.1067515
0.09467171
    
0.1497296
0
0.1534305
0.1596446
0.1522416
0.1271392
0
0.1139926
0.1105343
    
2.324734
0.02317295
0
0.02786092
0.0292201
0.02796178
0.03361879
0
0.0209967
    
0.2104522
0
0.1902699
0.1768344
0.1720752
0.1541325
0
0.1612793
0.1389327
    
0.2844817
0.178593
0.1752835
0
3.387997
0.01781007
0.01315269
0.01510355
0
    
0.2307453
0.2134849
0.1950213
0.1967876
0
0.1973127
0.2576735
0.2704182
0.2324761
    
0
0.2917169
0.3084054
0.2910396
0.2341308
0
0.2440936
0.2249453
0.2089009
    
0.2628186
0
0.2581669
0.2389575
0.2125501
0.1816239
0
0.1496181
0.1209687
    
0.2308546
0.2120635
0.1733928
0.1980387
0
0.192255
0.163054
0.1548856
0.1527172
    
0.2494203
0
0.2146425
0.1892299
0.1749581
0.1456257
0
0.1353876
1.078108
    
0.241051
2.639384
0.0191802
0.01187748
0
0.01443225
0.01898375
0.02281427
0.02110742
    
0.3539289
0.3656487
0.3190085
0
0.2985768
0.2952792
0.2316261
0.2213495
0
    
0
0.2955655
0.2629
0.2795554
0.1772467
0
0.1823591
0.1598261
0.1445687
    
0.2585531
0
0.2233273
2.165786
0.02505571
0.02163908
0
0.0193893
0.01578084
    
0.09547611
0.1026831
0
1.659139
0.01873494
0.01852197
0.02054098
0
0.01824339
    
0.1558098
0.1490752
0
0.1567356
0.1455427
0.138621
0.1335751
0
0.1293802
    
0.4069958
0.3213572
0.2487836
0.1608284
0
0.124671
0.1148532
0.1085456
0.07255521
    
0.2015173
0.1760624
0
0.1514941
0.1470199
0.1524864
0.1234101
0
0.1186608
    
0.2128426
0.1965966
0
0.1860078
0.1593462
0.1538661
0.1434502
0
0.1353526
    
0.208278
0.2018278
0.1607318
0
0.1059471
0.09920003
0.06131697
0.04535921
0
    
0.03112224
0.0323907
0.03446428
0.03149483
0
0.02264316
0.009309312
0.005675464
0.006222038
    
0.1756639
0
0.1750476
0.1666231
0.1918797
0.1554199
0
0.14662
0.093154
    
0.1763704
0
0.1560892
0.1331067
0.1150966
0.1087307
0
0.09416883
0.07989654
    
0.2014235
0.1698078
0.1421432
0.1224791
0
0.1048741
0.08359884
0.06104125
0.05065162
    
2.261285
0.0189875
0.0139847
0
0.01143051
0.01068444
0.0109759
0.01091753
0
    
0.2043879
0
0.186057
0.176206
0.1963751
0.1506809
0
0.1366461
0.135134
    
0.1578596
0.1539448
0.1546759
0.1329457
0
0.1323412
0.114551
0.1000861
0.08708822
    
0.1790172
0.1269579
0.09487063
0
0.09276846
0.09106086
0.08889626
0.08588313
0
    
0.1244014
0.09764747
0.07257379
0.07380389
0
0.09211348
0.09285035
0.08668423
0.05308401
    
0.1828804
0.1710296
0.1710609
0
0.1443606
0.1408473
0.1246639
0.1100568
0
    
0.128874
0
0.6945814
0.03929705
0.02270442
0.4013574
0
0.009150511
0.01217712
    
0.1597948
0.1299853
0.1362533
0
0.1333483
0.1314757
0.1270883
0.1196371
0
    
0.1429807
0.1084046
0
0.1357339
0.1311515
0.1272749
0.123617
0
0.1132277
    
0.1681688
1.946995
0.01218755
0
0.01365369
0.01503778
0.01698941
0.0179164
0
    
1.861907
0
0.0204481
0.01909417
0.01590693
0.0108181
0
0.01012813
0.0118835
    
0.1441168
0.127476
0.1203084
0.1177017
0
0.1164927
0.1092799
0.1098998
0.09885626
    
0.1051916
0.09394387
0.09138454
0.09032928
0
0.09169161
0.0780476
0.07195276
0.06302951
    
0
0.1551727
0.8168186
0.05019758
0.04686892
0
0.8650994
0.01207098
0.01556279
    
0.1692683
0
0.154205
0.1368181
0.1423415
0.1230353
0
0.1240034
0.1180347
    
0.1215374
0.1077858
0.6306946
0
0.01582415
0.01340555
0.009770153
0.009697198
0
    
1.518207
0.01074595
0.02193057
0
0.0307075
0.02437331
0.01419046
0.00712478
0
    
0.1342938
0
0.1344568
0.1253494
0.1260959
0.1192333
0
0.1200968
0.120679
    
0.1626323
0
0.1525094
0.1449955
0.1496422
0.1400483
0
0.1376632
0.1198215
    
0
0.1720993
0.1575452
0.1331256
0.1231415
0
0.1216861
0.1100463
0.1174787
    
0.2233498
0.1900949
0
0.1818839
0.1664557
1.459586
0.01587051
0
0.01561586
    
2.268166
0.01548055
0.01349138
0.01557162
0
0.0158921
0.0150402
0.01791631
0
    
0.2103888
0.1701031
0.1639505
0.1321934
0
0.1376231
0.1321775
0.1403781
0.1294865
    
0.7938808
0.01333262
0.01841761
0
0.01993339
0.01719444
0.0124114
0.008924531
0
    
0.1527195
0.1488269
0
0.1626371
0.1500627
0.1372464
0.1164708
0
0.1181439
    
0.1730479
0.1821603
0
0.1626114
0.1472989
0.136303
0.1123995
0
0.1012041
    
0.2644389
0
0.294449
0.2337963
0.2110518
0.1587595
0
0.1540443
0.1381918
    
0.2191647
0.186999
0
0.1698904
0.1635921
0.7899588
0.06318943
0
0.06731917
    
0.1710122
0.1709314
0.1651385
0.1488683
0
0.1287482
0.09820754
0.09809817
0
    
0.2100878
0.2207715
0.1971843
0
0.1925048
0.1680728
0.1526866
0.1285578
0
    
2.157857
0.01840307
0.01768725
0
0.01737748
0.01211239
0.007418518
0.005382256
0
    
0.1815425
0
0.1585017
0.144706
0.1226337
0.1172189
0
0.1119323
0.09353712
    
0.2881067
0.2482006
0.2255268
0.8782633
0
0.08202951
0.06296846
0.2534343
0.06436341
    
0.2055885
0.1585071
0
0.1614093
0.1576132
0.1721944
0.145009
0
0.1321641
    
0.1523968
0.1447217
0.8597935
0.07204303
0
0.06932729
0.6891433
0.009341359
0.008270678
    
0.1688551
0
0.1714472
0.1590631
0.1358214
0.1337211
0
0.1419323
0.1243702
    
0.2681586
0.1896208
0.1802296
0.1739909
0
0.1636051
0.166008
0.1482807
0
    
0
0.1837967
0.1621278
0.1744962
0.1439983
0
0.1450771
0.1261005
0.09967054
    
0.1467376
0.1346461
0.151388
0.1598199
0
0.7182751
0.3525842
0.1224171
0.1234154
    
0.1534522
0.1498086
0
0.1500235
0.1491526
0.1691618
0.1354999
0
0.1138084
    
/n
0
0.1848223
0.1571127
0.131475
0.1249696
0.1144335
0
0.09675256
0.091557
    
0.1853579
0.1705007
0.1752442
0.1654475
0
0.1578723
0.1290772
0.1226082
0.09755556
    
0.1592874
0.1324728
0.1173844
0.107327
0
0.1146781
0.1021226
0.1010236
0.08482406
    
2.277369
0
0.01297676
0.01033953
0.01092375
0.01007031
0
0.0110633
0.01516664
    
0.2314526
0
0.1983902
1.294778
0.01481202
0.01156479
0.007505181
0
0.005304435
    
0.2020087
0.1903713
0.1680931
0
0.134899
0.1336937
0.1314017
0.1240858
0
    
0.1785354
0.1643239
0.1399329
0.118216
0
0.1038747
0.09500448
0.08566275
0.07286698
    
0.1660298
0.1638762
0.1710294
0
0.1427378
0.1422802
0.1319114
0.121479
0.1131127
    
0.8646122
0.04585905
0
0.03569362
0.2587395
0.04017647
0.03388646
0
0.2049153
    
0.1747834
0.1677935
0
0.1536812
0.1431181
0.1459634
0.1341572
0
0.1365794
    
0.1306487
0.1466696
0.1599306
0
0.1650106
0.1537504
0.1505138
0.1345232
0.1175604
    
0.1898921
0.1813453
0.1682264
0.155068
0
0.1449349
0.1557335
0.1451837
0.1535458
    
0.3119192
0.2590136
0
0.2459279
2.089877
0.01492709
0.01446015
0
0.01336278
    
0.08139371
0.2090257
0.125516
0.1959798
0
0.1905806
0.1620275
0.1572965
0.1552554
    
0.1440786
0
0.1550702
0.1524387
0.1260342
0.1158422
0
0.1091935
0.1100437
    
0.1728728
0.1632627
0
0.1484006
0.1517418
0.1605969
0.1493923
0
0.1446526
    
0.2342986
0.1982154
0
0.1797637
0.1895986
0.1591665
0.1474201
0
0.170845
    
0.1811686
0
0.169503
0.1565009
0.1478084
0.1367493
0
0.124883
0.1132096
    
0.1926766
0.1782936
0.1565348
0.1569427
0
0.1464685
0.1192518
0.1202721
0.1173069
    
0.1802067
0.1912961
0.1551342
0
0.1512113
0.1252624
0.1184706
0.1170705
0
    
0.2264582
0
0.2132345
0.208237
0.1628858
0.1642528
0.1747241
0
0.1487077
    
0.1984642
0
0.1737317
0.1457322
0.1487581
0.1407394
0
0.1208952
0.1018523
    
0.1681294
0
0.1635133
0.1359741
0.109249
0.08250362
0
0.1148178
0.2590217
    
0
0.2106626
0.223206
0.1884033
0.1758189
0
0.1636605
0.1498866
0.1408227
    
0.177835
0.1620094
0.1429513
0.134534
0
0.1244191
0.1211792
0.1154555
0.1155845
    
0.1318611
0.1383808
0
0.1342432
0.1361942
0.1394814
0.1177852
0
0.1202626
    
0.1783817
0.1881561
0.1710892
0
0.156107
0.1492684
0.1432365
0.1482773
0
    
0.1936541
0.1841211
0.1587534
0.1623583
0
0.1322489
0.1375111
0.1358294
0.1175421
    
0.1856304
0.1683758
0.1677195
0.1611768
0
0.1529102
0.123826
0.1073423
0.09777575
    
0.1923518
0.1695171
0.1600604
0
0.1382683
0.1198797
0.1221569
0.1148231
0
    
0
0.1991118
0.166886
0.1411161
0.142006
0
0.1519427
0.1731261
0.1607493
    
0.2452232
0.2086395
0.1963886
0
0.183176
0.1692053
0.1520396
0.1345481
0
    
0.2042528
0.166091
0
0.1674008
0.1673298
0.1599569
0.159387
0
0.1439981
    
0.2250162
0.1847327
0.1624056
0.1497593
0
0.1356729
0.1260947
0.1167627
0.1083022
    
0.1839167
0.1621266
0.1592687
0.1178939
0
0.1212368
0.1239523
0.111074
0.1150701
    
0.1805103
0.1632702
0.1555276
0
0.1412456
0.1397157
0.1353767
0.1328776
0
    
0
0.2151917
0.1888131
0.1847119
0.1648815
0
0.1986066
0.1450379
0.1464757
    
0.1421335
0.1212519
0.1210219
0
0.1197063
0.1094335
0.09260648
0.08526877
0
    
0.1218324
0.1026345
0
0.09915773
0.1058932
0.1079936
0.1062769
0
0.09962435
    
0.1710086
0.1786966
0
0.1878203
0.1409515
0.127831
0.1298421
0
0.1104202
    
0
0.1597417
0.1407121
0.1366227
0.1297464
0
0.1317793
0.1263074
0.1150644
    
0.1381115
0.1409611
0
0.1428577
0.1368098
0.1413732
0.1443218
0
0.1339851
    
0.1576137
0.1777632
0
0.148216
0.1289167
0.106549
0.09403379
0
0.09374682
    
0.1234911
0.1199203
0.1314482
0.1458122
0
0.1236639
0.1230677
0.1124139
0
    
0.1374019
0.6882079
0
0.05773837
0.04754518
0.2070941
0.03792421
0
0.02773726
    
0.1231996
0
0.1186442
0.1028477
0.1011368
0.1021437
0
0.1053449
0.1062858
    
0
0.1188023
0.1209471
0.1215071
0
0.1226545
0.1147804
0.1087642
0.1041264
    
0.1491284
0.1431866
0.1292374
0
0.1115902
0.1078981
0.1051687
0.1054613
0
    
0.1612762
0.1423988
0.14221
0
0.1259152
0.1319459
0.1133158
0.09683082
0
    
0.1356798
0.113039
0
0.10416
0.100697
0.09315122
0.09211633
0
0.08585423
    
0
0.1204964
0.1177445
0.1252098
0.1021764
0
0.09971442
0.4918289
0.03013533
    
0.1709338
0.1816057
0
0.1739349
0.1341002
0.1331705
0.1158336
0
0.1089799
    
0.1611323
0.1421182
0.1278474
0.1150727
0
0.1105742
0.1195863
0.1079483
0.1087169
    
0.2129243
0.1955656
0.1617228
0
0.1068982
0.1526513
0.1776897
0.101158
0
    
0.1279912
0
0.1247674
0.1254289
0.1226345
0
0.1181742
0.6555471
0.04008072
    
0.1459114
0.1365751
0.1215268
0.1205108
0
0.1191177
0.1179522
0.1124861
0.1089708
    
0.1738378
0.1611885
0
0.153863
0.1486882
0.1537213
0
0.1557708
0.1442465
    
0.2608026
0.2241665
0
0.2075635
2.213103
0.02576096
0.02672606
0
0.02158538
    
0.2136893
0.1874524
0.1885716
0
0.1633535
0.1462722
0.1393355
0.1424663
0
    
0.142203
0.1463559
0
0.1355035
0.113431
0.1004366
0.09574049
0
0.09100617
    
0.2246602
0.2230112
0
0.2179189
0.1854946
0.1780787
0.1643266
0
0.1733215
    
0.1838286
0.1492661
0.1434805
0.1337564
0
0.1399559
0.12075
0.1148165
0.1114749
    
0.1526082
0
0.1500952
0.1429036
0.1278893
0.1158099
0
0.1132344
0.1161747
    
0.1808632
0
0.163113
0.156632
0.1490871
0.1554254
0
0.14612
0.1333053
    
0.1477326
0.1100213
0
0.06830109
0.06188143
0.0726862
0.06922726
0
0.06523763
    
0.1554899
0.142543
0.1246434
0.114281
0
0.1237623
0.1041711
0.103673
0.7895581
    
0.1313076
0.1306375
0.1240286
0
0.1192249
0.1244024
0.1238724
0
0.1184094
    
0.1022848
0.0946741
0.08634638
0
0.09032267
0.09729196
0.09384903
0.08928744
0
    
0.1746092
0.1713249
0.1673568
0
0.1487872
0.1410865
0.1381933
0.1320501
0
    
0.2146011
0.2035095
0
0.2144575
0.1901826
0.1734501
0.1640478
0
0.1436702
    
0.113209
0.1162098
0.1055153
0.103524
0
0.1051236
0.1081058
0.09406435
0
    
0
0.08995497
0.1067892
0.1208777
0.1181678
0
0.1134169
0.1058427
0.1033388
    
0.1553439
0
0.167255
0.1550463
0.1436399
0.1388316
0
0.1309146
0.1364907
    
0.1137927
0.1114512
0.1013034
0
0.09033874
0.08233794
0.07562485
0.08018478
0
    
0.09519469
0.09463982
0
0.0912097
0.08909304
0.08130453
0.08059843
0
0.0788677
    
0
0.1117238
0.1070267
0.09898055
0.104347
0
0.1114859
0.1094741
0.1068282
    
0.1252786
0.1307033
0.112457
0
0.1006974
0.08309935
0.0819863
0.08899748
0
    
0.1401499
0.1119619
0
0.1058924
0.112478
0.1001665
0.09813833
0
0.08440585
    
0.09782965
0
0.08693296
0.06882412
0.06037742
0.06252679
0
0.0655468
0.06106531
    
0.09749256
0.07833798
0
0.06872536
0.06983119
0.0776171
0.07498153
0
0.06678196
    
0
0.09705506
0.07196217
0.07290297
0.07465007
0
0.07285203
0.06597061
0.05721067
    
0.08589919
0.07234447
0.05284113
0.05129546
0
0.0549679
0.05687638
0.05447405
0.04927609
    
0.09904967
0.07529694
0.07239866
0.05297
0
0.04429762
0.04150999
0.04461517
0
    
0
0.07294332
0.06823366
0.07514418
0.07565422
0
0.06578358
0.05601788
0.05322426
    
0.1194042
0.1047762
0.08477189
0.07408423
0
0.07103089
0.07471887
0.07102059
0.06375793
    
0.08381936
0.07746787
0.07159235
0.0710737
0
0.06794489
0.07037297
0.0659612
0.05667691
    
0.07521396
0.07646032
0
0.08121446
0.07931685
0.07189501
0.06931607
0
0.06703523
    
0.09898888
0.09048457
0.09045681
0.08636727
0
0.08798167
0.08185694
0.07657758
0.07617325
    
0.1173426
0.1225596
0.1163115
0
0.1006435
0.09641648
0.07949476
0.08059137
0
    
0.1099942
0.1009234
0.09322255
0.09526964
0
0.09563561
0.09523412
0.08685854
0
    
0.08512891
0.077107
0.07227446
0.07074457
0
0.07093029
0.0701184
0.07334883
0.07657049
    
0.1252143
0.1216883
0.1099149
0
0.1082753
0.1045177
0.1043012
0.1050717
0
    
0.1141003
0.1008876
0
0.09829577
0.09331198
0.09331182
0.09371468
0
0.09652251
    
0.126846
0.1236402
0.09568437
0
0.09750918
0.07969278
0.06847954
0.06874046
0
    
0.08938545
0.0833515
0.08035374
0.07573751
0
0.07491718
0.07335335
0.07000899
0.06631009
    
0.1372963
0.1345886
0.1151274
0.111989
0
0.1145323
0.1082016
0.1094245
0.09148855
    
0
0.1071135
0.09348203
0.07719689
0
0.07217608
0.07031443
0.06976897
0.07204243
    
0.09062005
0.07250104
0.06785716
0.05500111
0
0.04726776
0.04317971
0.0398467
0.03773015
    
0.1145897
0.1066822
0
0.093963
0.08471002
0.08126988
0.08295873
0
0.08088657
    
0.1059104
0.1094487
0.1026579
0.1014387
0.09238382
0
0.09173089
0.09359267
0.09568264
    
/n
