    
    
    
    
    
    
    
    
    
(7.0, 190.3, 114.6)
(6.6, 207.8, 116.9)
(5.4, 216.3, 114.7)
(1.3, 218.5, 109.4)
(357.3, 222.3, 104.7)
(357.3, 222.3, 104.7)
(356.8, 229.0, 101.4)
(1.8, 235.3, 99.9)
(7.2, 237.6, 98.1)
(6.5, 234.7, 92.4)
    
(6.5, 171.4, 101.4)
(6.4, 177.5, 101.8)
(4.9, 181.5, 102.6)
(5.4, 186.8, 103.9)
(5.3, 192.7, 104.6)
(5.3, 192.7, 104.6)
(1.7, 196.2, 103.5)
(357.9, 198.4, 101.2)
(354.0, 200.6, 98.9)
(351.4, 203.1, 97.5)
    
(13.6, 186.1, 111.5)
(6.3, 190.7, 112.9)
(4.8, 196.5, 115.1)
(2.8, 202.5, 117.2)
(0.4, 208.1, 118.0)
(0.4, 208.1, 118.0)
(357.7, 212.0, 116.9)
(353.9, 214.2, 115.1)
(348.3, 215.1, 112.1)
(343.3, 216.8, 110.1)
    
(353.3, 170.7, 109.2)
(354.3, 184.5, 118.9)
(354.4, 190.3, 123.2)
(354.4, 190.3, 123.2)
(353.9, 193.3, 125.6)
(353.3, 194.5, 126.7)
(353.2, 195.5, 126.5)
(353.2, 196.5, 126.2)
(353.2, 196.5, 126.2)
(352.6, 197.4, 125.7)
    
(11.0, 176.7, 116.1)
(11.0, 176.7, 116.1)
(9.5, 185.3, 120.6)
(7.0, 194.1, 125.5)
(3.6, 197.4, 127.0)
(1.2, 195.1, 125.2)
(1.2, 195.1, 125.2)
(359.1, 193.0, 122.7)
(358.3, 192.4, 121.2)
(358.7, 192.3, 121.9)
    
(13.8, 173.3, 115.3)
(6.1, 183.2, 118.8)
(358.6, 191.5, 120.1)
(354.0, 198.4, 120.6)
(354.0, 198.4, 120.6)
(352.3, 203.8, 121.6)
(352.1, 207.2, 122.2)
(350.7, 208.5, 122.1)
(349.0, 208.9, 121.0)
(349.0, 208.9, 121.0)
    
(3.6, 197.1, 123.1)
(0.9, 201.3, 122.4)
(0.9, 201.3, 122.4)
(355.1, 203.2, 119.7)
(350.1, 203.3, 116.8)
(346.5, 203.4, 114.4)
(345.7, 203.7, 113.2)
(345.7, 203.7, 113.2)
(346.0, 204.3, 113.1)
(346.0, 205.2, 112.8)
    
(13.1, 173.4, 125.5)
(12.9, 178.5, 129.1)
(11.5, 181.8, 130.8)
(11.5, 181.8, 130.8)
(8.2, 183.5, 131.0)
(4.2, 185.4, 130.6)
(1.0, 188.5, 130.1)
(359.7, 191.0, 130.1)
(359.7, 191.0, 130.1)
(359.3, 192.6, 130.2)
    
(4.0, 191.0, 125.3)
(4.4, 193.7, 126.3)
(4.0, 194.8, 126.7)
(2.4, 194.6, 126.3)
(0.0, 193.9, 125.9)
(0.0, 193.9, 125.9)
(357.7, 194.2, 126.6)
(355.5, 195.2, 128.2)
(354.6, 197.5, 130.2)
(354.6, 197.5, 130.2)
    
(12.1, 170.4, 88.1)
(16.7, 188.3, 90.9)
(9.1, 199.1, 90.5)
(359.7, 207.9, 88.1)
(359.7, 207.9, 88.1)
(358.7, 214.8, 89.7)
(3.8, 218.3, 92.1)
(5.1, 220.0, 90.3)
(3.4, 220.9, 87.0)
(3.4, 220.9, 87.0)
    
(352.7, 179.9, 101.8)
(357.6, 191.7, 107.4)
(1.5, 198.7, 114.1)
(2.5, 202.2, 115.6)
(1.8, 205.7, 116.1)
(1.8, 205.7, 116.1)
(0.3, 207.3, 116.3)
(0.4, 207.4, 115.4)
(1.8, 206.8, 114.2)
(1.8, 206.8, 114.2)
    
(8.3, 175.1, 104.6)
(3.6, 180.6, 105.4)
(2.7, 187.6, 107.2)
(2.9, 191.8, 108.6)
(2.9, 191.8, 108.6)
(2.1, 193.4, 108.7)
(0.8, 194.4, 108.2)
(358.4, 195.9, 107.4)
(358.4, 195.9, 107.4)
(356.5, 198.1, 106.7)
    
(3.8, 186.7, 107.9)
(355.3, 192.0, 106.6)
(348.5, 197.9, 104.8)
(347.9, 203.2, 106.9)
(347.9, 203.2, 106.9)
(351.0, 207.4, 110.1)
(354.0, 210.2, 112.8)
(355.2, 212.5, 114.3)
(354.5, 214.5, 114.9)
(354.5, 214.5, 114.9)
    
(14.9, 179.1, 99.1)
(9.1, 185.5, 99.2)
(5.0, 192.1, 100.4)
(5.1, 195.3, 102.7)
(5.1, 195.3, 102.7)
(6.8, 197.0, 104.9)
(6.9, 197.6, 106.0)
(5.5, 198.8, 106.2)
(4.0, 199.7, 106.2)
(4.0, 199.7, 106.2)
    
(353.2, 194.6, 101.7)
(353.2, 194.6, 101.7)
(347.4, 189.1, 103.2)
(346.9, 189.6, 103.5)
(347.2, 197.2, 103.0)
(348.8, 207.0, 101.1)
(349.6, 210.2, 100.7)
(349.6, 210.2, 100.7)
(349.5, 206.0, 100.7)
(347.7, 201.7, 99.4)
    
(16.5, 175.6, 103.6)
(9.8, 185.3, 102.9)
(9.8, 185.3, 102.9)
(4.1, 194.1, 102.6)
(1.3, 198.3, 103.8)
(0.9, 198.4, 105.3)
(0.0, 197.3, 106.2)
(0.0, 197.3, 106.2)
(359.1, 199.7, 106.0)
(358.0, 202.9, 105.6)
    
(8.6, 187.7, 99.4)
(6.3, 191.7, 98.3)
(6.3, 191.7, 98.3)
(6.0, 197.7, 98.9)
(6.2, 202.7, 99.2)
(6.1, 205.7, 98.9)
(3.8, 207.4, 97.2)
(3.8, 207.4, 97.2)
(0.7, 209.7, 94.8)
(357.9, 213.0, 92.9)
    
(13.3, 177.4, 102.8)
(5.9, 183.2, 103.5)
(5.9, 183.2, 103.5)
(2.1, 183.8, 102.7)
(0.3, 184.0, 103.3)
(359.8, 185.3, 104.7)
(356.9, 187.4, 104.3)
(356.9, 187.4, 104.3)
(352.0, 188.9, 103.2)
(350.0, 191.5, 103.2)
    
(7.3, 173.1, 102.8)
(359.9, 174.5, 100.8)
(359.9, 174.5, 100.8)
(357.0, 175.7, 100.9)
(355.9, 178.4, 102.7)
(356.7, 183.6, 105.7)
(359.1, 188.6, 106.2)
(359.1, 188.6, 106.2)
(358.6, 192.2, 106.4)
(356.6, 194.3, 105.8)
    
(7.3, 174.1, 110.3)
(7.3, 174.1, 110.3)
(5.9, 180.9, 113.1)
(3.9, 188.2, 115.3)
(358.6, 195.1, 111.4)
(355.2, 201.5, 111.1)
(355.2, 201.5, 111.1)
(351.4, 204.9, 110.2)
(348.1, 207.2, 109.7)
(345.3, 210.6, 108.5)
    
(359.2, 188.7, 102.7)
(359.2, 188.7, 102.7)
(0.3, 199.0, 103.7)
(359.5, 209.0, 102.6)
(355.9, 216.8, 100.2)
(352.0, 222.9, 99.0)
(352.0, 222.9, 99.0)
(350.0, 225.6, 98.8)
(349.4, 227.3, 99.1)
(349.3, 228.7, 98.7)
    
(9.0, 174.2, 105.2)
(2.6, 176.2, 103.7)
(358.0, 177.7, 103.8)
(358.0, 177.7, 103.8)
(356.9, 180.1, 104.8)
(358.4, 183.7, 106.8)
(357.7, 187.0, 107.9)
(355.5, 190.3, 108.0)
(355.5, 190.3, 108.0)
(351.9, 193.0, 107.0)
    
(357.3, 187.1, 104.0)
(349.0, 198.3, 101.9)
(344.1, 207.9, 99.5)
(346.4, 211.1, 101.7)
(351.5, 212.6, 105.2)
(351.5, 212.6, 105.2)
(353.4, 213.9, 106.0)
(352.6, 214.7, 105.6)
(351.5, 215.3, 105.0)
(350.9, 216.3, 104.5)
    
(3.9, 180.9, 106.3)
(4.3, 192.6, 107.3)
(358.9, 197.9, 105.8)
(352.6, 196.4, 103.4)
(352.6, 196.4, 103.4)
(350.8, 194.0, 103.2)
(353.3, 195.7, 104.4)
(355.8, 199.2, 105.6)
(355.8, 199.2, 105.6)
(356.2, 200.7, 105.6)
    
(355.0, 182.8, 99.3)
(351.5, 187.5, 100.4)
(347.7, 190.1, 101.0)
(345.6, 191.9, 101.3)
(345.6, 191.9, 101.3)
(344.4, 194.6, 101.5)
(345.0, 198.7, 102.3)
(347.9, 204.3, 104.1)
(350.8, 208.2, 105.4)
(350.8, 208.2, 105.4)
    
(14.4, 173.2, 112.1)
(14.4, 173.2, 112.1)
(10.8, 179.4, 112.3)
(6.9, 182.8, 111.0)
(1.3, 185.1, 109.4)
(356.6, 187.1, 109.8)
(356.6, 187.1, 109.8)
(356.0, 190.2, 111.2)
(357.5, 193.6, 112.6)
(359.2, 195.8, 113.4)
    
(14.3, 181.7, 117.7)
(12.8, 191.7, 122.1)
(11.5, 203.5, 128.1)
(11.5, 203.5, 128.1)
(8.7, 213.3, 130.6)
(4.2, 217.2, 129.9)
(358.6, 218.4, 128.4)
(358.6, 218.4, 128.4)
(354.1, 221.3, 128.4)
(349.1, 225.0, 125.0)
    
(8.2, 180.0, 112.8)
(8.4, 184.4, 116.9)
(8.4, 184.4, 116.9)
(7.3, 189.4, 118.7)
(5.5, 194.6, 120.3)
(3.0, 198.1, 121.0)
(0.6, 199.9, 121.2)
(0.6, 199.9, 121.2)
(357.6, 199.9, 120.6)
(353.9, 199.3, 119.8)
    
(11.0, 171.7, 106.6)
(7.1, 176.1, 109.6)
(3.5, 179.0, 112.1)
(1.0, 183.7, 115.1)
(0.0, 188.8, 117.8)
(0.0, 188.8, 117.8)
(359.0, 192.0, 119.3)
(357.6, 193.7, 120.2)
(355.0, 194.9, 120.0)
(351.9, 196.2, 119.5)
    
(356.8, 191.8, 97.2)
(356.3, 203.6, 102.0)
(356.8, 213.5, 107.7)
(356.8, 213.5, 107.7)
(353.7, 214.9, 110.3)
(348.0, 212.8, 110.5)
(343.2, 212.4, 109.2)
(340.1, 214.3, 107.5)
(340.1, 214.3, 107.5)
(337.6, 214.9, 106.4)
    
(10.5, 177.3, 110.2)
(11.1, 181.9, 112.9)
(11.1, 181.9, 112.9)
(10.3, 185.2, 114.1)
(9.7, 188.9, 114.8)
(8.2, 192.4, 114.9)
(5.8, 194.8, 114.4)
(5.8, 194.8, 114.4)
(4.0, 196.4, 112.9)
(2.2, 197.0, 111.1)
    
(14.0, 174.8, 108.9)
(16.0, 178.2, 110.3)
(16.0, 178.2, 110.3)
(15.0, 181.0, 109.6)
(12.1, 183.1, 108.4)
(9.4, 184.8, 108.5)
(10.2, 187.8, 110.4)
(10.2, 187.8, 110.4)
(13.1, 191.8, 112.1)
(13.2, 194.9, 112.9)
    
(15.9, 179.3, 114.7)
(5.6, 183.5, 115.0)
(359.5, 186.8, 115.2)
(359.5, 186.8, 115.2)
(353.2, 191.1, 115.6)
(348.3, 196.2, 116.2)
(345.9, 202.2, 116.5)
(342.4, 209.5, 115.5)
(342.4, 209.5, 115.5)
(339.4, 213.6, 114.9)
    
(8.9, 175.6, 117.6)
(7.1, 179.9, 120.3)
(7.1, 179.9, 120.3)
(5.0, 184.7, 122.7)
(2.7, 189.0, 124.2)
(1.5, 192.8, 125.2)
(358.7, 194.9, 125.1)
(358.7, 194.9, 125.1)
(355.3, 197.4, 124.6)
(352.8, 200.1, 123.6)
    
(15.5, 185.6, 105.2)
(11.8, 190.1, 110.1)
(13.1, 190.9, 112.2)
(11.8, 192.9, 110.3)
(11.8, 192.9, 110.3)
(7.5, 195.7, 103.3)
(1.5, 198.3, 100.0)
(356.5, 200.7, 97.7)
(351.7, 204.0, 96.4)
(351.7, 204.0, 96.4)
    
(19.9, 182.0, 110.5)
(18.3, 188.0, 114.2)
(13.5, 190.7, 113.3)
(7.7, 194.1, 111.9)
(1.8, 198.6, 111.8)
(1.8, 198.6, 111.8)
(357.3, 204.0, 113.4)
(356.3, 208.8, 114.2)
(355.1, 212.6, 113.3)
(351.6, 216.3, 110.6)
    
(347.6, 181.0, 97.8)
(347.6, 181.0, 97.8)
(341.5, 186.8, 99.3)
(335.7, 193.2, 100.5)
(329.4, 199.8, 99.5)
(324.2, 204.8, 98.8)
(324.2, 204.8, 98.8)
(319.7, 210.0, 97.8)
(317.0, 215.5, 98.1)
(314.1, 221.5, 96.9)
    
(9.6, 189.3, 100.9)
(3.4, 195.3, 102.0)
(3.4, 195.3, 102.0)
(358.0, 201.0, 103.2)
(353.5, 207.1, 103.3)
(349.5, 212.9, 100.7)
(346.6, 217.3, 98.2)
(346.6, 217.3, 98.2)
(343.9, 220.1, 97.1)
(341.1, 220.9, 97.6)
    
(3.0, 183.4, 96.9)
(358.9, 189.2, 99.1)
(356.6, 194.4, 100.3)
(354.7, 199.2, 101.5)
(353.0, 204.4, 102.1)
(353.0, 204.4, 102.1)
(351.6, 209.6, 102.6)
(349.6, 213.2, 103.0)
(347.3, 216.5, 103.0)
(345.7, 220.3, 102.9)
    
(33.4, 191.0, 119.9)
(28.2, 197.3, 117.3)
(28.2, 197.3, 117.3)
(21.6, 201.3, 113.9)
(16.8, 204.3, 111.6)
(13.2, 207.3, 111.4)
(11.0, 209.9, 111.3)
(11.0, 209.9, 111.3)
(9.4, 212.0, 110.9)
(6.0, 212.8, 107.0)
    
(5.2, 184.2, 107.5)
(1.5, 190.8, 109.1)
(355.8, 197.6, 107.1)
(351.1, 201.2, 105.8)
(345.9, 203.0, 104.9)
(345.9, 203.0, 104.9)
(342.5, 205.6, 104.9)
(339.9, 209.6, 104.9)
(337.7, 214.8, 104.3)
(334.8, 219.4, 103.5)
    
(6.3, 164.1, 92.5)
(359.6, 173.2, 95.4)
(351.8, 182.1, 99.8)
(347.3, 193.0, 104.5)
(347.3, 193.0, 104.5)
(344.0, 204.8, 107.2)
(339.3, 216.1, 107.9)
(335.1, 223.6, 106.4)
(330.4, 229.8, 103.4)
(330.4, 229.8, 103.4)
    
(1.3, 188.0, 113.9)
(1.3, 188.0, 113.9)
(353.9, 195.8, 114.2)
(346.9, 199.8, 113.1)
(340.9, 202.4, 112.5)
(337.8, 204.7, 113.1)
(337.8, 204.7, 113.1)
(334.8, 208.0, 113.1)
(330.8, 210.5, 112.5)
(327.9, 213.0, 112.0)
    
(6.8, 185.8, 109.3)
(2.7, 193.4, 112.7)
(2.7, 193.4, 112.7)
(358.7, 199.5, 114.5)
(353.5, 206.6, 116.0)
(349.7, 211.3, 116.2)
(346.9, 215.7, 115.8)
(346.9, 215.7, 115.8)
(344.6, 219.7, 115.3)
(342.4, 222.9, 114.9)
    
(18.5, 165.3, 96.9)
(17.1, 173.0, 102.0)
(14.9, 181.1, 106.6)
(14.9, 181.1, 106.6)
(7.6, 189.3, 112.3)
(3.2, 192.5, 112.6)
(359.2, 195.6, 113.0)
(355.6, 199.2, 113.7)
(355.6, 199.2, 113.7)
(352.7, 202.6, 114.3)
    
(11.5, 195.9, 114.7)
(9.9, 197.0, 117.8)
(8.1, 199.3, 118.5)
(8.1, 199.3, 118.5)
(5.2, 204.0, 116.8)
(2.0, 207.0, 114.9)
(358.3, 209.5, 114.0)
(355.2, 212.1, 113.6)
(355.2, 212.1, 113.6)
(352.1, 214.8, 113.2)
    
(3.0, 168.0, 91.5)
(2.3, 189.4, 89.4)
(0.7, 206.1, 86.2)
(357.1, 215.1, 84.3)
(352.2, 215.6, 82.6)
(352.2, 215.6, 82.6)
(348.5, 215.2, 81.5)
(347.2, 217.5, 80.1)
(346.9, 220.6, 78.6)
(345.1, 221.4, 77.9)
    
(350.7, 193.1, 84.6)
(343.2, 197.5, 84.3)
(341.9, 199.7, 86.3)
(341.9, 199.7, 86.3)
(344.2, 203.7, 88.0)
(344.5, 209.1, 88.6)
(342.8, 215.7, 87.0)
(340.3, 220.8, 84.4)
(340.3, 220.8, 84.4)
(338.0, 225.7, 81.3)
    
(1.6, 177.3, 104.1)
(359.6, 184.9, 107.3)
(355.0, 191.2, 108.2)
(355.0, 191.2, 108.2)
(350.1, 196.2, 107.4)
(347.2, 200.7, 106.8)
(345.3, 205.3, 106.2)
(343.4, 209.3, 106.0)
(343.4, 209.3, 106.0)
(341.3, 213.2, 105.7)
    
(10.6, 175.1, 101.6)
(9.7, 185.4, 105.4)
(8.7, 195.0, 110.6)
(6.4, 201.5, 114.9)
(6.4, 201.5, 114.9)
(5.3, 204.3, 116.5)
(5.3, 206.6, 117.6)
(6.1, 206.4, 116.9)
(6.4, 204.4, 115.5)
(6.4, 204.4, 115.5)
    
(13.0, 182.6, 114.1)
(11.3, 182.6, 113.6)
(9.7, 183.4, 113.2)
(8.2, 185.0, 113.3)
(6.7, 186.6, 113.7)
(6.7, 186.6, 113.7)
(5.9, 187.4, 114.0)
(5.9, 187.6, 114.1)
(6.0, 187.6, 114.1)
(5.9, 187.6, 114.0)
    
(25.7, 176.9, 111.0)
(19.9, 182.2, 111.4)
(19.9, 182.2, 111.4)
(12.6, 186.1, 110.4)
(7.9, 192.0, 109.5)
(4.5, 201.7, 109.5)
(2.0, 209.9, 109.9)
(2.0, 209.9, 109.9)
(359.2, 216.8, 110.0)
(358.3, 218.9, 108.5)
    
(354.3, 195.8, 106.0)
(351.7, 199.2, 106.7)
(351.7, 199.2, 106.7)
(348.6, 200.7, 105.4)
(346.6, 202.4, 104.7)
(345.9, 204.7, 105.1)
(345.8, 207.3, 105.6)
(345.8, 207.3, 105.6)
(345.5, 209.4, 105.5)
(344.7, 210.8, 104.7)
    
(352.4, 175.0, 100.2)
(349.8, 179.9, 104.2)
(349.3, 183.3, 107.2)
(350.0, 186.1, 108.9)
(351.0, 188.8, 110.0)
(351.0, 188.8, 110.0)
(351.9, 190.9, 110.8)
(352.3, 191.7, 111.2)
(351.8, 190.7, 110.7)
(351.7, 189.8, 109.9)
    
(16.2, 184.2, 101.0)
(9.5, 192.2, 104.9)
(6.7, 196.2, 105.4)
(2.9, 198.8, 104.3)
(2.9, 198.8, 104.3)
(358.6, 200.6, 102.8)
(355.6, 202.7, 102.3)
(353.5, 204.9, 102.6)
(352.9, 207.3, 103.1)
(352.9, 207.3, 103.1)
    
(14.9, 179.1, 110.1)
(10.7, 184.3, 111.4)
(10.7, 184.3, 111.4)
(7.8, 189.0, 112.5)
(5.1, 192.3, 113.4)
(6.9, 191.8, 113.3)
(4.0, 194.6, 114.0)
(4.0, 194.6, 114.0)
(1.5, 197.6, 114.7)
(359.7, 201.0, 115.8)
    
(1.6, 180.4, 113.6)
(359.9, 183.5, 115.1)
(358.6, 187.3, 116.4)
(356.9, 191.4, 117.9)
(355.3, 194.0, 119.2)
(355.3, 194.0, 119.2)
(352.6, 195.7, 120.6)
(350.8, 196.9, 121.8)
(350.2, 198.3, 122.3)
(350.2, 199.6, 122.3)
    
(20.8, 195.9, 125.9)
(12.2, 197.1, 122.9)
(7.9, 194.1, 120.1)
(9.0, 191.7, 120.1)
(9.0, 191.7, 120.1)
(10.8, 192.1, 121.4)
(10.3, 193.2, 121.8)
(8.7, 194.2, 121.7)
(7.4, 195.4, 121.7)
(7.4, 195.4, 121.7)
    
(17.3, 187.6, 112.4)
(17.0, 192.6, 113.9)
(18.9, 195.6, 116.1)
(20.3, 196.2, 117.0)
(19.8, 196.1, 115.2)
(19.8, 196.1, 115.2)
(18.5, 197.2, 112.1)
(16.8, 198.6, 109.4)
(15.1, 199.9, 107.6)
(14.0, 201.0, 106.0)
    
(18.6, 171.9, 94.1)
(17.1, 178.7, 96.5)
(13.6, 184.7, 97.2)
(7.7, 189.7, 94.9)
(7.7, 189.7, 94.9)
(2.8, 193.1, 92.7)
(358.8, 196.2, 90.7)
(356.1, 198.9, 89.6)
(354.1, 201.1, 88.9)
(354.1, 201.1, 88.9)
    
(13.5, 180.8, 103.4)
(13.9, 186.6, 104.9)
(13.9, 186.6, 104.9)
(13.3, 191.1, 104.7)
(11.6, 194.8, 104.6)
(9.5, 196.6, 104.0)
(4.3, 201.2, 105.0)
(4.3, 201.2, 105.0)
(2.4, 203.1, 104.5)
(1.2, 205.7, 104.3)
    
(18.2, 182.8, 104.2)
(17.0, 187.9, 106.3)
(14.8, 191.4, 107.5)
(11.7, 193.5, 107.2)
(11.7, 193.5, 107.2)
(8.3, 195.8, 107.0)
(5.8, 198.9, 107.4)
(4.3, 202.4, 108.3)
(3.2, 205.8, 109.5)
(3.2, 205.8, 109.5)
    
(15.3, 188.3, 108.7)
(11.8, 191.3, 109.5)
(7.8, 194.2, 109.5)
(7.8, 194.2, 109.5)
(4.2, 196.3, 109.2)
(1.4, 198.5, 109.0)
(359.6, 201.1, 109.2)
(358.3, 203.9, 109.7)
(358.3, 203.9, 109.7)
(356.9, 206.5, 110.4)
    
(17.8, 174.1, 93.0)
(13.4, 177.8, 93.2)
(5.3, 183.7, 96.5)
(2.1, 186.4, 96.7)
(2.1, 186.4, 96.7)
(0.3, 189.4, 97.2)
(358.0, 192.7, 97.8)
(355.4, 196.5, 97.7)
(352.9, 200.5, 97.2)
(352.9, 200.5, 97.2)
    
(2.4, 185.0, 100.4)
(359.4, 188.8, 102.5)
(359.4, 188.8, 102.5)
(357.9, 193.2, 103.6)
(357.7, 197.6, 104.5)
(357.5, 201.2, 105.6)
(356.9, 203.6, 106.0)
(356.9, 203.6, 106.0)
(356.0, 205.8, 105.9)
(354.8, 208.4, 105.3)
    
(4.9, 176.0, 106.6)
(4.8, 181.1, 108.6)
(4.3, 184.7, 110.0)
(2.8, 187.1, 110.9)
(0.6, 188.9, 111.5)
(0.6, 188.9, 111.5)
(358.6, 191.1, 111.8)
(357.4, 193.8, 112.2)
(356.7, 197.1, 112.7)
(355.6, 199.6, 112.7)
    
(18.9, 186.3, 100.3)
(18.2, 188.4, 101.9)
(16.2, 189.1, 101.9)
(13.5, 190.0, 101.0)
(11.5, 191.9, 101.0)
(11.5, 191.9, 101.0)
(10.1, 194.3, 101.2)
(9.8, 196.0, 101.9)
(9.8, 197.1, 102.5)
(8.9, 197.4, 102.9)
    
(14.5, 182.4, 95.3)
(14.5, 182.4, 95.3)
(13.9, 186.2, 97.6)
(15.5, 188.7, 97.7)
(14.1, 191.7, 98.1)
(11.7, 193.7, 97.8)
(11.7, 193.7, 97.8)
(8.2, 196.4, 100.4)
(7.3, 199.1, 101.3)
(6.2, 202.6, 102.4)
    
(19.4, 184.6, 99.6)
(19.1, 189.1, 102.3)
(19.1, 189.1, 102.3)
(16.8, 191.5, 102.4)
(13.3, 192.6, 100.7)
(8.8, 193.7, 99.0)
(6.5, 195.6, 98.7)
(6.5, 195.6, 98.7)
(6.7, 199.1, 99.9)
(7.5, 203.3, 101.5)
    
(21.0, 177.5, 91.9)
(18.6, 185.5, 94.6)
(15.0, 192.4, 95.9)
(10.1, 193.1, 95.9)
(10.1, 193.1, 95.9)
(5.9, 196.6, 95.1)
(1.8, 199.7, 94.0)
(359.0, 201.9, 94.1)
(357.3, 203.9, 94.8)
(357.3, 203.9, 94.8)
    
(12.0, 172.3, 92.7)
(7.3, 174.3, 93.5)
(2.5, 176.6, 94.0)
(0.6, 181.3, 95.9)
(0.6, 181.3, 95.9)
(1.6, 188.2, 98.2)
(1.9, 193.8, 99.9)
(0.9, 197.0, 100.3)
(358.6, 198.5, 100.1)
(358.6, 198.5, 100.1)
    
(12.8, 180.6, 86.6)
(11.6, 184.0, 87.5)
(11.6, 184.0, 87.5)
(10.5, 187.6, 88.6)
(9.5, 190.6, 89.4)
(8.0, 193.0, 90.0)
(6.3, 195.4, 90.2)
(6.3, 195.4, 90.2)
(4.3, 197.8, 90.4)
(2.6, 200.3, 91.1)
    
(8.8, 177.6, 81.2)
(5.7, 180.1, 81.4)
(5.7, 180.1, 81.4)
(3.1, 182.8, 80.9)
(359.1, 185.3, 80.1)
(356.7, 188.4, 79.3)
(356.2, 192.8, 79.9)
(356.2, 192.8, 79.9)
(355.7, 197.2, 81.1)
(355.5, 200.3, 81.8)
    
(355.7, 185.6, 90.7)
(355.7, 185.6, 90.7)
(355.2, 191.9, 91.9)
(354.1, 197.0, 92.9)
(352.6, 200.2, 93.7)
(351.2, 203.0, 94.0)
(351.2, 203.0, 94.0)
(349.9, 205.6, 94.2)
(348.3, 208.0, 93.9)
(346.6, 210.9, 93.1)
    
(14.0, 183.3, 84.0)
(11.8, 186.9, 85.4)
(8.0, 191.3, 86.6)
(8.0, 191.3, 86.6)
(4.8, 195.1, 88.8)
(3.5, 198.7, 90.7)
(358.8, 202.9, 91.9)
(358.1, 206.7, 92.0)
(358.1, 206.7, 92.0)
(356.3, 210.4, 91.4)
    
(12.7, 177.8, 80.7)
(8.8, 182.1, 87.0)
(7.0, 185.2, 89.3)
(5.7, 188.2, 90.7)
(3.1, 191.9, 91.3)
(3.1, 191.9, 91.3)
(359.3, 195.7, 91.4)
(355.5, 199.3, 91.3)
(351.9, 203.4, 91.6)
(351.9, 203.4, 91.6)
    
(10.9, 185.3, 88.1)
(7.9, 193.6, 90.5)
(3.9, 197.7, 89.8)
(357.3, 198.8, 87.5)
(354.3, 200.2, 87.7)
(354.3, 200.2, 87.7)
(352.8, 202.6, 89.5)
(352.1, 205.6, 91.3)
(351.6, 209.1, 92.6)
(350.0, 212.5, 92.3)
    
(6.0, 171.7, 89.6)
(9.7, 171.7, 94.4)
(7.1, 174.6, 95.4)
(5.3, 178.7, 96.9)
(5.3, 178.7, 96.9)
(4.9, 183.2, 98.4)
(4.5, 187.2, 99.5)
(3.4, 190.0, 99.9)
(2.0, 191.9, 100.2)
(2.0, 191.9, 100.2)
    
(7.6, 181.2, 85.0)
(4.5, 184.7, 85.7)
(3.1, 188.8, 87.6)
(3.1, 188.8, 87.6)
(3.5, 194.2, 91.0)
(3.7, 199.7, 93.7)
(2.3, 204.3, 94.7)
(359.9, 207.3, 94.6)
(359.9, 207.3, 94.6)
(356.4, 209.4, 93.8)
    
(2.0, 189.6, 86.2)
(360.0, 194.7, 86.9)
(357.0, 199.7, 86.7)
(357.0, 199.7, 86.7)
(354.0, 203.8, 86.3)
(352.0, 207.7, 86.7)
(351.7, 211.7, 87.5)
(351.7, 214.7, 87.8)
(351.7, 214.7, 87.8)
(350.9, 216.7, 87.1)
    
(354.1, 162.4, 79.4)
(352.1, 171.4, 81.9)
(352.1, 171.4, 81.9)
(353.2, 184.3, 84.5)
(353.2, 193.8, 85.6)
(352.9, 200.1, 85.7)
(351.2, 202.8, 85.1)
(351.2, 202.8, 85.1)
(349.7, 206.0, 84.1)
(349.2, 209.3, 83.4)
    
(11.8, 177.8, 89.5)
(9.2, 183.8, 89.8)
(5.2, 187.2, 89.2)
(5.2, 187.2, 89.2)
(2.2, 190.5, 89.5)
(0.9, 194.4, 90.6)
(1.6, 197.3, 89.6)
(0.5, 201.3, 90.3)
(0.5, 201.3, 90.3)
(359.0, 205.6, 90.3)
    
(5.3, 170.7, 89.1)
(3.6, 174.3, 91.5)
(2.9, 179.3, 94.0)
(2.5, 185.1, 95.7)
(1.7, 190.2, 96.4)
(1.7, 190.2, 96.4)
(0.7, 193.0, 96.5)
(359.4, 194.3, 96.2)
(357.7, 195.2, 95.9)
(357.7, 195.2, 95.9)
    
(10.7, 179.8, 92.4)
(5.2, 184.0, 92.8)
(1.9, 188.0, 94.4)
(0.5, 194.1, 96.8)
(0.5, 194.1, 96.8)
(359.7, 200.5, 99.6)
(358.8, 205.1, 101.4)
(357.1, 207.9, 101.8)
(355.0, 209.9, 101.8)
(355.0, 209.9, 101.8)
    
(1.7, 180.5, 95.0)
(359.2, 182.2, 96.2)
(357.4, 186.1, 97.4)
(355.0, 189.5, 98.9)
(355.0, 189.5, 98.9)
(354.1, 193.1, 100.3)
(354.4, 195.9, 100.9)
(353.8, 197.6, 101.0)
(352.8, 198.8, 100.7)
(352.8, 198.8, 100.7)
    
(2.0, 193.8, 95.3)
(0.6, 198.4, 95.7)
(0.6, 198.4, 95.7)
(359.6, 203.2, 96.2)
(358.7, 207.8, 96.9)
(357.5, 211.3, 97.4)
(355.9, 214.8, 97.7)
(355.9, 214.8, 97.7)
(354.6, 218.2, 98.2)
(353.9, 220.8, 98.5)
    
(357.7, 163.9, 78.7)
(358.9, 175.6, 83.1)
(1.9, 186.0, 86.8)
(2.6, 194.0, 88.7)
(1.6, 198.1, 89.4)
(1.6, 198.1, 89.4)
(0.4, 202.6, 89.9)
(358.4, 206.3, 90.1)
(352.3, 212.3, 92.7)
(350.2, 214.2, 91.9)
    
(4.3, 182.7, 90.4)
(1.1, 188.1, 92.5)
(358.2, 190.6, 93.3)
(358.2, 190.6, 93.3)
(355.1, 193.0, 93.9)
(352.4, 196.9, 94.4)
(350.3, 203.0, 94.8)
(348.3, 207.6, 94.8)
(348.3, 207.6, 94.8)
(345.7, 210.9, 94.0)
    
(14.0, 172.6, 81.7)
(11.0, 175.3, 82.2)
(7.7, 177.4, 81.9)
(6.0, 179.0, 79.0)
(4.4, 183.1, 80.0)
(4.4, 183.1, 80.0)
(2.6, 187.3, 81.2)
(357.8, 192.3, 90.5)
(355.8, 194.4, 90.9)
(353.4, 196.4, 90.9)
    
(8.6, 190.5, 89.9)
(6.0, 195.2, 89.1)
(6.0, 195.2, 89.1)
(2.5, 199.7, 87.6)
(358.0, 202.0, 85.7)
(355.5, 203.8, 84.9)
(353.5, 206.5, 84.2)
(353.5, 206.5, 84.2)
(351.5, 210.0, 84.1)
(350.4, 213.4, 84.4)
    
(5.4, 188.8, 87.0)
(2.5, 193.2, 88.5)
(359.4, 197.8, 89.8)
(356.4, 202.0, 89.9)
(353.5, 206.2, 89.5)
(353.5, 206.2, 89.5)
(351.1, 210.4, 89.5)
(348.7, 214.6, 89.6)
(347.2, 218.8, 89.6)
(347.2, 218.8, 89.6)
    
(0.0, 191.7, 93.6)
(0.0, 191.7, 93.6)
(356.7, 195.2, 95.0)
(354.8, 198.5, 96.4)
(353.0, 202.8, 97.9)
(351.9, 206.4, 98.3)
(351.9, 206.4, 98.3)
(351.0, 209.7, 97.9)
(349.0, 211.5, 97.3)
(347.5, 212.7, 97.1)
    
(16.0, 173.8, 85.5)
(12.6, 175.5, 86.1)
(10.3, 175.4, 81.7)
(7.6, 179.6, 82.5)
(6.9, 185.5, 84.0)
(6.9, 185.5, 84.0)
(0.0, 195.1, 90.1)
(359.2, 198.7, 90.7)
(357.7, 201.1, 90.5)
(355.5, 203.1, 90.0)
    
(8.0, 183.6, 96.1)
(4.2, 185.4, 96.3)
(0.3, 186.6, 96.7)
(0.3, 186.6, 96.7)
(357.8, 188.7, 98.2)
(357.7, 192.5, 100.5)
(358.3, 197.6, 102.6)
(358.7, 202.2, 103.6)
(358.7, 202.2, 103.6)
(358.1, 204.9, 103.7)
    
/n
(5.2, 188.2, 112.0)
(5.2, 188.2, 112.0)
(2.4, 193.7, 112.3)
(0.2, 196.2, 110.5)
(358.1, 196.8, 108.2)
(356.9, 198.0, 106.8)
(356.4, 200.0, 106.7)
(356.4, 200.0, 106.7)
(355.9, 201.1, 106.7)
(354.8, 202.1, 105.8)
    
(10.6, 177.1, 103.5)
(5.6, 178.5, 103.2)
(2.7, 181.1, 104.3)
(0.7, 185.2, 105.9)
(358.0, 189.0, 106.5)
(358.0, 189.0, 106.5)
(354.4, 191.5, 105.9)
(352.7, 193.5, 106.1)
(352.0, 195.8, 106.5)
(351.5, 197.3, 106.8)
    
(4.2, 184.8, 100.8)
(2.0, 189.8, 103.2)
(0.3, 192.3, 104.2)
(357.5, 193.8, 103.8)
(354.6, 195.0, 103.0)
(354.6, 195.0, 103.0)
(351.8, 197.2, 102.5)
(349.6, 199.5, 102.3)
(347.4, 201.5, 101.8)
(345.2, 202.4, 101.3)
    
(9.6, 180.0, 102.4)
(5.6, 185.5, 105.1)
(5.6, 185.5, 105.1)
(4.0, 188.2, 105.6)
(2.9, 190.5, 105.8)
(1.7, 192.8, 105.3)
(359.6, 194.8, 104.6)
(359.6, 194.8, 104.6)
(357.2, 197.0, 104.2)
(355.9, 200.3, 104.5)
    
(13.9, 179.1, 106.5)
(7.9, 185.9, 107.0)
(7.9, 185.9, 107.0)
(5.2, 191.2, 107.2)
(1.9, 195.9, 104.9)
(359.7, 199.1, 104.9)
(358.4, 201.6, 104.9)
(357.3, 203.1, 104.7)
(357.3, 203.1, 104.7)
(356.5, 204.1, 103.9)
    
(3.7, 169.7, 105.2)
(0.0, 175.4, 106.3)
(357.5, 181.2, 107.8)
(355.4, 184.9, 108.8)
(355.4, 184.9, 108.8)
(353.3, 186.7, 108.9)
(351.5, 189.4, 108.8)
(349.6, 192.9, 109.1)
(347.5, 195.9, 109.4)
(347.5, 195.9, 109.4)
    
(3.3, 181.5, 105.3)
(359.6, 186.5, 107.5)
(357.0, 190.7, 109.1)
(355.1, 193.5, 109.8)
(353.7, 195.1, 110.0)
(353.7, 195.1, 110.0)
(352.4, 196.7, 109.8)
(352.0, 198.7, 109.8)
(351.7, 200.6, 110.0)
(351.0, 201.8, 109.6)
    
(9.2, 185.7, 104.1)
(6.2, 188.7, 103.9)
(2.7, 191.6, 102.9)
(358.6, 195.0, 102.2)
(358.6, 195.0, 102.2)
(356.4, 198.1, 101.8)
(354.1, 201.0, 101.3)
(351.7, 203.4, 100.7)
(349.4, 205.8, 99.7)
(346.6, 207.9, 98.5)
    
(10.4, 181.4, 105.4)
(8.2, 183.1, 105.3)
(6.3, 184.9, 105.0)
(6.3, 184.9, 105.0)
(4.3, 187.2, 104.4)
(359.6, 189.9, 107.1)
(357.8, 192.3, 106.7)
(356.1, 194.6, 106.3)
(356.1, 194.6, 106.3)
(357.0, 197.3, 103.4)
    
(12.5, 185.8, 104.8)
(10.7, 189.9, 105.8)
(9.2, 193.6, 106.1)
(9.2, 193.6, 106.1)
(6.7, 196.0, 104.7)
(2.8, 197.6, 102.2)
(358.0, 199.2, 99.3)
(354.5, 201.4, 97.2)
(354.5, 201.4, 97.2)
(351.6, 203.9, 95.5)
    
(6.4, 185.9, 103.3)
(1.9, 189.0, 102.1)
(358.2, 192.0, 100.1)
(355.5, 195.6, 98.8)
(355.5, 195.6, 98.8)
(353.5, 200.7, 98.3)
(352.1, 206.4, 98.1)
(350.9, 212.2, 97.8)
(349.6, 216.8, 97.1)
(348.3, 220.0, 95.6)
    
(12.9, 171.4, 102.1)
(10.3, 175.4, 102.6)
(10.4, 180.4, 103.5)
(10.4, 184.9, 103.8)
(8.5, 187.3, 102.0)
(8.5, 187.3, 102.0)
(6.0, 189.1, 100.1)
(3.7, 191.2, 98.9)
(2.3, 194.1, 98.7)
(1.3, 197.7, 98.7)
    
(7.0, 187.3, 95.4)
(1.0, 196.1, 94.3)
(356.0, 204.2, 92.6)
(356.0, 204.2, 92.6)
(351.6, 211.5, 90.3)
(347.3, 218.1, 88.6)
(344.9, 221.8, 85.8)
(343.6, 225.2, 83.0)
(343.6, 225.2, 83.0)
(342.4, 228.7, 80.6)
    
(12.3, 168.6, 94.0)
(9.9, 176.1, 95.4)
(9.4, 183.0, 97.1)
(7.3, 189.2, 97.3)
(4.9, 195.6, 96.1)
(4.9, 195.6, 96.1)
(2.8, 202.1, 94.5)
(1.3, 207.2, 92.9)
(360.0, 212.0, 91.2)
(357.7, 216.4, 88.7)
    
(14.6, 177.1, 111.8)
(11.8, 180.5, 110.9)
(11.8, 180.5, 110.9)
(8.6, 185.8, 109.3)
(6.0, 191.5, 107.1)
(4.1, 194.6, 105.2)
(2.4, 196.6, 103.3)
(2.4, 196.6, 103.3)
(359.7, 198.0, 102.0)
(357.9, 200.0, 101.1)
    
(12.6, 190.7, 106.0)
(10.8, 194.8, 106.7)
(8.7, 197.2, 105.4)
(8.7, 197.2, 105.4)
(5.6, 198.6, 103.3)
(2.5, 200.7, 101.7)
(1.0, 204.7, 102.0)
(0.4, 209.0, 101.9)
(0.4, 209.0, 101.9)
(359.3, 212.7, 100.9)
    
(14.8, 177.7, 98.2)
(10.8, 184.7, 97.7)
(4.8, 188.4, 95.1)
(4.8, 188.4, 95.1)
(0.1, 192.0, 93.6)
(0.1, 197.8, 93.8)
(1.5, 203.4, 93.9)
(0.6, 207.8, 93.0)
(0.6, 207.8, 93.0)
(1.9, 208.3, 85.8)
    
(16.4, 184.0, 108.2)
(12.6, 188.5, 108.4)
(12.6, 188.5, 108.4)
(9.9, 192.4, 109.0)
(9.0, 196.4, 110.1)
(7.7, 200.8, 110.1)
(6.0, 204.7, 109.8)
(6.0, 204.7, 109.8)
(4.0, 207.5, 109.1)
(2.4, 209.8, 108.4)
    
(11.8, 179.5, 115.6)
(8.7, 181.6, 117.2)
(5.9, 183.2, 117.4)
(4.3, 186.3, 117.5)
(3.9, 191.1, 118.0)
(3.9, 191.1, 118.0)
(4.2, 195.3, 119.7)
(4.2, 197.8, 119.7)
(4.2, 200.0, 119.6)
(2.9, 201.7, 118.0)
    
(1.4, 176.1, 103.1)
(358.2, 178.9, 103.6)
(357.2, 183.7, 105.4)
(357.7, 187.5, 106.5)
(357.7, 187.5, 106.5)
(356.5, 188.9, 106.3)
(351.9, 188.3, 104.2)
(347.9, 188.3, 102.5)
(345.3, 189.4, 101.6)
(345.3, 189.4, 101.6)
    
(11.4, 182.8, 115.1)
(8.0, 188.1, 115.5)
(8.0, 188.1, 115.5)
(5.3, 192.5, 115.6)
(2.1, 194.8, 115.1)
(357.1, 196.1, 114.1)
(352.5, 198.0, 113.3)
(350.5, 202.7, 113.0)
(350.5, 202.7, 113.0)
(349.3, 206.9, 111.5)
    
(12.7, 180.8, 103.1)
(10.9, 186.1, 106.0)
(10.9, 186.1, 106.0)
(8.3, 188.6, 106.3)
(5.1, 190.2, 105.4)
(2.2, 193.4, 104.7)
(0.2, 197.0, 105.2)
(0.2, 197.0, 105.2)
(358.7, 198.9, 106.3)
(357.4, 199.7, 106.4)
    
(6.6, 172.2, 103.4)
(4.0, 176.0, 103.3)
(4.0, 176.0, 103.3)
(3.3, 181.3, 103.8)
(2.6, 184.2, 104.5)
(2.0, 184.7, 104.8)
(2.5, 185.6, 103.8)
(2.5, 185.6, 103.8)
(1.7, 187.2, 102.9)
(0.8, 188.5, 102.0)
    
(14.8, 175.8, 105.0)
(14.8, 175.8, 105.0)
(10.9, 182.4, 106.4)
(7.1, 189.3, 107.1)
(3.9, 193.7, 106.5)
(0.8, 197.0, 105.0)
(0.8, 197.0, 105.0)
(357.5, 199.9, 103.3)
(355.2, 202.3, 102.0)
(355.0, 204.8, 101.8)
    
(14.8, 177.3, 103.1)
(11.9, 182.7, 104.7)
(9.7, 186.9, 106.3)
(8.0, 189.8, 106.9)
(6.0, 192.2, 107.0)
(6.0, 192.2, 107.0)
(4.4, 194.4, 106.4)
(2.8, 196.2, 105.6)
(0.7, 197.7, 104.6)
(358.5, 199.5, 103.6)
    
(10.3, 179.9, 104.1)
(8.9, 182.5, 104.1)
(5.5, 185.1, 103.2)
(5.5, 185.1, 103.2)
(3.2, 188.5, 103.6)
(1.3, 192.5, 103.9)
(358.2, 196.2, 104.5)
(356.2, 198.8, 104.0)
(356.2, 198.8, 104.0)
(355.2, 201.8, 103.6)
    
(21.7, 160.5, 90.5)
(20.2, 165.7, 93.7)
(18.5, 170.9, 97.1)
(16.9, 176.0, 99.9)
(16.9, 176.0, 99.9)
(15.2, 180.1, 102.6)
(13.2, 182.9, 104.5)
(10.7, 185.4, 105.7)
(8.4, 188.6, 106.8)
(8.4, 188.6, 106.8)
    
(9.6, 180.2, 101.0)
(7.3, 186.0, 102.9)
(5.9, 190.9, 104.8)
(3.7, 194.2, 105.6)
(1.9, 197.3, 105.8)
(1.9, 197.3, 105.8)
(0.5, 199.9, 105.5)
(358.7, 202.2, 105.0)
(356.3, 204.1, 104.4)
(355.0, 206.5, 104.2)
    
(8.8, 189.6, 102.4)
(5.5, 194.1, 104.4)
(2.4, 197.3, 105.5)
(359.0, 199.9, 105.7)
(355.8, 202.4, 105.1)
(355.8, 202.4, 105.1)
(354.1, 205.0, 105.4)
(353.0, 206.7, 105.3)
(351.4, 207.4, 104.9)
(350.6, 208.4, 104.5)
    
(6.6, 176.8, 97.3)
(2.7, 178.9, 98.4)
(1.4, 182.6, 99.9)
(0.8, 186.4, 101.1)
(0.8, 186.4, 101.1)
(359.1, 188.5, 101.5)
(358.0, 190.1, 101.2)
(356.8, 192.2, 101.2)
(355.7, 194.7, 101.0)
(355.7, 194.7, 101.0)
    
(1.3, 175.3, 98.2)
(1.3, 175.3, 98.2)
(0.2, 178.7, 100.3)
(359.5, 180.8, 100.9)
(358.5, 181.9, 100.5)
(356.3, 183.1, 99.9)
(356.3, 183.1, 99.9)
(354.2, 185.5, 99.7)
(352.8, 189.4, 99.7)
(351.1, 192.8, 99.5)
    
(11.4, 177.9, 101.3)
(5.3, 182.4, 102.8)
(359.6, 185.3, 101.9)
(353.9, 187.3, 100.5)
(353.9, 187.3, 100.5)
(351.7, 190.0, 101.1)
(351.1, 193.3, 102.4)
(349.5, 195.4, 103.3)
(347.7, 197.7, 102.8)
(347.7, 197.7, 102.8)
    
(10.9, 179.9, 99.2)
(8.1, 183.8, 100.8)
(4.8, 186.3, 100.8)
(4.8, 186.3, 100.8)
(1.5, 188.3, 101.0)
(359.9, 191.0, 102.2)
(358.0, 194.3, 102.7)
(355.8, 197.9, 101.6)
(355.8, 197.9, 101.6)
(353.4, 200.8, 100.4)
    
(359.4, 168.2, 99.7)
(356.1, 171.7, 106.0)
(353.3, 174.3, 108.9)
(350.5, 177.7, 109.6)
(349.1, 181.5, 110.3)
(349.1, 181.5, 110.3)
(348.7, 185.1, 110.9)
(348.8, 188.6, 111.7)
(347.8, 191.2, 111.9)
(346.6, 193.2, 111.7)
    
(0.9, 177.9, 105.3)
(358.6, 182.5, 107.6)
(356.6, 185.6, 109.0)
(355.6, 187.9, 110.0)
(354.6, 189.7, 110.3)
(354.6, 189.7, 110.3)
(353.7, 191.3, 110.7)
(352.3, 193.4, 111.3)
(351.1, 195.6, 111.9)
(350.3, 198.3, 112.4)
    
(358.2, 184.7, 106.5)
(354.5, 187.0, 106.9)
(352.8, 190.2, 107.5)
(350.4, 192.4, 107.6)
(350.4, 192.4, 107.6)
(348.1, 194.2, 107.2)
(345.7, 196.1, 106.9)
(344.0, 198.2, 107.2)
(342.6, 200.5, 107.6)
(342.6, 200.5, 107.6)
    
(14.0, 182.0, 108.1)
(14.0, 182.0, 108.1)
(8.4, 186.0, 107.4)
(4.3, 188.8, 105.8)
(0.3, 191.8, 105.1)
(359.2, 194.8, 106.2)
(359.2, 194.8, 106.2)
(359.7, 198.1, 108.3)
(358.7, 200.9, 107.9)
(356.1, 204.1, 106.4)
    
(18.2, 175.7, 107.9)
(14.7, 176.8, 107.2)
(11.2, 177.3, 106.3)
(8.2, 178.3, 106.5)
(8.2, 178.3, 106.5)
(7.0, 180.7, 108.5)
(7.9, 183.9, 110.6)
(8.1, 186.4, 111.0)
(7.1, 187.5, 110.0)
(7.1, 187.5, 110.0)
    
(21.9, 187.2, 116.8)
(18.5, 189.3, 117.7)
(15.4, 188.7, 116.5)
(15.4, 188.7, 116.5)
(12.3, 188.0, 113.8)
(8.8, 189.2, 111.8)
(6.2, 191.9, 111.4)
(4.0, 194.6, 111.9)
(4.0, 194.6, 111.9)
(2.4, 196.9, 111.9)
    
(30.4, 179.2, 114.8)
(26.2, 182.5, 115.1)
(20.8, 186.3, 114.7)
(20.8, 186.3, 114.7)
(14.4, 189.7, 113.4)
(11.2, 191.2, 112.7)
(9.8, 192.8, 112.7)
(9.1, 193.3, 111.9)
(9.1, 193.3, 111.9)
(7.0, 194.8, 110.7)
    
(12.8, 183.0, 102.5)
(12.8, 183.0, 102.5)
(10.4, 187.0, 104.4)
(8.4, 189.3, 105.4)
(6.8, 191.0, 105.5)
(4.7, 192.9, 105.2)
(4.7, 192.9, 105.2)
(2.9, 195.8, 105.1)
(1.2, 198.2, 105.1)
(359.5, 200.1, 104.5)
    
(22.4, 179.4, 101.9)
(18.9, 180.5, 100.7)
(15.2, 182.0, 100.2)
(15.2, 182.0, 100.2)
(12.8, 183.6, 100.3)
(10.7, 185.5, 100.7)
(7.7, 187.9, 101.0)
(4.0, 190.6, 101.6)
(4.0, 190.6, 101.6)
(2.0, 193.6, 101.6)
    
(18.9, 168.1, 96.0)
(15.4, 172.2, 97.6)
(13.6, 179.3, 101.5)
(13.6, 179.3, 101.5)
(12.7, 184.3, 104.9)
(11.8, 187.4, 106.7)
(10.2, 188.4, 105.9)
(7.9, 188.3, 104.0)
(7.9, 188.3, 104.0)
(6.3, 189.1, 102.8)
    
(18.1, 188.0, 108.6)
(16.9, 186.4, 108.1)
(15.2, 186.2, 106.5)
(13.5, 189.3, 106.1)
(11.5, 194.2, 107.6)
(11.5, 194.2, 107.6)
(10.0, 198.1, 108.6)
(8.7, 201.8, 109.8)
(7.0, 204.5, 110.0)
(7.0, 204.5, 110.0)
    
(12.5, 172.8, 93.0)
(9.9, 175.4, 95.3)
(9.7, 178.1, 98.2)
(9.7, 178.1, 98.2)
(8.6, 181.8, 100.0)
(6.6, 185.8, 100.4)
(3.0, 189.9, 101.0)
(0.1, 192.4, 99.7)
(0.1, 192.4, 99.7)
(358.3, 194.3, 98.9)
    
(22.4, 179.3, 107.0)
(20.0, 182.5, 107.4)
(20.0, 182.5, 107.4)
(18.3, 185.7, 107.3)
(16.5, 187.3, 106.8)
(14.9, 188.7, 105.8)
(13.3, 190.6, 104.8)
(13.3, 190.6, 104.8)
(10.6, 193.0, 104.7)
(9.7, 196.4, 105.4)
    
(22.6, 182.8, 105.3)
(22.6, 182.8, 105.3)
(20.5, 184.4, 105.3)
(19.0, 186.8, 105.6)
(16.7, 189.1, 105.1)
(16.7, 189.1, 105.1)
(13.7, 191.3, 103.6)
(11.8, 193.2, 102.6)
(10.0, 194.1, 102.1)
(8.9, 195.5, 102.2)
    
(23.9, 181.2, 101.3)
(19.8, 183.4, 101.1)
(18.4, 186.3, 101.8)
(17.7, 188.4, 102.2)
(17.7, 188.4, 102.2)
(16.5, 189.5, 101.4)
(13.7, 190.2, 99.2)
(11.5, 191.7, 97.4)
(9.7, 193.5, 96.3)
(9.7, 193.5, 96.3)
    
(20.4, 183.9, 100.7)
(18.3, 188.3, 102.6)
(15.6, 190.7, 102.2)
(12.5, 192.8, 101.6)
(12.5, 192.8, 101.6)
(11.0, 196.4, 102.3)
(10.8, 201.3, 103.8)
(10.7, 204.4, 104.4)
(9.5, 205.2, 102.6)
(9.5, 205.2, 102.6)
    
(13.7, 182.0, 98.8)
(13.2, 186.5, 101.3)
(12.4, 189.6, 102.5)
(12.4, 189.6, 102.5)
(10.6, 191.7, 101.8)
(8.4, 193.5, 99.8)
(6.5, 195.3, 98.1)
(5.2, 197.1, 97.2)
(5.2, 197.1, 97.2)
(4.5, 199.1, 96.3)
    
(9.2, 172.8, 100.6)
(9.2, 172.8, 100.6)
(6.8, 176.0, 102.2)
(6.3, 180.5, 104.5)
(6.1, 185.3, 106.9)
(5.0, 187.5, 106.7)
(5.0, 187.5, 106.7)
(3.6, 189.4, 105.4)
(1.4, 191.0, 103.7)
(359.5, 192.6, 102.4)
    
(18.0, 173.6, 96.6)
(14.0, 177.4, 99.0)
(10.1, 180.7, 99.9)
(10.1, 180.7, 99.9)
(6.4, 183.4, 100.3)
(3.1, 185.6, 101.7)
(1.7, 188.9, 103.6)
(0.3, 191.7, 103.8)
(0.3, 191.7, 103.8)
(358.1, 193.5, 102.5)
    
(9.6, 174.6, 106.0)
(5.6, 177.7, 107.3)
(3.8, 179.7, 109.6)
(3.4, 182.1, 111.3)
(3.3, 184.1, 112.7)
(3.3, 184.1, 112.7)
(2.4, 186.1, 113.7)
(0.4, 188.5, 114.8)
(357.8, 190.7, 115.2)
(354.9, 192.7, 115.1)
    
(12.2, 180.5, 99.7)
(8.6, 187.1, 103.1)
(6.4, 193.5, 105.9)
(3.8, 197.0, 106.1)
(3.8, 197.0, 106.1)
(360.0, 198.2, 104.6)
(357.0, 199.7, 103.1)
(354.6, 201.5, 102.7)
(353.5, 203.8, 103.3)
(353.5, 203.8, 103.3)
    
(5.5, 180.8, 101.0)
(2.6, 182.0, 99.7)
(2.6, 182.0, 99.7)
(0.1, 183.2, 98.4)
(358.6, 185.6, 98.1)
(357.8, 189.0, 98.9)
(357.8, 189.0, 98.9)
(357.4, 192.2, 100.1)
(358.0, 193.0, 99.1)
(355.7, 195.8, 98.9)
    
(6.3, 180.7, 105.5)
(4.6, 183.2, 107.4)
(3.1, 185.3, 108.3)
(2.1, 187.9, 109.4)
(1.4, 190.8, 110.5)
(1.4, 190.8, 110.5)
(1.1, 193.7, 112.0)
(1.3, 195.7, 112.8)
(0.2, 197.0, 112.5)
(357.7, 198.8, 111.8)
    
(4.1, 174.9, 105.6)
(1.5, 178.0, 107.7)
(358.8, 180.2, 108.5)
(358.8, 180.2, 108.5)
(356.5, 182.4, 109.0)
(354.2, 184.3, 110.1)
(352.3, 187.7, 111.6)
(352.3, 187.7, 111.6)
(350.9, 193.0, 112.6)
(349.2, 198.3, 112.4)
    
(15.1, 179.9, 105.6)
(9.9, 184.9, 108.3)
(4.0, 188.5, 109.5)
(4.0, 188.5, 109.5)
(358.7, 190.7, 110.9)
(355.0, 193.6, 112.0)
(353.1, 199.3, 112.4)
(350.8, 205.1, 112.3)
(350.8, 205.1, 112.3)
(348.3, 209.6, 111.5)
    
(21.1, 189.1, 114.0)
(15.4, 191.6, 113.5)
(10.5, 193.7, 113.6)
(6.2, 196.6, 114.7)
(6.2, 196.6, 114.7)
(4.0, 198.7, 115.4)
(2.4, 199.7, 115.2)
(359.9, 200.7, 114.3)
(356.3, 202.2, 113.5)
(356.3, 202.2, 113.5)
    
(13.7, 180.8, 112.0)
(10.6, 182.1, 111.6)
(6.8, 183.7, 111.4)
(6.8, 183.7, 111.4)
(5.6, 186.4, 113.0)
(6.0, 188.4, 114.2)
(4.6, 188.6, 114.1)
(2.5, 188.2, 113.8)
(2.5, 188.2, 113.8)
(1.3, 189.1, 113.9)
    
(17.6, 167.0, 101.1)
(14.5, 172.8, 104.8)
(11.0, 178.6, 107.6)
(11.0, 178.6, 107.6)
(7.6, 183.1, 109.2)
(3.6, 184.9, 108.4)
(357.9, 185.0, 105.7)
(353.7, 186.0, 104.9)
(353.7, 186.0, 104.9)
(351.3, 189.2, 105.7)
    
(2.3, 184.1, 102.1)
(0.2, 188.4, 104.2)
(358.3, 190.7, 103.9)
(356.0, 192.1, 103.3)
(354.4, 194.2, 103.2)
(354.4, 194.2, 103.2)
(353.3, 197.1, 104.2)
(352.5, 199.6, 104.7)
(351.5, 201.6, 104.5)
(349.7, 203.0, 103.3)
    
(17.5, 167.4, 98.9)
(13.2, 170.0, 100.6)
(13.2, 170.0, 100.6)
(9.0, 173.1, 101.7)
(6.7, 176.5, 102.9)
(5.9, 179.2, 103.9)
(4.9, 181.0, 104.7)
(4.9, 181.0, 104.7)
(3.6, 182.8, 105.2)
(1.7, 185.3, 105.4)
    
(11.6, 180.8, 101.7)
(8.4, 185.4, 104.3)
(8.4, 185.4, 104.3)
(5.6, 188.1, 105.0)
(1.7, 190.4, 104.7)
(357.9, 193.2, 104.1)
(353.8, 196.5, 103.2)
(353.8, 196.5, 103.2)
(351.5, 200.4, 103.0)
(349.9, 203.7, 102.3)
    
(17.7, 176.8, 105.1)
(13.3, 182.9, 111.2)
(10.6, 185.2, 115.0)
(10.6, 185.2, 115.0)
(9.8, 184.7, 116.5)
(10.1, 185.7, 117.9)
(9.2, 189.1, 118.7)
(9.1, 192.4, 119.4)
(9.1, 192.4, 119.4)
(9.3, 194.8, 118.5)
    
(358.5, 181.4, 100.2)
(356.3, 184.5, 101.8)
(354.6, 187.2, 103.0)
(352.7, 189.1, 103.4)
(350.8, 190.7, 103.3)
(350.8, 190.7, 103.3)
(349.1, 190.9, 103.6)
(347.2, 192.5, 103.0)
(346.1, 194.6, 102.7)
(343.0, 197.9, 101.6)
    
(20.6, 177.0, 105.5)
(18.4, 179.6, 108.7)
(17.2, 183.0, 110.8)
(14.7, 185.4, 110.9)
(14.7, 185.4, 110.9)
(12.0, 186.9, 110.1)
(9.2, 189.1, 109.9)
(7.4, 191.4, 109.7)
(7.4, 191.4, 109.7)
(6.3, 193.1, 109.5)
    
(9.1, 180.7, 111.6)
(5.7, 181.8, 111.8)
(4.7, 184.3, 111.8)
(3.9, 185.8, 112.2)
(3.9, 185.8, 112.2)
(2.7, 188.1, 112.1)
(0.2, 191.2, 111.5)
(357.8, 193.8, 111.5)
(356.0, 195.8, 111.7)
(356.0, 195.8, 111.7)
    
(15.8, 185.5, 110.4)
(13.8, 189.3, 112.0)
(10.9, 193.7, 111.8)
(7.9, 197.6, 111.1)
(7.9, 197.6, 111.1)
(6.3, 200.5, 109.8)
(4.6, 202.4, 107.9)
(2.3, 203.5, 105.8)
(0.3, 205.3, 104.2)
(0.3, 205.3, 104.2)
    
(15.5, 178.3, 96.5)
(9.8, 182.4, 99.5)
(4.9, 187.6, 102.6)
(4.9, 187.6, 102.6)
(0.2, 193.7, 106.1)
(356.3, 198.8, 108.3)
(354.4, 204.3, 109.2)
(352.6, 210.5, 108.3)
(352.6, 210.5, 108.3)
(350.3, 215.3, 106.1)
    
(16.8, 171.5, 103.7)
(16.0, 174.7, 106.3)
(15.5, 178.3, 109.0)
(13.5, 180.5, 108.7)
(10.2, 182.0, 107.9)
(10.2, 182.0, 107.9)
(8.4, 184.6, 107.9)
(7.2, 188.1, 108.7)
(6.9, 190.4, 109.7)
(6.9, 190.4, 109.7)
    
(25.6, 180.7, 114.6)
(25.6, 180.7, 114.6)
(24.7, 179.6, 113.0)
(24.1, 181.6, 114.1)
(23.4, 186.0, 115.8)
(21.3, 189.0, 116.4)
(21.3, 189.0, 116.4)
(18.7, 191.2, 115.7)
(17.2, 192.9, 115.4)
(17.4, 195.5, 115.8)
    
(28.1, 179.7, 98.7)
(22.8, 182.5, 100.1)
(22.8, 182.5, 100.1)
(21.2, 188.7, 103.2)
(19.2, 193.7, 105.7)
(15.3, 196.4, 106.6)
(12.1, 199.2, 105.8)
(12.1, 199.2, 105.8)
(9.6, 202.3, 103.8)
(5.9, 204.9, 101.1)
    
(31.9, 178.7, 110.0)
(30.5, 182.0, 112.6)
(27.6, 184.1, 112.2)
(23.6, 185.0, 109.4)
(23.6, 185.0, 109.4)
(19.6, 184.9, 106.9)
(17.7, 184.4, 106.3)
(17.6, 185.0, 106.8)
(17.4, 186.7, 107.0)
(17.4, 186.7, 107.0)
    
(28.1, 180.8, 118.0)
(27.1, 183.0, 119.0)
(24.3, 183.8, 118.2)
(24.3, 183.8, 118.2)
(22.0, 184.6, 117.3)
(20.6, 186.2, 117.9)
(20.4, 187.9, 119.1)
(20.1, 189.7, 119.6)
(20.1, 189.7, 119.6)
(19.7, 191.6, 120.0)
    
(34.4, 180.1, 113.3)
(34.4, 180.1, 113.3)
(31.7, 182.2, 114.2)
(30.1, 184.1, 114.8)
(28.3, 184.6, 115.4)
(26.7, 186.5, 115.3)
(26.7, 186.5, 115.3)
(24.9, 189.4, 114.9)
(22.7, 191.8, 114.3)
(19.9, 193.8, 113.4)
    
(22.2, 178.7, 113.1)
(19.9, 181.5, 115.0)
(18.8, 186.6, 118.7)
(18.0, 190.8, 121.0)
(18.0, 190.8, 121.0)
(17.0, 193.0, 122.1)
(16.6, 193.7, 121.2)
(15.6, 193.9, 120.1)
(14.3, 195.6, 119.0)
(14.3, 195.6, 119.0)
    
(24.1, 179.5, 113.7)
(21.0, 183.4, 115.4)
(18.9, 184.5, 115.7)
(18.9, 184.5, 115.7)
(16.8, 184.2, 115.5)
(15.2, 186.0, 116.9)
(14.5, 189.2, 118.6)
(14.5, 192.7, 119.8)
(14.5, 192.7, 119.8)
(14.0, 194.0, 119.4)
    
(19.9, 184.7, 116.7)
(18.0, 187.6, 118.2)
(18.0, 187.6, 118.2)
(17.1, 190.3, 120.1)
(17.9, 191.2, 122.1)
(17.9, 191.5, 122.1)
(16.5, 191.5, 121.6)
(16.5, 191.5, 121.6)
(15.7, 192.3, 120.8)
(14.9, 192.7, 120.4)
    
(27.4, 186.5, 121.2)
(26.2, 189.9, 123.7)
(25.8, 191.4, 124.8)
(25.8, 191.4, 124.8)
(25.8, 192.0, 125.2)
(24.9, 192.6, 124.9)
(23.5, 194.4, 125.2)
(22.2, 195.8, 125.1)
(22.2, 195.8, 125.1)
(21.0, 195.6, 124.1)
    
(27.1, 179.7, 119.5)
(27.1, 179.7, 119.5)
(25.8, 183.6, 121.4)
(24.6, 184.2, 120.8)
(23.3, 185.6, 120.6)
(22.2, 188.0, 121.4)
(22.2, 188.0, 121.4)
(21.4, 190.6, 122.4)
(20.7, 192.1, 122.8)
(19.9, 191.8, 122.0)
    
(26.4, 180.9, 120.5)
(25.1, 184.1, 124.4)
(24.7, 187.4, 127.0)
(25.1, 188.1, 127.0)
(24.2, 187.1, 124.4)
(24.2, 187.1, 124.4)
(22.8, 186.9, 122.5)
(22.0, 187.6, 122.2)
(21.4, 188.0, 121.9)
(20.5, 187.0, 120.9)
    
(27.5, 184.2, 119.2)
(24.6, 186.1, 119.6)
(21.9, 186.7, 119.1)
(19.7, 187.5, 118.7)
(18.5, 187.1, 118.3)
(18.5, 187.1, 118.3)
(18.4, 186.8, 118.6)
(18.5, 187.4, 118.8)
(18.2, 188.8, 119.1)
(18.2, 188.8, 119.1)
    
(28.7, 178.2, 117.5)
(28.7, 178.2, 117.5)
(26.6, 177.6, 117.4)
(24.4, 177.8, 116.7)
(22.7, 179.9, 116.9)
(22.3, 183.3, 118.7)
(22.3, 183.3, 118.7)
(22.4, 185.7, 120.5)
(21.9, 186.4, 121.1)
(21.3, 186.5, 120.8)
    
(26.0, 172.2, 108.7)
(23.9, 175.9, 110.9)
(23.8, 179.3, 114.2)
(23.5, 181.1, 116.7)
(22.7, 181.2, 117.9)
(22.7, 181.2, 117.9)
(21.4, 182.4, 118.4)
(20.3, 184.7, 119.5)
(19.5, 187.2, 120.8)
(18.6, 188.8, 121.5)
    
(25.1, 180.6, 112.1)
(23.6, 181.6, 114.2)
(22.9, 183.5, 115.9)
(22.3, 185.2, 116.4)
(21.1, 187.1, 116.6)
(21.1, 187.1, 116.6)
(19.5, 188.7, 117.0)
(17.5, 190.7, 117.5)
(15.4, 191.8, 117.4)
(13.8, 191.8, 116.8)
    
(20.7, 182.1, 111.7)
(19.8, 183.3, 112.9)
(18.2, 185.0, 113.4)
(18.2, 185.0, 113.4)
(16.7, 187.9, 113.8)
(14.8, 190.4, 114.3)
(13.1, 192.0, 114.4)
(11.8, 193.1, 114.7)
(11.8, 193.1, 114.7)
(10.5, 194.1, 114.9)
    
(27.7, 185.3, 117.1)
(26.3, 186.1, 118.2)
(24.7, 186.7, 118.4)
(22.7, 187.3, 118.2)
(21.1, 188.5, 118.2)
(21.1, 188.5, 118.2)
(19.8, 190.3, 118.7)
(18.8, 192.4, 119.2)
(17.5, 193.3, 119.4)
(15.8, 194.5, 118.9)
    
(21.5, 172.0, 107.7)
(20.1, 173.8, 108.2)
(19.0, 176.4, 110.1)
(18.0, 179.8, 112.5)
(18.0, 179.8, 112.5)
(17.0, 182.1, 114.5)
(16.1, 184.1, 116.2)
(15.0, 184.7, 117.0)
(14.4, 186.2, 117.7)
(14.4, 186.2, 117.7)
    
(26.1, 183.5, 119.5)
(24.5, 185.8, 120.4)
(22.6, 186.8, 119.9)
(20.5, 186.8, 119.1)
(18.9, 188.4, 119.2)
(18.9, 188.4, 119.2)
(17.3, 190.3, 119.6)
(15.5, 191.9, 119.8)
(13.8, 192.3, 119.0)
(13.8, 192.3, 119.0)
    
(25.4, 179.9, 119.5)
(24.1, 181.1, 119.8)
(23.4, 182.0, 120.0)
(23.0, 183.0, 120.3)
(22.3, 183.9, 120.1)
(22.3, 183.9, 120.1)
(21.4, 184.8, 119.5)
(20.2, 185.2, 119.1)
(19.4, 186.3, 119.4)
(18.3, 187.6, 119.9)
    
(30.8, 179.3, 118.6)
(27.8, 179.9, 117.6)
(26.7, 180.4, 117.3)
(24.9, 180.7, 116.8)
(24.9, 180.7, 116.8)
(22.3, 180.2, 115.8)
(19.7, 179.7, 114.8)
(16.9, 179.6, 113.9)
(14.6, 180.2, 113.7)
(14.6, 180.2, 113.7)
    
(37.3, 179.6, 124.2)
(36.6, 183.2, 127.8)
(34.9, 184.4, 128.8)
(34.9, 184.4, 128.8)
(32.5, 184.5, 128.7)
(30.5, 184.7, 128.1)
(29.7, 186.0, 128.4)
(28.3, 187.2, 128.1)
(28.3, 187.2, 128.1)
(25.8, 187.9, 127.2)
    
(28.1, 178.7, 120.2)
(25.2, 180.6, 121.8)
(22.3, 181.8, 123.6)
(20.8, 183.7, 124.8)
(20.8, 183.7, 124.8)
(20.2, 186.9, 125.9)
(20.4, 188.9, 125.9)
(20.1, 189.4, 125.2)
(18.9, 190.0, 124.4)
(18.9, 190.0, 124.4)
    
(29.2, 176.5, 115.3)
(27.3, 179.1, 116.9)
(26.8, 182.0, 118.9)
(25.3, 184.4, 120.2)
(23.1, 185.7, 120.5)
(23.1, 185.7, 120.5)
(20.8, 186.9, 120.2)
(18.8, 187.9, 119.5)
(17.0, 188.3, 118.9)
(15.5, 188.3, 117.9)
    
(23.2, 185.2, 120.0)
(20.8, 188.1, 121.3)
(18.4, 190.3, 122.9)
(15.5, 191.0, 123.4)
(12.7, 191.7, 123.5)
(12.7, 191.7, 123.5)
(10.7, 194.0, 123.5)
(8.9, 196.9, 123.4)
(6.3, 199.3, 122.7)
(3.6, 200.0, 121.9)
    
(21.3, 183.7, 124.3)
(21.3, 183.7, 124.3)
(19.5, 186.4, 126.3)
(18.0, 188.7, 127.9)
(17.3, 189.7, 127.9)
(17.3, 189.7, 127.9)
(16.6, 190.0, 127.1)
(15.6, 190.0, 126.1)
(14.5, 190.2, 125.1)
(12.8, 190.7, 124.2)
    
(24.5, 175.0, 117.0)
(23.9, 177.6, 119.8)
(23.6, 180.3, 121.2)
(21.9, 182.3, 121.7)
(20.1, 183.0, 121.4)
(20.1, 183.0, 121.4)
(18.5, 183.3, 120.8)
(17.6, 183.7, 120.3)
(16.5, 183.9, 119.6)
(14.8, 183.7, 118.9)
    
(17.9, 173.3, 106.9)
(15.0, 176.6, 108.1)
(12.7, 179.7, 109.6)
(12.7, 179.7, 109.6)
(11.7, 182.1, 111.1)
(10.4, 183.5, 112.0)
(8.7, 185.0, 112.3)
(6.3, 186.4, 112.8)
(6.3, 186.4, 112.8)
(4.7, 188.1, 113.3)
    
(28.6, 183.4, 119.8)
(26.6, 183.3, 119.7)
(24.5, 184.2, 119.9)
(22.7, 185.6, 120.4)
(20.9, 187.2, 121.7)
(19.5, 188.1, 122.3)
(19.5, 188.1, 122.3)
(18.3, 188.9, 122.6)
(15.7, 189.1, 121.9)
(13.2, 189.9, 121.3)
    
/n
