    
    
    
    
    
    
    
    
    
    
0.1221345
0.1157442
0
0.1271249
0.1229071
0.1069081
0.09612467
0
0.07431825
    
0.1722494
0
0.1499136
0.1351695
0.1258813
0.08109035
0
0.06846766
0.04790235
    
0.1731754
0.1580403
0.1361916
0
0.1119711
0.08858013
0.06720763
0.05014573
0
    
0.2309838
0.1568138
0.1396459
0
0.08446929
0.08327642
0.0683275
0.04677434
0
    
0.2011898
0
0.1966848
0.1338564
0.1167907
0.08287821
0
0.07916012
0.05709454
    
0
0.187427
0.1685971
0.1453836
0.1209178
0
0.0776247
0.06671523
0.05263243
    
0.1795395
0
0.1762605
0.1556288
0.131007
0.1003897
0
0.088409
0.07055237
    
0.1953773
0
0.1657016
0.1559113
0.1308954
0.1029821
0
0.0791179
0.06383073
    
0.2092712
0.2041266
0.1399832
0.1394141
0
0.09942994
0.09128442
0.06340442
0.05482868
    
0.1909408
0
0.1721875
0.1404996
0.1090768
0.09804566
0
0.08278772
0.066999
    
0.1574925
0
0.1743131
0.1654188
0.1427282
0.1293432
0
0.1061617
0.08604705
    
0.1713019
0.1606482
0.1230876
0.1141718
0
0.1027666
0.08267526
0.06664938
0.05621672
    
0.150298
0.1345892
0
0.107241
0.1047781
0.06774948
0.06319319
0
0.05181816
    
0.1587814
0
0.1606184
0.1545696
0.1353187
0.1031403
0
0.07267817
0.04785747
    
0.1232486
0
0.1173333
0.1102792
0.1112721
0.104316
0
0.08521616
0.06615945
    
0.2184392
0.18421
0.1509241
0
0.1194912
0.09343919
0.07051999
0.05465392
0
    
0.2040242
0.1888471
0
0.1223288
0.1023202
0.06465219
0.04713228
0
0.04031861
    
0.1774361
0
0.1729117
0.1247991
0.1103596
0.07355623
0
0.0636759
0.0539012
    
0.1654731
0.1596977
0.1520135
0
0.1119864
0.09330043
0.07750491
0.07000031
0
    
0.152244
0.1283307
0
0.1235265
0.09799481
0.09679928
0.07772159
0
0.06473031
    
0.1326267
0
0.1258431
0.1107732
0.1082687
0.08972025
0
0.07749645
0.06394909
    
0.2147715
0.1943832
0.1503977
0.1119797
0
0.08994222
0.07412163
0.06114944
0.04911589
    
0.2225306
0.1868205
0
0.1423268
0.1190781
0.08525021
0.06168838
0
0.04934558
    
0
0.140432
0.1385129
0.124788
0.1263493
0
0.102692
0.09701703
0.08294876
    
0.1270746
0.1292426
0.1120356
0
0.09840114
0.08562588
0.06193555
0.05388412
0
    
0
0.1283359
0.112227
0.1013554
0.08520151
0
0.08373245
0.07262047
0.06900545
    
0.1715577
0.1547747
0.1291746
0.1057824
0
0.0873339
0.08818802
0.07259601
0.0580553
    
0.1614766
0.1506923
0
0.1400767
0.1349569
0.1195687
0.1054769
0
0.09014009
    
0.1556178
0
0.1080195
0.1247187
0.115069
0.06672641
0
0.07022255
0.05271694
    
0.1425412
0
0.1487776
0.1111515
0.09817718
0.08104049
0
0.06407469
0.05007051
    
0.1421683
0.1482953
0.1246445
0.115386
0
0.1039371
0.0801485
0.07509854
0.05769501
    
0.1475612
0.1400427
0.1257992
0
0.1348476
0.1061775
0.08327916
0.07176591
0
    
0.1571258
0
0.1500161
0.1335275
0.1132435
0.09230331
0
0.07284027
0.05671069
    
0.1612633
0.1661606
0.142882
0.1085223
0
0.0902356
0.05865492
0.04941308
0.04386621
    
0.1564908
0.1359902
0.1322223
0
0.113787
0.104957
0.09788149
0.07214081
0
    
0.1082781
0
0.08960257
0.08592051
0.07648341
0.06869962
0
0.07225413
0.05804403
    
0.1589539
0.1440735
0.1307335
0.1186041
0
0.1087093
0.1022686
0.07927981
0.07052052
    
0.1289237
0.1246902
0.1152999
0
0.107253
0.0989996
0.08992526
0.08097551
0
    
0
0.1366853
0.1151
0.1046212
0.1028489
0.08555437
0
0.08254624
0.07242948
    
0.1571644
0.1425484
0.1329456
0.1232622
0
0.1081141
0.08705565
0.08322845
0.06751768
    
0.1648792
0.1650807
0
0.1341341
0.1211518
0.107046
0.08295321
0
0.07507682
    
0.1435344
0
0.1272938
0.1254696
0.118953
0.1100554
0
0.095607
0.07660677
    
0.1582202
0.129531
0.117236
0.1135691
0
0.08949055
0.08250051
0.07001784
0.05615253
    
0.1391953
0.1327527
0
0.1193587
0.1087537
0.08415901
0.07268814
0
0.06804617
    
0.1471331
0.153052
0.1308787
0
0.1252049
0.1109429
0.09477555
0.07731782
0
    
0.1635763
0.1605014
0.147453
0
0.1374042
0.1183548
0.09501325
0
0.07863853
    
0.1199685
0.1097899
0.1023739
0
0.09759797
0.08963308
0.07036839
0.06584311
0
    
0.1327832
0.1292738
0
0.1205143
0.1131693
0.09160079
0.0875725
0
0.0725636
    
0.1438405
0.124954
0.1185446
0
0.1031236
0.08773013
0.08124905
0.07325285
0
    
0.1401729
0.1296517
0
0.1132097
0.1107777
0.1005891
0.0898394
0
0.08909321
    
0.1258931
0.1195946
0.1151317
0.1087986
0
0.09681088
0.08125976
0.0688955
0.05577444
    
0.159083
0.1325333
0
0.1228511
0.08645212
0.0786275
0.05831011
0
0.05074193
    
0.1514657
0.1494596
0.1250224
0.1180039
0
0.09964076
0.08245244
0.06566762
0.06225229
    
0
0.1285402
0.1078304
0.116888
0
0.1029575
0.08293336
0.06340881
0.05966982
    
0.1252855
0.1132004
0.1210223
0
0.1024085
0.1045801
0.0691573
0.05813272
0
    
0
0.1669288
0.1527217
0.157836
0.1170359
0
0.1056425
0.07623468
0.06777795
    
0.1647087
0.1425576
0.1422275
0.117053
0
0.09449317
0.08330416
0.0712642
0.07148215
    
0.1494061
0.1521218
0
0.1342012
0.101898
0.08689648
0.07508302
0
0.06353489
    
0
0.08012524
0.07659224
0.07995433
0.07932261
0
0.07662802
0.06804928
0.05577218
    
0.1092394
0.08977126
0.08398883
0
0.06268518
0.05848202
0.04626077
0.04597215
0
    
0.1137415
0
0.1004081
0.07995361
0.06911986
0.05696786
0
0.04192058
0.03252427
    
0.0923211
0
0.0871935
0.05518293
0.05129685
0.04562128
0
0.037177
0.03442582
    
0
0.1067965
0.09848739
0.08291699
0.06968123
0
0.05648754
0.04510529
0.03726282
    
0.1447856
0.1300427
0.105028
0
0.09180734
0.07028682
0.05308786
0
0.03629056
    
0.08643682
0
0.09090263
0.0882908
0.09060683
0.08429617
0.07081023
0
0.05177547
    
0
0.1383518
0.1271155
0.09938747
0.06637999
0
0.04281304
0.03172911
0.02776595
    
0.154881
0.1243608
0
0.1090391
0.08317987
0.06422244
0.05492974
0
0.05379589
    
0.08619615
0
0.06411113
0.05645948
0.04423841
0.04009332
0
0.03033357
0.0271764
    
0
0.08226325
0.08020093
0.07409669
0.05529781
0
0.04993226
0.04272652
0.03542925
    
0.1167009
0.09671033
0.08647516
0
0.07325506
0.04814123
0.03874317
0.03819555
0
    
0.09063913
0
0.09120315
0.08782299
0.06649221
0.05678387
0
0.04452137
0.03957628
    
0.1132347
0.09993204
0.08038978
0.07538892
0
0.05759373
0.0475971
0.03544364
0.03334215
    
0.1151935
0.1073608
0
0.09135011
0.07769289
0.06527553
0.05144726
0
0.0441016
    
0.1172168
0.1135235
0
0.1040177
0.07340286
0.06151494
0
0.04823722
0.04055157
    
0.1484321
0.1399098
0.1162056
0.07860883
0
0.06265589
0.03995949
0.03251546
0.03034888
    
0.1316393
0.1034825
0.09297708
0
0.07746936
0.06166622
0.05922607
0.04645491
0
    
0.1291453
0
0.1041024
0.09045573
0.08392487
0.06430795
0
0.04835288
0.04117057
    
0
0.1044776
0.1035583
0.09535363
0.08123536
0
0.06703833
0.0427664
0.03506195
    
0.1438626
0.1493829
0
0.1409796
0.1229869
0.0988707
0.0768054
0
0.05818815
    
0.1650573
0.1525497
0
0.1334411
0.1205233
0.09772495
0.09830423
0
0.08781482
    
0.1642774
0.1585943
0.1469477
0.1274643
0
0.105413
0.0869754
0.07124276
0.05847687
    
0.1622872
0.156358
0
0.1698922
0.1396605
0.1077581
0.06859876
0
0.0499695
    
0.1213155
0.1156768
0.102857
0
0.08960876
0.07124086
0.06141021
0.04888597
0
    
0.1449389
0.1272316
0.1103777
0
0.09231322
0.08143961
0.08659294
0.07536361
0
    
0.1507985
0
0.1367141
0.1242601
0.08920671
0.07606785
0
0.05878928
0.04754135
    
0.1338827
0.1319531
0
0.1190789
0.1042102
0.08876568
0
0.07634111
0.06627076
    
0.1636538
0.1682495
0.1488384
0
0.1176531
0.08600526
0.06189533
0.04877245
0
    
0.1606368
0.1449212
0.1237336
0
0.09825842
0.09464506
0.06880766
0.06469789
0
    
0.1137055
0
0.1002396
0.09823359
0.09603141
0.09406108
0
0.07249289
0.06671887
    
0.173071
0
0.1473143
0.127982
0.1027271
0.06997738
0
0.06244483
0.04750131
    
0.1167375
0.1154402
0.1211544
0
0.1191285
0.1084765
0.08738209
0.07990829
0
    
0.1225521
0
0.1207531
0.1108939
0.1001103
0.08653805
0
0.07111504
0.05507335
    
0.1191364
0
0.1211474
0.100822
0.09512839
0.08190306
0
0.06702254
0.05475232
    
0.1059048
0.1029361
0.1022704
0.08376062
0
0.08925152
0.08405595
0.07465988
0.07469799
    
0.1151773
0.09874441
0
0.1017191
0.08492539
0.08034597
0.07243895
0
0.06722499
    
0.1396263
0
0.1145459
0.0881169
0.065875
0.05367313
0
0.05142811
0.04787278
    
0
0.1411835
0.1311236
0.10846
0.08435835
0
0.06733219
0.05937744
0.05009712
    
0.1431206
0.1384017
0
0.1305107
0.1150806
0.09204101
0.08259968
0
0.0754438
    
0.1132472
0
0.103719
0.1001225
0.08180557
0.07483879
0
0.06467924
0.05417427
    
/n
0.08534364
0.09116331
0
0.07552108
0.07251091
0.04902607
0.04336704
0
0.03282976
    
0.1156452
0
0.1131359
0.1022541
0.07523189
0.07060958
0
0.05908504
0.05680734
    
0
0.1145706
0.09611142
0.0789628
0.06524675
0
0.05479213
0.04315821
0.03903876
    
0.1514303
0.131505
0.1096906
0.08915491
0
0.0782891
0.06237728
0.06024966
0.05383253
    
0.1328697
0.1416469
0
0.11569
0.1113799
0.08014527
0.06587712
0
0.05377394
    
0.1215551
0.1158821
0.09488133
0.08752426
0
0.08870139
0.07209449
0.06524607
0.05583828
    
0.1298257
0.1200392
0.1064351
0.07629373
0
0.06622956
0.05916785
0.05269092
0.05320818
    
0.1612836
0.1363556
0.1261659
0
0.1050887
0.08747738
0.05937954
0.05212273
0
    
0.1354742
0.1203915
0
0.09241257
0.08280033
0.05801891
0.05229205
0.04003295
0
    
0.1695415
0.1479531
0.1179134
0.09057583
0
0.07240101
0.06316367
0.05448106
0.05248659
    
0.1340844
0.1097103
0.09632415
0
0.07815474
0.0691161