    
    
    
    
    
    
    
    
    
    
(22.3, 177.7, 136.3)
(17.3, 179.8, 136.8)
(12.3, 181.4, 137.7)
(12.3, 181.4, 137.7)
(7.0, 183.8, 139.6)
(1.1, 186.3, 142.0)
(356.0, 188.5, 144.6)
(351.9, 190.2, 147.2)
(351.9, 190.2, 147.2)
(349.7, 189.5, 149.5)
    
(13.1, 170.6, 123.4)
(8.8, 175.3, 130.8)
(8.8, 175.3, 130.8)
(4.8, 180.4, 137.3)
(0.3, 184.8, 142.7)
(355.5, 188.7, 146.0)
(353.5, 189.2, 147.9)
(353.5, 189.2, 147.9)
(352.6, 186.4, 150.9)
(352.8, 184.8, 153.1)
    
(22.6, 171.9, 130.3)
(16.1, 177.1, 137.8)
(9.7, 180.8, 143.3)
(5.2, 184.6, 147.7)
(5.2, 184.6, 147.7)
(2.5, 188.1, 151.5)
(0.1, 189.8, 154.0)
(358.6, 189.6, 154.7)
(358.2, 188.8, 154.7)
(358.2, 188.8, 154.7)
    
(5.0, 172.4, 123.6)
(357.8, 176.8, 136.1)
(353.9, 178.2, 142.9)
(351.4, 179.9, 147.2)
(351.4, 179.9, 147.2)
(349.4, 180.4, 148.3)
(347.0, 181.3, 147.8)
(346.4, 181.1, 148.4)
(346.9, 180.4, 149.9)
(346.9, 180.4, 149.9)
    
(2.3, 177.6, 131.1)
(354.6, 182.1, 138.5)
(354.6, 182.1, 138.5)
(347.1, 184.6, 146.5)
(343.0, 184.9, 150.4)
(340.6, 185.3, 151.5)
(339.1, 185.3, 150.8)
(339.1, 185.3, 150.8)
(338.2, 187.3, 149.3)
(337.1, 188.2, 149.2)
    
(355.2, 178.0, 139.6)
(355.2, 178.0, 139.6)
(346.4, 180.0, 142.8)
(339.6, 181.4, 145.8)
(335.6, 181.4, 150.2)
(332.7, 180.3, 153.8)
(332.7, 180.3, 153.8)
(330.7, 179.3, 154.5)
(329.7, 178.7, 154.2)
(329.7, 178.9, 153.6)
    
(12.3, 178.5, 144.5)
(6.0, 183.6, 146.1)
(6.0, 183.6, 146.1)
(358.6, 186.5, 147.8)
(350.8, 187.8, 149.4)
(344.2, 188.6, 150.1)
(339.9, 188.6, 150.6)
(339.9, 188.6, 150.6)
(337.5, 188.7, 151.4)
(336.0, 189.5, 151.2)
    
(7.9, 177.7, 136.1)
(357.5, 181.0, 138.7)
(357.5, 181.0, 138.7)
(350.2, 184.2, 140.9)
(344.1, 187.0, 143.2)
(339.8, 188.3, 145.1)
(336.9, 187.9, 146.3)
(336.9, 187.9, 146.3)
(335.3, 186.8, 146.5)
(334.8, 187.2, 145.9)
    
(10.8, 175.7, 136.2)
(0.9, 180.4, 143.5)
(350.1, 183.3, 148.8)
(343.8, 184.2, 150.4)
(338.0, 184.8, 151.4)
(338.0, 184.8, 151.4)
(334.9, 185.5, 150.7)
(332.2, 186.2, 149.2)
(331.4, 186.1, 148.4)
(331.3, 186.3, 148.1)
    
(12.6, 177.3, 140.0)
(1.4, 181.3, 144.9)
(1.4, 181.3, 144.9)
(351.2, 183.3, 148.0)
(343.9, 182.4, 148.3)
(339.3, 181.3, 146.9)
(335.7, 182.7, 144.7)
(335.7, 182.7, 144.7)
(333.7, 184.9, 144.3)
(332.6, 184.9, 145.6)
    
(12.6, 167.9, 130.2)
(5.8, 171.9, 132.0)
(5.8, 171.9, 132.0)
(357.0, 175.1, 135.1)
(349.4, 177.9, 139.4)
(344.2, 180.1, 143.4)
(340.1, 181.6, 146.8)
(340.1, 181.6, 146.8)
(337.1, 182.9, 149.0)
(334.2, 183.2, 150.2)
    
(23.6, 188.8, 156.7)
(16.1, 193.2, 158.0)
(10.3, 194.5, 158.4)
(6.5, 193.4, 157.6)
(2.8, 193.2, 156.8)
(2.8, 193.2, 156.8)
(358.9, 193.7, 156.1)
(357.4, 193.7, 155.8)
(356.6, 193.4, 156.1)
(356.3, 193.7, 156.8)
    
(11.9, 182.3, 130.9)
(3.6, 185.7, 132.9)
(356.2, 188.2, 133.5)
(356.2, 188.2, 133.5)
(351.1, 189.7, 133.7)
(345.9, 191.1, 134.6)
(343.5, 191.8, 135.0)
(341.7, 191.9, 135.1)
(341.7, 191.9, 135.1)
(340.8, 192.1, 135.2)
    
(10.9, 177.0, 116.6)
(4.3, 180.3, 121.9)
(4.3, 180.3, 121.9)
(356.5, 183.3, 127.0)
(348.6, 186.4, 131.5)
(342.6, 188.7, 135.8)
(339.5, 189.8, 139.3)
(339.5, 189.8, 139.3)
(338.0, 189.4, 142.2)
(337.4, 188.6, 143.8)
    
(9.7, 177.8, 127.9)
(4.9, 179.8, 131.0)
(4.9, 179.8, 131.0)
(0.1, 180.8, 132.9)
(356.2, 181.7, 135.3)
(353.2, 183.5, 139.8)
(350.4, 184.9, 144.8)
(350.4, 184.9, 144.8)
(347.8, 184.8, 148.0)
(346.3, 184.9, 149.4)
    
(15.3, 181.6, 126.0)
(3.3, 185.9, 132.0)
(354.1, 188.3, 136.0)
(348.1, 189.9, 138.9)
(348.1, 189.9, 138.9)
(344.1, 191.0, 141.6)
(342.2, 191.5, 144.6)
(341.9, 190.5, 147.4)
(341.4, 188.7, 149.0)
(341.4, 188.7, 149.0)
    
(2.4, 183.8, 137.0)
(352.8, 188.4, 143.3)
(342.1, 189.1, 145.2)
(342.1, 189.1, 145.2)
(336.0, 189.5, 143.2)
(332.9, 191.0, 140.5)
(333.5, 191.3, 140.2)
(335.0, 190.9, 141.2)
(335.0, 190.9, 141.2)
(336.2, 190.8, 142.3)
    
(359.3, 177.7, 127.4)
(351.8, 182.8, 130.4)
(351.8, 182.8, 130.4)
(345.3, 187.5, 135.1)
(340.8, 189.7, 138.2)
(336.5, 190.2, 140.5)
(333.7, 189.2, 141.4)
(333.7, 189.2, 141.4)
(332.2, 189.2, 141.7)
(331.2, 189.6, 141.9)
    
(18.9, 180.4, 138.9)
(9.8, 183.1, 140.5)
(0.5, 185.7, 141.4)
(352.5, 188.0, 141.8)
(352.5, 188.0, 141.8)
(347.8, 188.8, 142.1)
(345.0, 189.5, 142.7)
(343.7, 190.1, 143.5)
(341.6, 190.2, 144.1)
(341.6, 190.2, 144.1)
    
(5.2, 177.7, 128.2)
(357.8, 179.3, 134.1)
(352.9, 180.6, 138.3)
(352.9, 180.6, 138.3)
(348.6, 181.9, 141.2)
(344.6, 182.9, 141.8)
(339.6, 183.0, 141.9)
(336.7, 182.6, 142.6)
(336.7, 182.6, 142.6)
(335.4, 183.0, 143.2)
    
(11.3, 178.8, 136.5)
(4.6, 181.1, 139.3)
(4.6, 181.1, 139.3)
(358.7, 183.5, 142.2)
(353.6, 185.5, 144.1)
(348.8, 187.0, 145.6)
(345.0, 187.7, 146.7)
(345.0, 187.7, 146.7)
(341.7, 188.0, 147.3)
(339.4, 188.3, 147.6)
    
(17.1, 175.6, 124.7)
(6.2, 183.4, 133.3)
(354.6, 186.5, 139.6)
(346.6, 185.5, 142.6)
(342.8, 185.3, 143.1)
(342.8, 185.3, 143.1)
(340.4, 186.8, 142.8)
(338.3, 187.2, 143.3)
(337.6, 186.8, 144.4)
(337.3, 187.5, 145.1)
    
(13.8, 176.9, 138.2)
(3.7, 183.4, 146.4)
(353.2, 186.7, 148.0)
(353.2, 186.7, 148.0)
(345.7, 188.4, 145.7)
(341.0, 190.7, 141.8)
(339.3, 192.4, 139.5)
(338.2, 192.8, 139.2)
(338.2, 192.8, 139.2)
(337.8, 193.2, 139.8)
    
(13.6, 172.6, 119.1)
(13.6, 172.6, 119.1)
(8.0, 175.5, 124.3)
(3.1, 178.7, 129.7)
(358.4, 180.9, 133.7)
(353.1, 182.2, 137.2)
(353.1, 182.2, 137.2)
(348.9, 183.4, 138.8)
(344.5, 184.5, 139.6)
(340.7, 185.0, 139.6)
    
(16.4, 181.0, 125.4)
(10.7, 184.0, 126.9)
(3.4, 186.8, 128.1)
(357.7, 189.7, 129.3)
(357.7, 189.7, 129.3)
(353.2, 192.4, 129.9)
(350.4, 194.4, 129.2)
(349.7, 195.0, 128.5)
(349.1, 195.4, 128.5)
(349.1, 195.4, 128.5)
    
(11.9, 182.5, 129.1)
(11.9, 182.5, 129.1)
(5.5, 185.6, 131.8)
(0.2, 187.3, 134.0)
(355.4, 188.0, 135.3)
(351.3, 188.8, 134.2)
(351.3, 188.8, 134.2)
(347.8, 189.8, 132.8)
(345.6, 191.2, 132.0)
(343.0, 191.8, 131.6)
    
(23.2, 176.2, 125.1)
(15.8, 181.7, 132.4)
(7.7, 185.0, 135.6)
(1.0, 186.6, 134.1)
(355.6, 186.6, 130.3)
(355.6, 186.6, 130.3)
(352.1, 188.2, 127.1)
(348.6, 190.8, 126.2)
(346.0, 192.2, 127.6)
(344.8, 193.2, 129.1)
    
(12.1, 173.0, 123.7)
(7.2, 177.1, 128.9)
(3.1, 180.8, 134.2)
(3.1, 180.8, 134.2)
(357.9, 183.8, 136.1)
(350.9, 185.8, 134.9)
(345.4, 188.4, 132.4)
(341.2, 191.6, 130.2)
(341.2, 191.6, 130.2)
(338.5, 193.7, 129.9)
    
(7.5, 181.3, 130.8)
(0.2, 184.0, 134.6)
(0.2, 184.0, 134.6)
(354.8, 186.3, 133.8)
(348.3, 189.6, 131.2)
(344.4, 193.1, 128.8)
(343.0, 194.5, 127.5)
(343.0, 194.5, 127.5)
(341.7, 195.8, 126.3)
(340.7, 196.4, 126.0)
    
(12.0, 185.7, 126.8)
(3.4, 188.2, 126.9)
(3.4, 188.2, 126.9)
(354.4, 190.9, 125.6)
(349.3, 193.3, 124.8)
(346.3, 195.6, 125.4)
(344.0, 196.9, 127.0)
(344.0, 196.9, 127.0)
(342.8, 197.0, 128.1)
(342.4, 196.6, 128.5)
    
(5.0, 179.6, 118.4)
(358.0, 182.5, 121.2)
(351.1, 186.2, 124.1)
(345.2, 188.6, 125.9)
(339.5, 190.0, 127.0)
(339.5, 190.0, 127.0)
(334.1, 190.6, 127.5)
(330.6, 191.3, 127.9)
(327.5, 192.0, 128.1)
(325.8, 192.2, 128.7)
    
(358.6, 183.9, 120.8)
(351.3, 186.5, 121.4)
(344.8, 188.6, 122.2)
(340.0, 190.2, 124.1)
(340.0, 190.2, 124.1)
(335.6, 192.3, 128.0)
(331.4, 193.9, 130.5)
(327.9, 195.1, 130.6)
(325.0, 195.5, 129.5)
(325.0, 195.5, 129.5)
    
(10.4, 181.4, 129.0)
(2.9, 185.8, 133.0)
(2.9, 185.8, 133.0)
(355.5, 188.9, 137.1)
(348.5, 190.8, 139.6)
(342.6, 192.3, 140.0)
(338.1, 193.3, 139.2)
(338.1, 193.3, 139.2)
(335.3, 194.1, 138.0)
(334.1, 194.3, 138.0)
    
(6.6, 177.0, 125.5)
(358.2, 180.3, 128.9)
(349.0, 183.8, 131.9)
(341.8, 186.8, 135.1)
(337.0, 188.5, 137.4)
(337.0, 188.5, 137.4)
(334.1, 189.3, 139.1)
(332.7, 189.1, 139.8)
(332.0, 189.2, 140.0)
(331.6, 189.8, 140.0)
    
(11.5, 177.2, 128.7)
(3.3, 180.4, 131.3)
(356.4, 182.3, 132.8)
(349.8, 184.2, 134.0)
(349.8, 184.2, 134.0)
(344.5, 185.6, 135.3)
(340.0, 187.5, 136.7)
(336.7, 189.0, 138.3)
(334.8, 189.1, 139.4)
(334.8, 189.1, 139.4)
    
(9.5, 176.0, 136.5)
(3.8, 177.3, 137.8)
(3.8, 177.3, 137.8)
(359.8, 178.4, 138.8)
(356.8, 179.6, 139.9)
(354.6, 180.8, 141.2)
(352.6, 181.9, 142.5)
(352.6, 181.9, 142.5)
(350.5, 183.7, 143.9)
(348.5, 184.7, 144.3)
    
(15.6, 178.6, 136.5)
(6.8, 181.5, 137.6)
(359.1, 183.3, 137.4)
(352.4, 185.3, 136.9)
(347.1, 187.7, 137.5)
(347.1, 187.7, 137.5)
(342.6, 189.8, 139.2)
(339.0, 192.1, 141.7)
(336.8, 194.2, 143.5)
(335.1, 194.7, 146.0)
    
(6.1, 175.9, 126.4)
(1.2, 178.1, 129.8)
(355.3, 179.3, 132.3)
(350.1, 180.4, 134.1)
(350.1, 180.4, 134.1)
(346.0, 182.2, 135.8)
(342.7, 184.0, 137.8)
(339.5, 185.7, 139.4)
(336.6, 186.9, 140.7)
(336.6, 186.9, 140.7)
    
(10.1, 179.2, 137.4)
(10.1, 179.2, 137.4)
(3.0, 182.0, 139.0)
(357.0, 184.1, 139.5)
(352.0, 185.8, 140.0)
(347.5, 187.2, 141.0)
(344.1, 188.3, 142.4)
(344.1, 188.3, 142.4)
(340.9, 189.5, 143.9)
(338.1, 190.8, 144.9)
    
(7.4, 177.5, 123.3)
(359.6, 181.0, 126.8)
(352.1, 183.0, 129.6)
(346.3, 185.2, 132.5)
(341.5, 187.1, 135.7)
(341.5, 187.1, 135.7)
(337.1, 187.6, 138.6)
(333.8, 187.7, 140.2)
(330.8, 188.1, 140.7)
(328.6, 188.8, 140.3)
    
(15.6, 175.3, 132.3)
(8.1, 179.8, 135.1)
(359.6, 183.3, 137.1)
(359.6, 183.3, 137.1)
(352.9, 185.5, 138.1)
(347.8, 187.3, 139.4)
(344.5, 189.0, 141.2)
(342.0, 189.8, 142.7)
(342.0, 189.8, 142.7)
(340.2, 190.5, 143.9)
    
(12.9, 176.6, 132.2)
(5.8, 179.4, 134.4)
(5.8, 179.4, 134.4)
(359.6, 181.3, 136.6)
(353.7, 182.9, 139.5)
(348.3, 184.7, 142.5)
(343.2, 186.2, 144.9)
(343.2, 186.2, 144.9)
(338.5, 186.8, 146.3)
(335.5, 187.2, 146.6)
    
(1.9, 175.0, 134.4)
(355.4, 178.5, 139.3)
(350.1, 181.4, 141.1)
(344.4, 183.2, 141.6)
(339.2, 185.1, 141.8)
(339.2, 185.1, 141.8)
(335.4, 186.4, 142.0)
(332.0, 186.8, 141.8)
(329.8, 188.1, 141.0)
(328.7, 189.1, 140.6)
    
(16.8, 180.2, 133.4)
(8.2, 183.2, 135.9)
(0.0, 185.4, 138.3)
(0.0, 185.4, 138.3)
(352.7, 186.7, 139.7)
(346.0, 187.4, 139.2)
(341.7, 188.3, 138.5)
(338.7, 189.2, 137.9)
(338.7, 189.2, 137.9)
(336.8, 190.2, 137.8)
    
(280.3, 38.4, 156.0)
(274.2, 151.0, 45.3)
(286.9, 180.0, 17.3)
(298.1, 182.1, 15.8)
(298.1, 182.1, 15.8)
(308.5, 182.6, 15.8)
(317.6, 182.6, 16.2)
(325.3, 182.8, 16.6)
(331.2, 183.0, 17.1)
(331.2, 183.0, 17.1)
    
(272.4, 109.8, 83.8)
(284.5, 186.0, 7.6)
(298.3, 188.5, 4.9)
(310.7, 187.3, 5.9)
(310.7, 187.3, 5.9)
(322.2, 186.2, 6.5)
(331.2, 186.2, 6.3)
(337.8, 187.2, 5.7)
(337.8, 187.2, 5.7)
(342.8, 187.7, 5.6)
    
(18.9, 187.1, 143.5)
(13.3, 188.4, 145.0)
(8.0, 189.5, 145.2)
(3.4, 191.0, 145.2)
(3.4, 191.0, 145.2)
(359.0, 193.0, 144.5)
(355.3, 194.8, 143.6)
(353.1, 195.3, 143.6)
(351.4, 195.2, 144.9)
(351.4, 195.2, 144.9)
    
(21.7, 175.3, 129.2)
(14.5, 178.6, 132.0)
(7.1, 181.0, 134.6)
(7.1, 181.0, 134.6)
(0.5, 182.8, 136.6)
(354.5, 183.9, 138.1)
(350.6, 185.0, 139.7)
(347.3, 186.2, 142.0)
(347.3, 186.2, 142.0)
(344.7, 187.3, 143.9)
    
(10.5, 176.9, 139.9)
(3.3, 178.2, 141.8)
(357.9, 179.7, 143.2)
(353.3, 181.5, 144.6)
(353.3, 181.5, 144.6)
(349.9, 183.1, 145.8)
(347.5, 183.4, 147.0)
(344.2, 184.2, 146.8)
(341.0, 184.6, 146.4)
(341.0, 184.6, 146.4)
    
(16.1, 176.1, 132.1)
(8.5, 179.9, 134.3)
(1.2, 181.6, 136.6)
(1.2, 181.6, 136.6)
(355.8, 182.3, 138.7)
(351.6, 182.9, 141.4)
(348.4, 184.0, 143.9)
(345.0, 184.8, 145.1)
(345.0, 184.8, 145.1)
(341.1, 184.4, 145.6)
    
(16.2, 174.6, 135.6)
(10.3, 177.0, 137.7)
(3.7, 177.5, 138.7)
(356.7, 178.0, 138.3)
(350.6, 179.8, 138.3)
(350.6, 179.8, 138.3)
(347.1, 181.6, 140.6)
(344.9, 182.4, 143.5)
(342.3, 182.4, 145.2)
(340.2, 182.6, 145.8)
    
(7.1, 181.4, 134.9)
(358.3, 185.2, 136.8)
(351.5, 188.0, 137.0)
(351.5, 188.0, 137.0)
(346.3, 190.1, 136.7)
(342.9, 190.4, 136.7)
(339.8, 190.6, 136.7)
(337.9, 190.9, 136.4)
(337.9, 190.9, 136.4)
(336.6, 190.9, 136.6)
    
(18.9, 175.6, 136.2)
(10.4, 178.7, 134.7)
(1.3, 181.1, 131.9)
(354.7, 184.0, 130.9)
(349.2, 187.2, 131.9)
(349.2, 187.2, 131.9)
(345.4, 189.1, 134.2)
(342.8, 190.1, 136.7)
(341.4, 190.9, 138.6)
(340.0, 191.6, 140.4)
    
(3.2, 180.6, 130.5)
(3.2, 180.6, 130.5)
(356.6, 180.9, 132.1)
(351.2, 182.8, 133.1)
(344.5, 185.4, 133.9)
(344.5, 185.4, 133.9)
(339.8, 187.3, 134.6)
(338.0, 188.1, 135.5)
(336.8, 188.4, 136.2)
(334.4, 188.9, 136.6)
    
(9.5, 181.3, 132.3)
(3.2, 182.4, 130.2)
(358.0, 183.8, 130.8)
(352.4, 185.5, 132.9)
(352.4, 185.5, 132.9)
(348.3, 187.2, 135.7)
(345.3, 189.2, 139.5)
(343.8, 190.6, 140.7)
(342.1, 191.5, 140.7)
(342.1, 191.5, 140.7)
    
(12.5, 175.1, 129.1)
(12.5, 175.1, 129.1)
(4.7, 178.3, 132.4)
(356.9, 180.8, 135.2)
(348.8, 183.7, 137.7)
(344.6, 185.7, 138.9)
(344.6, 185.7, 138.9)
(341.3, 187.0, 139.2)
(339.0, 187.5, 138.2)
(337.5, 188.4, 137.1)
    
(20.5, 176.4, 127.2)
(10.9, 180.5, 129.4)
(2.5, 183.1, 130.6)
(354.6, 185.2, 132.1)
(349.9, 187.0, 134.1)
(349.9, 187.0, 134.1)
(345.8, 187.8, 135.4)
(342.0, 187.8, 135.8)
(339.3, 188.3, 135.1)
(336.3, 189.3, 134.2)
    
(14.4, 172.8, 126.6)
(5.8, 175.4, 128.9)
(357.5, 178.7, 131.9)
(357.5, 178.7, 131.9)
(351.2, 181.5, 134.7)
(347.7, 182.8, 136.5)
(345.3, 183.2, 137.9)
(343.6, 183.5, 138.8)
(343.6, 183.5, 138.8)
(342.3, 184.1, 139.3)
    
(14.3, 182.3, 133.9)
(14.3, 182.3, 133.9)
(12.1, 182.8, 135.1)
(9.0, 184.6, 135.0)
(5.0, 186.7, 133.8)
(0.7, 189.2, 132.1)
(0.7, 189.2, 132.1)
(356.4, 191.7, 130.9)
(353.4, 193.8, 130.6)
(351.3, 195.1, 130.5)
    
(17.1, 176.3, 137.0)
(10.8, 178.2, 138.3)
(6.5, 179.5, 139.5)
(3.0, 180.8, 140.5)
(3.0, 180.8, 140.5)
(1.1, 182.0, 140.6)
(359.2, 182.6, 139.7)
(358.0, 183.1, 138.5)
(356.9, 183.9, 137.5)
(356.9, 183.9, 137.5)
    
(20.0, 177.4, 142.1)
(13.3, 179.0, 143.1)
(13.3, 179.0, 143.1)
(7.5, 180.5, 144.3)
(3.6, 181.8, 145.2)
(0.5, 182.3, 146.3)
(358.4, 183.0, 146.4)
(358.4, 183.0, 146.4)
(357.2, 183.3, 145.5)
(356.4, 182.8, 143.8)
    
(7.3, 181.6, 133.1)
(2.3, 184.4, 133.0)
(2.3, 184.4, 133.0)
(357.9, 186.7, 132.9)
(356.3, 187.7, 133.0)
(355.2, 188.3, 133.4)
(354.5, 189.0, 133.8)
(354.5, 189.0, 133.8)
(353.6, 189.5, 134.0)
(352.9, 189.9, 134.0)
    
(8.1, 178.7, 135.4)
(8.1, 178.7, 135.4)
(2.3, 180.9, 134.7)
(357.1, 183.1, 133.6)
(353.3, 185.3, 133.1)
(350.6, 187.6, 132.7)
(350.6, 187.6, 132.7)
(348.9, 189.2, 132.8)
(348.1, 190.2, 133.1)
(347.8, 191.1, 133.3)
    
(16.2, 175.2, 130.8)
(7.6, 178.1, 131.6)
(0.3, 180.5, 131.3)
(355.7, 182.6, 131.4)
(355.7, 182.6, 131.4)
(352.8, 185.2, 131.8)
(350.7, 186.9, 132.9)
(349.4, 187.1, 133.7)
(349.4, 187.1, 133.7)
(348.4, 187.1, 134.0)
    
(17.3, 174.7, 124.2)
(12.4, 175.2, 124.0)
(12.4, 175.2, 124.0)
(7.1, 176.6, 123.9)
(1.9, 178.5, 123.9)
(356.9, 180.7, 124.2)
(352.9, 182.5, 125.5)
(349.8, 183.2, 127.2)
(349.8, 183.2, 127.2)
(347.8, 183.4, 127.6)
    
(11.6, 175.1, 129.6)
(11.6, 175.1, 129.6)
(3.3, 178.3, 131.1)
(355.6, 181.4, 132.4)
(350.5, 183.2, 133.8)
(348.0, 183.1, 135.0)
(348.0, 183.1, 135.0)
(347.4, 182.3, 135.2)
(346.7, 181.5, 134.4)
(346.2, 181.2, 133.4)
    
(16.0, 172.0, 118.4)
(8.1, 176.0, 122.6)
(1.5, 178.9, 125.6)
(1.5, 178.9, 125.6)
(355.9, 181.0, 127.6)
(352.1, 181.8, 128.5)
(349.5, 181.8, 128.8)
(347.7, 181.9, 129.3)
(347.7, 181.9, 129.3)
(345.8, 182.4, 130.0)
    
(11.0, 179.7, 138.7)
(3.9, 182.7, 134.9)
(3.9, 182.7, 134.9)
(359.8, 184.5, 132.5)
(357.4, 185.8, 131.9)
(356.2, 187.0, 131.8)
(355.1, 187.3, 131.7)
(355.1, 187.3, 131.7)
(354.4, 187.2, 131.2)
(353.9, 188.1, 130.6)
    
(14.8, 177.8, 133.6)
(14.8, 177.8, 133.6)
(10.1, 179.8, 133.2)
(5.4, 182.2, 131.8)
(0.2, 185.0, 129.0)
(356.6, 186.8, 126.8)
(356.6, 186.8, 126.8)
(353.6, 187.7, 125.3)
(352.1, 188.3, 125.1)
(351.3, 188.7, 125.7)
    
(19.8, 178.3, 128.2)
(13.5, 180.7, 130.1)
(8.2, 182.5, 130.2)
(3.0, 184.1, 129.2)
(3.0, 184.1, 129.2)
(357.8, 185.0, 127.8)
(355.6, 185.8, 126.7)
(354.5, 186.5, 126.0)
(353.7, 186.9, 125.9)
(353.7, 186.9, 125.9)
    
(22.1, 175.9, 125.8)
(15.4, 178.6, 126.0)
(15.4, 178.6, 126.0)
(8.8, 181.4, 126.4)
(3.1, 183.7, 127.0)
(358.3, 184.6, 127.1)
(353.8, 184.8, 126.6)
(353.8, 184.8, 126.6)
(351.0, 185.1, 125.8)
(349.2, 185.6, 125.4)
    
(12.4, 172.8, 135.2)
(7.4, 175.9, 133.8)
(3.3, 178.4, 131.7)
(0.0, 179.9, 130.1)
(357.0, 180.8, 129.0)
(357.0, 180.8, 129.0)
(355.2, 181.5, 128.7)
(353.3, 181.9, 128.7)
(352.6, 182.5, 128.4)
(351.9, 183.3, 128.1)
    
(15.5, 183.6, 137.6)
(9.4, 186.6, 138.3)
(3.5, 189.7, 137.4)
(3.5, 189.7, 137.4)
(359.1, 192.5, 135.3)
(355.7, 195.3, 132.8)
(353.7, 198.2, 130.0)
(352.7, 199.7, 127.6)
(352.7, 199.7, 127.6)
(352.2, 200.4, 126.0)
    
(20.3, 174.5, 129.7)
(14.1, 178.8, 130.5)
(8.0, 183.6, 129.5)
(8.0, 183.6, 129.5)
(2.5, 187.6, 127.7)
(359.2, 189.1, 126.9)
(356.6, 189.4, 126.6)
(356.6, 189.4, 126.6)
(355.2, 190.1, 126.2)
(354.1, 191.4, 125.3)
    
(13.7, 178.4, 127.4)
(6.6, 183.4, 128.5)
(359.8, 188.5, 128.3)
(354.4, 191.8, 126.9)
(351.4, 192.4, 125.9)
(351.4, 192.4, 125.9)
(349.6, 191.8, 125.4)
(349.0, 191.1, 125.8)
(349.0, 190.6, 126.6)
(349.0, 190.7, 127.0)
    
(7.9, 173.7, 134.2)
(1.0, 177.4, 134.6)
(355.4, 180.1, 132.8)
(350.7, 182.2, 131.1)
(350.7, 182.2, 131.1)
(347.6, 183.4, 130.8)
(345.7, 184.1, 131.1)
(344.3, 185.4, 131.4)
(343.1, 186.1, 131.1)
(343.1, 186.1, 131.1)
    
(11.4, 180.4, 133.7)
(3.7, 183.1, 130.5)
(3.7, 183.1, 130.5)
(358.7, 185.3, 129.8)
(355.0, 186.6, 130.4)
(351.7, 187.4, 130.8)
(349.3, 188.6, 130.4)
(349.3, 188.6, 130.4)
(348.0, 189.6, 129.8)
(347.0, 190.0, 128.2)
    
(8.1, 180.9, 135.3)
(8.1, 180.9, 135.3)
(2.8, 183.3, 135.0)
(357.5, 185.8, 134.1)
(352.7, 188.3, 133.5)
(348.5, 190.0, 132.9)
(348.5, 190.0, 132.9)
(345.4, 190.4, 132.4)
(344.1, 190.3, 132.4)
(343.6, 190.3, 132.2)
    
(1.2, 176.4, 138.8)
(355.3, 178.7, 139.3)
(347.9, 181.3, 137.5)
(347.9, 181.3, 137.5)
(340.6, 184.5, 134.0)
(334.7, 187.7, 131.5)
(331.3, 189.6, 132.0)
(330.1, 190.1, 134.5)
(330.1, 190.1, 134.5)
(329.1, 189.3, 136.6)
    
(8.1, 178.3, 132.6)
(0.2, 181.5, 134.9)
(353.4, 184.5, 136.6)
(353.4, 184.5, 136.6)
(348.2, 186.3, 137.4)
(343.4, 186.8, 137.3)
(339.2, 187.1, 136.7)
(334.6, 188.2, 136.5)
(334.6, 188.2, 136.5)
(331.3, 189.1, 137.3)
    
(5.1, 178.5, 121.3)
(358.3, 182.2, 125.3)
(350.5, 185.2, 127.7)
(343.1, 187.6, 129.4)
(337.1, 188.8, 131.2)
(337.1, 188.8, 131.2)
(332.9, 189.4, 132.8)
(329.8, 189.6, 134.2)
(327.9, 189.4, 135.6)
(326.6, 188.9, 136.3)
    
(11.7, 176.8, 132.6)
(3.7, 180.1, 135.7)
(355.4, 183.7, 136.9)
(355.4, 183.7, 136.9)
(345.6, 188.5, 135.7)
(338.1, 192.2, 135.4)
(334.0, 193.0, 138.0)
(332.9, 192.1, 140.6)
(332.9, 192.1, 140.6)
(332.7, 190.7, 141.6)
    
(358.8, 180.0, 133.5)
(353.5, 182.2, 132.9)
(347.9, 183.9, 132.2)
(343.7, 185.2, 132.6)
(343.7, 185.2, 132.6)
(340.7, 186.3, 133.5)
(338.7, 186.8, 134.5)
(337.5, 186.1, 135.6)
(336.8, 186.6, 134.7)
(336.8, 186.6, 134.7)
    
(3.2, 179.0, 127.3)
(356.1, 181.7, 130.6)
(350.2, 183.4, 133.0)
(345.6, 183.6, 134.1)
(345.6, 183.6, 134.1)
(342.2, 183.4, 134.7)
(339.8, 184.1, 135.2)
(337.6, 186.3, 135.4)
(334.9, 187.9, 134.8)
(334.9, 187.9, 134.8)
    
(3.2, 180.1, 130.5)
(354.9, 183.2, 132.1)
(354.9, 183.2, 132.1)
(347.7, 185.7, 132.8)
(341.6, 188.1, 133.0)
(337.9, 189.2, 133.9)
(335.2, 189.3, 135.0)
(335.2, 189.3, 135.0)
(333.5, 189.1, 135.7)
(332.8, 189.4, 135.8)
    
(3.0, 178.1, 133.4)
(356.7, 180.8, 134.9)
(350.4, 183.7, 136.1)
(350.4, 183.7, 136.1)
(345.0, 186.1, 137.1)
(340.5, 187.6, 138.1)
(336.8, 188.5, 138.4)
(336.8, 188.5, 138.4)
(334.0, 189.2, 138.4)
(332.3, 190.1, 138.4)
    
(16.8, 173.9, 124.7)
(8.2, 177.9, 129.4)
(359.1, 181.9, 133.6)
(351.4, 184.6, 136.4)
(351.4, 184.6, 136.4)
(346.1, 186.6, 137.8)
(342.5, 187.1, 138.5)
(340.4, 186.7, 138.6)
(338.8, 186.3, 138.1)
(338.8, 186.3, 138.1)
    
(11.5, 177.1, 128.6)
(2.4, 181.3, 132.1)
(353.9, 184.0, 133.7)
(346.8, 185.4, 134.2)
(346.8, 185.4, 134.2)
(342.2, 185.9, 135.3)
(338.2, 186.1, 137.0)
(335.6, 186.3, 137.8)
(333.2, 186.8, 138.0)
(333.2, 186.8, 138.0)
    
(13.7, 173.7, 129.8)
(6.7, 175.5, 129.5)
(6.7, 175.5, 129.5)
(0.8, 176.4, 129.6)
(355.5, 177.5, 130.1)
(350.7, 178.9, 131.8)
(346.4, 180.2, 134.1)
(346.4, 180.2, 134.1)
(343.8, 180.4, 135.9)
(341.6, 179.8, 137.3)
    
(9.9, 179.2, 131.0)
(0.6, 183.8, 135.0)
(0.6, 183.8, 135.0)
(352.0, 186.2, 136.2)
(345.0, 186.8, 136.2)
(341.3, 187.1, 135.8)
(340.8, 187.9, 135.7)
(340.8, 187.9, 135.7)
(340.9, 188.1, 136.3)
(341.2, 187.9, 136.8)
    
(14.1, 177.1, 119.6)
(9.1, 178.9, 121.4)
(4.0, 180.7, 123.6)
(358.5, 182.6, 126.2)
(358.5, 182.6, 126.2)
(353.0, 184.1, 129.1)
(348.0, 184.7, 131.3)
(344.1, 184.8, 132.5)
(340.8, 184.7, 133.2)
(340.8, 184.7, 133.2)
    
(9.7, 172.2, 128.0)
(3.4, 175.1, 130.6)
(3.4, 175.1, 130.6)
(357.3, 177.6, 132.7)
(351.7, 179.9, 134.4)
(346.9, 181.9, 135.9)
(342.6, 182.8, 137.4)
(342.6, 182.8, 137.4)
(339.7, 183.0, 138.9)
(337.8, 182.9, 139.8)
    
(5.3, 176.5, 127.3)
(359.5, 178.8, 129.5)
(359.5, 178.8, 129.5)
(353.4, 181.0, 131.4)
(348.3, 182.9, 133.0)
(343.6, 184.6, 134.4)
(339.7, 185.7, 135.2)
(339.7, 185.7, 135.2)
(336.8, 185.9, 135.6)
(334.9, 185.9, 135.9)
    
(11.7, 176.8, 131.1)
(6.7, 178.1, 132.6)
(2.1, 179.6, 133.5)
(357.1, 180.7, 133.7)
(353.3, 181.7, 133.6)
(353.3, 181.7, 133.6)
(349.1, 182.9, 133.2)
(345.6, 184.4, 133.8)
(342.8, 185.6, 135.0)
(340.1, 186.6, 136.3)
    
(8.7, 173.1, 126.9)
(3.3, 175.7, 127.9)
(359.1, 177.6, 129.2)
(359.1, 177.6, 129.2)
(354.5, 179.6, 130.6)
(350.5, 180.7, 131.9)
(346.8, 181.5, 133.3)
(343.9, 182.7, 134.4)
(343.9, 182.7, 134.4)
(341.4, 183.8, 135.5)
    
(1.4, 168.1, 136.7)
(353.9, 172.9, 137.2)
(353.9, 172.9, 137.2)
(348.4, 176.5, 137.0)
(344.9, 178.4, 137.0)
(343.0, 178.3, 137.4)
(341.7, 177.7, 137.8)
(341.7, 177.7, 137.8)
(340.8, 177.7, 138.0)
(339.8, 178.4, 138.8)
    
(13.0, 171.2, 124.3)
(13.0, 171.2, 124.3)
(5.0, 174.1, 128.3)
(358.2, 178.1, 130.7)
(352.6, 181.5, 131.5)
(348.3, 182.7, 132.1)
(348.3, 182.7, 132.1)
(345.7, 183.2, 133.0)
(343.9, 183.7, 134.0)
(342.3, 183.9, 134.6)
    
(10.6, 178.3, 129.8)
(3.6, 180.4, 132.6)
(357.0, 182.8, 135.6)
(357.0, 182.8, 135.6)
(350.5, 184.7, 137.9)
(345.0, 185.9, 139.3)
(341.0, 186.9, 139.6)
(338.4, 188.4, 139.3)
(338.4, 188.4, 139.3)
(336.3, 188.6, 140.0)
    
(9.7, 178.2, 134.3)
(4.0, 179.8, 135.5)
(4.0, 179.8, 135.5)
(358.9, 181.3, 135.8)
(353.8, 183.1, 135.2)
(350.0, 184.5, 134.8)
(346.4, 184.9, 135.3)
(346.4, 184.9, 135.3)
(343.6, 184.8, 136.4)
(341.7, 185.2, 137.4)
    
/n
(10.7, 181.8, 147.1)
(10.7, 181.8, 147.1)
(7.0, 183.0, 148.2)
(1.3, 183.3, 147.8)
(355.9, 182.5, 146.0)
(353.5, 182.2, 143.7)
(353.5, 182.2, 143.7)
(352.5, 182.0, 141.7)
(351.9, 181.5, 140.0)
(351.5, 181.1, 138.2)
    
(2.6, 176.0, 139.0)
(2.6, 176.0, 139.0)
(359.0, 177.6, 138.0)
(356.5, 179.5, 137.3)
(353.8, 181.1, 136.0)
(351.2, 182.3, 134.2)
(351.2, 182.3, 134.2)
(349.0, 183.4, 132.0)
(347.6, 184.0, 129.9)
(346.8, 184.3, 127.7)
    
(9.2, 178.9, 145.0)
(2.5, 179.7, 145.7)
(357.4, 179.7, 146.3)
(354.2, 179.4, 146.6)
(352.4, 179.3, 145.8)
(352.4, 179.3, 145.8)
(350.8, 179.7, 144.1)
(349.6, 179.9, 142.9)
(348.8, 179.8, 142.2)
(348.3, 179.9, 141.7)
    
(4.3, 178.0, 137.1)
(358.6, 180.4, 137.6)
(354.2, 182.3, 138.7)
(354.2, 182.3, 138.7)
(350.5, 183.3, 139.6)
(347.2, 183.6, 139.6)
(344.4, 183.8, 138.9)
(342.1, 184.3, 137.8)
(342.1, 184.3, 137.8)
(339.7, 185.1, 137.1)
    
(12.0, 178.4, 137.9)
(7.8, 180.2, 137.8)
(7.8, 180.2, 137.8)
(4.5, 182.3, 137.5)
(0.5, 184.9(12.2, 171.9, 141.0)
(7.3, 173.5, 141.8)
(1.9, 175.8, 143.3)
(1.9, 175.8, 143.3)
(357.2, 177.2, 144.3)
(352.9, 178.4, 145.0)
(350.5, 179.2, 144.4)
(348.5, 179.4, 143.3)
(348.5, 179.4, 143.3)
(347.0, 179.5, 142.4)
    
(3.0, 169.5, 134.4)
(356.6, 171.9, 137.2)
(356.6, 171.9, 137.2)
(350.1, 173.8, 140.1)
(344.6, 174.8, 141.8)
(341.1, 175.2, 142.0)
(338.3, 175.8, 141.1)
(338.3, 175.8, 141.1)
(336.4, 177.4, 139.0)
(334.6, 178.8, 137.0)
    
(3.9, 174.0, 132.1)
(3.9, 174.0, 132.1)
(357.9, 176.1, 132.2)
(353.5, 178.2, 132.7)
(349.8, 179.7, 133.4)
(346.6, 180.6, 134.0)
(346.6, 180.6, 134.0)
(344.1, 181.3, 134.6)
(342.5, 181.6, 134.8)
(341.3, 181.4, 134.9)
    
(12.0, 174.5, 125.3)
(4.3, 178.7, 129.6)
(357.2, 181.4, 132.3)
(351.5, 182.9, 133.5)
(347.5, 183.5, 134.7)
(347.5, 183.5, 134.7)
(344.8, 184.5, 135.7)
(342.5, 185.4, 135.8)
(340.0, 186.0, 136.2)
(337.9, 186.4, 136.5)
    
(2.8, 178.7, 133.3)
(355.8, 181.2, 133.4)
(348.1, 184.4, 132.7)
(348.1, 184.4, 132.7)
(342.6, 186.8, 132.3)
(338.9, 188.6, 133.1)
(336.1, 188.8, 133.8)
(334.6, 188.8, 133.0)
(334.6, 188.8, 133.0)
(333.2, 188.6, 130.8)
    
(19.7, 171.1, 130.2)
(12.4, 173.5, 130.2)
(6.6, 176.3, 129.4)
(2.8, 178.0, 128.5)
(359.5, 178.8, 127.4)
(359.5, 178.8, 127.4)
(354.0, 179.8, 127.9)
(351.2, 181.3, 128.6)
(348.2, 182.2, 129.1)
(346.4, 182.7, 128.8)
    
(8.3, 172.4, 138.3)
(1.6, 176.0, 136.2)
(356.3, 180.3, 136.0)
(353.2, 183.0, 138.0)
(351.3, 184.0, 139.5)
(351.3, 184.0, 139.5)
(349.7, 185.1, 140.2)
(348.4, 186.4, 140.0)
(346.9, 187.8, 138.7)
(344.7, 189.0, 137.2)
    
(13.6, 172.2, 129.5)
(4.6, 176.3, 131.6)
(357.3, 180.5, 133.0)
(350.8, 183.9, 134.4)
(350.8, 183.9, 134.4)
(345.7, 186.1, 135.9)
(341.6, 187.5, 137.2)
(339.4, 188.0, 137.7)
(338.0, 188.2, 137.8)
(338.0, 188.2, 137.8)
    
(1.6, 180.1, 142.3)
(353.7, 182.9, 141.1)
(347.2, 185.8, 139.9)
(347.2, 185.8, 139.9)
(342.7, 187.6, 138.5)
(338.8, 189.4, 137.4)
(336.3, 190.1, 136.7)
(334.2, 190.3, 136.0)
(333.0, 190.7, 135.5)
(333.0, 190.7, 135.5)
    
(14.4, 177.2, 140.8)
(5.0, 181.2, 143.7)
(356.2, 183.0, 142.8)
(350.4, 183.5, 141.3)
(346.8, 183.2, 140.9)
(346.8, 183.2, 140.9)
(344.5, 183.3, 141.6)
(342.5, 184.2, 141.9)
(340.6, 185.0, 141.9)
(338.6, 185.6, 141.6)
    
(12.2, 180.1, 134.8)
(4.4, 182.1, 137.0)
(358.5, 183.3, 138.6)
(353.3, 183.7, 139.2)
(353.3, 183.7, 139.2)
(349.3, 183.8, 138.4)
(346.1, 184.1, 137.5)
(343.5, 184.8, 137.3)
(341.3, 185.7, 137.6)
(341.3, 185.7, 137.6)
    
(6.0, 178.8, 134.2)
(358.7, 181.0, 136.4)
(350.7, 183.0, 137.1)
(350.7, 183.0, 137.1)
(344.3, 185.0, 136.6)
(339.9, 186.6, 136.8)
(336.3, 188.1, 137.7)
(333.9, 189.6, 138.3)
(333.9, 189.6, 138.3)
(331.8, 190.3, 138.7)
    
(19.5, 175.5, 132.6)
(12.3, 178.2, 136.0)
(5.8, 180.7, 137.9)
(359.1, 182.5, 138.4)
(353.7, 183.6, 138.2)
(353.7, 183.6, 138.2)
(348.4, 184.7, 137.8)
(344.3, 186.2, 137.4)
(340.3, 188.0, 137.2)
(336.6, 189.4, 137.4)
    
(8.8, 184.2, 136.5)
(3.8, 186.4, 138.1)
(359.7, 186.9, 139.1)
(355.2, 186.5, 139.2)
(355.2, 186.5, 139.2)
(351.0, 186.8, 139.5)
(347.4, 187.8, 140.2)
(344.1, 189.2, 141.2)
(341.6, 189.6, 141.7)
(341.6, 189.6, 141.7)
    
(1.2, 182.8, 145.0)
(356.4, 184.3, 146.3)
(352.3, 186.1, 148.0)
(352.3, 186.1, 148.0)
(348.8, 187.3, 148.4)
(345.4, 186.9, 146.8)
(342.1, 187.3, 144.5)
(339.3, 188.0, 143.7)
(339.3, 188.0, 143.7)
(337.0, 189.1, 143.8)
    
(13.6, 180.0, 143.8)
(6.0, 183.1, 146.6)
(360.0, 184.6, 147.7)
(355.1, 184.7, 147.7)
(350.7, 184.6, 147.3)
(350.7, 184.6, 147.3)
(347.0, 184.6, 146.6)
(344.3, 185.2, 146.2)
(341.7, 185.8, 145.7)
(339.3, 186.1, 145.3)
    
(7.1, 181.0, 147.9)
(358.9, 183.8, 149.4)
(352.5, 185.6, 148.9)
(346.7, 187.0, 147.9)
(341.9, 188.5, 146.7)
(341.9, 188.5, 146.7)
(338.3, 189.6, 145.9)
(334.8, 190.3, 145.6)
(331.9, 191.0, 144.8)
(329.9, 191.6, 143.8)
    
(7.1, 179.2, 143.0)
(357.0, 182.5, 144.4)
(348.6, 184.8, 144.8)
(348.6, 184.8, 144.8)
(341.9, 186.9, 144.3)
(337.0, 188.5, 143.5)
(333