    
    
    
    
    
(1.5, 171.3, 94.5),
(359.2, 181.3, 97.3),
(356.5, 189.8, 100.1),
(352.8, 196.5, 102.4),
(349.9, 200.8, 103.8),
(348.8, 203.8, 104.7),
(348.5, 206.5, 105.6),
(348.1, 209.1, 106.5),
(347.3, 211.2, 106.8),
(347.3, 211.2, 106.8),
    
(2.3, 190.6, 102.0),
(2.3, 190.6, 102.0),
(359.6, 200.7, 102.9),
(357.3, 208.3, 104.2),
(354.4, 213.7, 105.7),
(352.2, 216.9, 106.7),
(350.8, 219.5, 107.0),
(350.8, 221.3, 107.4),
(351.1, 222.6, 107.8),
(351.3, 223.5, 107.8),
    
(10.2, 181.1, 103.0),
(6.2, 192.0, 102.7),
(1.5, 201.0, 104.5),
(357.0, 206.6, 106.9),
(353.1, 209.5, 108.0),
(351.8, 211.6, 109.3),
(351.1, 212.9, 110.6),
(350.6, 213.3, 111.8),
(350.7, 213.4, 112.9),
(351.3, 213.7, 113.3),
    
(9.2, 171.1, 117.4),
(4.0, 178.9, 117.1),
(4.0, 178.9, 117.1),
(354.3, 193.5, 113.8),
(354.3, 193.5, 113.8),
(350.0, 199.7, 112.7),
(346.7, 203.2, 112.5),
(344.7, 205.4, 113.0),
(344.3, 206.7, 113.9),
(344.6, 207.9, 114.4),
    
(359.6, 183.2, 107.1),
(355.3, 191.8, 110.0),
(353.3, 200.4, 111.8),
(350.3, 208.5, 113.3),
(350.3, 208.5, 113.3),
(346.0, 214.8, 114.3),
(342.5, 219.3, 114.7),
(340.2, 223.3, 114.7),
(339.2, 226.1, 114.8),
(338.8, 228.0, 115.2),
    
/n
    
    
    
    
    
(14.2, 185.9, 82.6),
(14.9, 196.5, 88.7),
(14.7, 206.5, 93.2),
(12.9, 214.2, 94.4),
(9.6, 219.1, 92.2),
(6.5, 222.1, 88.5),
(6.5, 222.1, 88.5),
(5.2, 224.4, 86.7),
(4.7, 227.1, 86.4),
(4.2, 230.0, 86.2),
    
(6.8, 170.8, 78.4),
(8.1, 181.4, 81.6),
(8.4, 193.0, 85.5),
(7.8, 204.3, 88.8),
(5.7, 212.9, 89.8),
(3.8, 216.9, 87.6),
(3.8, 216.9, 87.6),
(2.4, 218.8, 84.7),
(1.5, 220.4, 83.7),
(1.4, 222.4, 84.0),
    
(2.9, 179.4, 86.6),
(3.2, 191.3, 91.1),
(1.7, 202.4, 93.7),
(359.4, 210.9, 94.2),
(357.2, 216.2, 93.1),
(356.0, 219.1, 91.0),
(356.0, 219.1, 91.0),
(356.4, 221.0, 90.3),
(356.9, 223.3, 90.5),
(357.4, 225.6, 91.0),
    
(6.8, 177.4, 88.7),
(9.4, 184.3, 94.5),
(9.9, 192.6, 98.5),
(8.4, 200.7, 99.7),
(6.3, 207.2, 98.5),
(4.3, 212.4, 96.7),
(3.2, 216.6, 95.4),
(3.2, 216.6, 95.4),
(2.8, 220.0, 94.9),
(2.5, 223.0, 94.8),
    
(12.3, 176.0, 98.2),
(10.6, 183.9, 101.0),
(7.8, 192.5, 101.8),
(4.4, 201.3, 101.0),
(4.4, 201.3, 101.0),
(1.4, 209.3, 99.5),
(359.7, 214.5, 98.7),
(358.4, 217.1, 98.7),
(357.7, 218.7, 98.4),
(357.5, 220.2, 98.2),
    
/n
    
    
    
    
    
(3.2, 188.3, 95.2),
(1.0, 196.4, 95.9),
(358.4, 205.8, 95.8),
(358.4, 205.8, 95.8),
(355.5, 216.6, 95.5),
(352.6, 224.6, 94.3),
(350.5, 229.9, 92.6),
(349.3, 232.7, 91.0),
(348.7, 234.2, 90.5),
(348.5, 235.3, 90.7),
    
(3.5, 183.9, 86.9),
(1.4, 191.0, 90.2),
(1.4, 191.0, 90.2),
(359.0, 199.7, 92.9),
(356.0, 209.4, 94.0),
(353.1, 218.7, 93.5),
(350.0, 225.8, 91.7),
(347.4, 230.4, 89.5),
(346.5, 232.7, 89.5),
(346.6, 234.3, 90.9),
    
(5.2, 184.0, 89.4),
(5.2, 184.0, 89.4),
(3.8, 192.7, 93.4),
(1.2, 201.5, 96.9),
(357.8, 209.8, 98.9),
(354.2, 216.8, 99.6),
(351.1, 222.5, 99.5),
(349.1, 226.6, 99.1),
(347.8, 230.0, 98.2),
(347.8, 230.0, 98.2),
    
(5.9, 191.5, 91.1),
(3.1, 201.3, 93.9),
(359.5, 210.1, 95.9),
(355.6, 218.2, 97.1),
(355.6, 218.2, 97.1),
(351.9, 225.4, 98.2),
(349.2, 230.2, 98.6),
(347.3, 233.3, 97.5),
(346.1, 235.7, 95.7),
(345.3, 238.1, 94.0),
    
(6.8, 186.6, 96.8),
(6.8, 186.6, 96.8),
(4.2, 194.3, 98.6),
(2.6, 201.6, 99.4),
(0.8, 208.6, 100.3),
(358.6, 214.1, 100.6),
(356.1, 219.4, 101.3),
(353.9, 221.6, 101.2),
(352.6, 222.4, 100.5),
(352.0, 223.3, 99.6),
    
/n
    
    
    
    
    
    
    
    
    
    
    
    
    
    
    
(2.5, 181.6, 114.0),
(359.7, 188.2, 114.8),
(356.4, 195.3, 114.2),
(353.7, 203.2, 112.7),
(353.7, 203.2, 112.7),
(352.0, 209.8, 111.2),
(351.0, 215.1, 109.9),
(350.7, 219.7, 109.0),
(350.6, 223.6, 108.2),
(350.4, 226.8, 107.3),
    
(13.0, 172.0, 106.2),
(7.5, 183.1, 108.1),
(2.6, 194.0, 109.1),
(359.2, 203.1, 109.3),
(357.9, 209.7, 108.6),
(357.9, 209.7, 108.6),
(358.1, 214.4, 108.1),
(358.4, 216.9, 108.0),
(358.4, 218.6, 107.9),
(358.2, 220.0, 107.5),
    
(18.4, 168.3, 109.9),
(17.0, 175.7, 110.6),
(14.4, 183.0, 110.4),
(11.3, 189.6, 109.5),
(11.3, 189.6, 109.5),
(6.9, 195.4, 108.5),
(3.0, 199.9, 106.9),
(0.0, 204.2, 104.7),
(358.2, 208.3, 102.4),
(357.2, 212.1, 100.2),
    
(10.6, 195.8, 110.1),
(7.9, 203.7, 109.9),
(4.7, 210.5, 108.4),
(1.4, 216.0, 106.1),
(357.7, 220.2, 103.6),
(354.3, 224.4, 100.8),
(352.6, 228.9, 98.3),
(352.0, 233.4, 95.9),
(352.0, 233.4, 95.9),
(351.7, 237.0, 93.4),
    
(10.0, 169.4, 105.6),
(5.6, 178.0, 106.5),
(2.3, 186.7, 107.0),
(0.4, 195.1, 107.1),
(359.3, 202.2, 106.6),
(359.3, 202.2, 106.6),
(358.5, 207.4, 105.2),
(357.7, 211.0, 103.1),
(356.9, 214.0, 101.1),
(356.2, 216.7, 99.5),
    
(9.2, 176.1, 105.3),
(6.5, 181.3, 105.0),
(4.1, 186.5, 104.4),
(1.9, 191.2, 104.2),
(359.6, 195.4, 104.3),
(357.7, 199.1, 104.7),
(357.7, 199.1, 104.7),
(356.6, 202.5, 105.0),
(356.3, 205.7, 105.1),
(355.9, 208.3, 104.7),
    
(15.6, 181.6, 109.0),
(10.6, 189.8, 110.2),
(5.7, 196.6, 110.8),
(1.9, 202.1, 111.2),
(0.3, 205.5, 111.8),
(359.9, 208.2, 112.0),
(359.7, 210.6, 111.9),
(359.7, 210.6, 111.9),
(359.0, 212.5, 111.5),
(357.5, 213.7, 110.8),
    
(9.7, 176.7, 102.8),
(9.1, 182.6, 104.9),
(7.9, 190.8, 106.5),
(6.1, 199.9, 107.0),
(3.2, 207.6, 106.2),
(359.1, 212.6, 104.7),
(356.6, 214.5, 103.1),
(356.2, 215.7, 102.0),
(356.2, 215.7, 102.0),
(357.2, 217.3, 101.2),
    
(7.3, 172.5, 104.8),
(3.1, 182.0, 104.9),
(0.1, 191.0, 105.1),
(358.6, 199.6, 105.8),
(357.7, 205.1, 106.2),
(356.9, 209.5, 106.2),
(355.5, 211.9, 105.0),
(355.5, 211.9, 105.0),
(351.8, 214.8, 101.0),
(351.8, 214.8, 101.0),
    
(9.8, 176.6, 104.4),
(9.1, 183.3, 106.2),
(6.6, 187.8, 106.2),
(3.0, 191.0, 105.7),
(0.4, 193.8, 105.3),
(359.5, 196.7, 105.8),
(359.8, 199.8, 106.8),
(0.1, 202.7, 107.3),
(0.1, 202.7, 107.3),
(359.5, 205.3, 107.1),
    
(7.8, 180.5, 105.7),
(4.2, 186.2, 106.2),
(1.5, 192.5, 106.5),
(0.6, 199.5, 106.8),
(0.3, 206.1, 106.8),
(359.5, 211.4, 106.1),
(357.1, 214.5, 103.9),
(354.5, 216.5, 101.3),
(352.4, 218.2, 99.2),
(352.4, 218.2, 99.2),
    
(14.8, 169.6, 100.0),
(13.7, 177.6, 102.7),
(11.1, 184.7, 104.5),
(7.3, 190.3, 105.4),
(3.5, 194.8, 105.5),
(1.0, 199.2, 105.4),
(0.5, 203.1, 105.3),
(0.2, 206.3, 105.0),
(359.8, 208.7, 104.3),
(359.8, 208.7, 104.3),
    
(11.8, 174.5, 107.3),
(8.4, 178.9, 109.8),
(5.7, 182.8, 111.8),
(3.9, 187.0, 112.8),
(2.5, 191.5, 113.5),
(1.0, 196.2, 113.8),
(359.5, 200.8, 114.0),
(358.3, 205.0, 114.0),
(357.4, 208.2, 113.5),
(357.4, 208.2, 113.5),
    
(8.0, 194.7, 111.9),
(4.6, 202.3, 110.2),
(1.8, 209.0, 107.7),
(359.9, 215.3, 105.3),
(358.8, 220.3, 103.1),
(358.8, 220.3, 103.1),
(358.3, 224.2, 100.8),
(357.1, 226.1, 98.2),
(355.4, 227.0, 95.4),
(353.4, 227.5, 92.5),
    
(4.0, 171.7, 102.6),
(3.0, 178.3, 104.8),
(1.7, 184.9, 106.6),
(1.7, 184.9, 106.6),
(359.3, 191.3, 107.3),
(356.0, 197.7, 107.3),
(354.1, 203.3, 106.3),
(353.8, 209.1, 104.8),
(354.0, 212.9, 102.8),
(352.6, 214.3, 101.4),
    
(12.0, 181.9, 110.4),
(9.2, 188.4, 111.6),
(7.7, 194.7, 112.8),
(6.0, 200.7, 114.1),
(6.0, 200.7, 114.1),
(3.6, 205.6, 114.2),
(1.2, 209.9, 113.4),
(358.8, 213.1, 112.1),
(356.9, 215.2, 110.5),
(355.7, 217.1, 108.4),
    
(9.6, 172.4, 106.6),
(5.7, 179.0, 107.8),
(0.7, 186.8, 107.3),
(357.1, 194.3, 106.2),
(355.9, 200.9, 105.1),
(355.9, 200.9, 105.1),
(355.6, 205.3, 104.4),
(354.7, 207.5, 103.9),
(353.5, 208.9, 103.0),
(352.5, 210.2, 101.7),
    
(10.9, 187.8, 111.3),
(9.1, 195.7, 113.4),
(6.8, 200.3, 113.3),
(3.6, 202.5, 111.3),
(1.3, 204.4, 109.2),
(0.5, 206.6, 107.7),
(0.5, 206.6, 107.7),
(0.4, 208.8, 107.1),
(0.6, 210.9, 106.8),
(0.4, 212.4, 106.2),
    
(6.8, 175.9, 112.3),
(6.6, 180.1, 113.3),
(5.3, 184.2, 113.2),
(3.4, 188.2, 112.7),
(3.4, 188.2, 112.7),
(1.5, 192.0, 112.3),
(0.0, 195.8, 112.1),
(359.4, 199.4, 111.7),
(359.1, 202.5, 111.1),
(358.3, 205.0, 110.1),
    
(11.7, 181.2, 111.3),
(8.0, 186.0, 111.4),
(4.6, 190.8, 111.1),
(0.5, 194.9, 110.4),
(356.3, 198.1, 109.5),
(356.3, 198.1, 109.5),
(353.0, 201.0, 108.9),
(351.7, 204.0, 108.7),
(352.0, 207.2, 108.9),
(353.2, 209.9, 109.2),
    
(28.9, 168.4, 113.0),
(25.9, 180.5, 117.9),
(20.8, 189.5, 118.1),
(14.6, 196.6, 116.3),
(8.8, 203.0, 114.0),
(8.8, 203.0, 114.0),
(4.8, 209.2, 111.8),
(4.7, 215.6, 109.1),
(6.0, 219.3, 105.4),
(3.7, 220.1, 100.1),
    
(31.3, 165.0, 112.7),
(25.7, 174.9, 116.0),
(19.2, 183.2, 117.0),
(12.8, 191.4, 116.9),
(9.5, 198.7, 115.8),
(9.5, 198.7, 115.8),
(7.0, 205.2, 114.5),
(3.8, 210.0, 113.0),
(0.3, 213.7, 111.2),
(358.0, 217.0, 109.6),
    
(18.5, 182.3, 111.2),
(13.0, 190.4, 112.6),
(8.2, 196.9, 112.8),
(5.3, 202.6, 112.6),
(3.7, 207.9, 112.2),
(2.8, 211.4, 111.6),
(2.8, 211.4, 111.6),
(2.0, 213.8, 110.9),
(1.2, 215.9, 110.1),
(0.5, 217.9, 109.3),
    
(17.3, 171.3, 108.5),
(12.0, 175.4, 108.7),
(7.1, 180.2, 109.4),
(4.6, 185.4, 111.0),
(4.0, 190.6, 112.8),
(3.7, 195.2, 114.3),
(3.7, 195.2, 114.3),
(2.8, 198.7, 115.2),
(1.2, 201.5, 115.5),
(359.4, 203.8, 115.3),
    
(6.6, 186.9, 104.7),
(3.1, 192.2, 103.9),
(359.3, 196.9, 102.7),
(359.3, 196.9, 102.7),
(356.0, 201.5, 101.2),
(354.8, 205.5, 99.9),
(354.3, 208.6, 98.8),
(353.4, 210.6, 97.6),
(351.7, 211.6, 96.4),
(349.6, 212.5, 95.4),
    
(20.6, 174.5, 108.8),
(16.4, 184.2, 109.2),
(12.2, 193.4, 108.5),
(12.2, 193.4, 108.5),
(8.3, 202.1, 107.2),
(4.6, 210.9, 105.8),
(2.5, 217.9, 104.2),
(1.9, 222.6, 102.6),
(1.2, 225.1, 100.8),
(0.1, 225.8, 98.4),
    
(20.9, 189.2, 113.4),
(16.9, 198.0, 114.1),
(12.2, 205.0, 113.6),
(12.2, 205.0, 113.6),
(8.2, 210.6, 112.5),
(6.2, 215.2, 111.6),
(5.1, 219.0, 111.0),
(4.6, 221.7, 110.9),
(4.6, 223.7, 110.8),
(4.6, 225.1, 110.7),
    
(14.7, 178.6, 111.6),
(11.8, 186.7, 111.7),
(9.1, 193.6, 110.3),
(9.1, 193.6, 110.3),
(6.2, 199.7, 107.7),
(3.7, 205.3, 105.2),
(1.9, 210.6, 103.4),
(1.7, 214.7, 102.8),
(2.4, 217.7, 102.7),
(3.2, 219.9, 102.5),
    
(7.9, 185.1, 107.0),
(3.7, 191.0, 107.4),
(1.9, 195.6, 107.3),
(1.1, 198.9, 107.0),
(1.1, 198.9, 107.0),
(0.4, 201.3, 106.6),
(358.9, 203.3, 106.1),
(357.3, 205.3, 105.8),
(356.4, 207.6, 105.7),
(356.6, 210.1, 105.4),
    
(19.3, 185.7, 110.3),
(12.8, 195.2, 109.4),
(8.0, 203.5, 108.0),
(5.7, 210.7, 106.7),
(5.5, 215.4, 106.1),
(5.5, 218.6, 105.5),
(5.5, 218.6, 105.5),
(5.6, 220.6, 104.8),
(5.9, 222.3, 104.0),
(5.8, 223.6, 103.3),
    
(14.6, 177.6, 101.4),
(11.2, 186.7, 102.5),
(7.9, 195.5, 103.2),
(4.5, 203.7, 103.6),
(1.3, 209.9, 103.8),
(1.3, 209.9, 103.8),
(358.9, 214.3, 103.6),
(357.5, 217.3, 103.2),
(357.1, 219.4, 103.0),
(356.9, 221.1, 103.0),
    
(10.8, 185.6, 106.9),
(6.7, 193.3, 106.9),
(3.5, 199.8, 106.7),
(0.8, 204.9, 106.5),
(358.6, 208.7, 106.5),
(357.2, 211.6, 106.2),
(356.2, 214.1, 105.7),
(356.2, 214.1, 105.7),
(355.4, 216.2, 104.9),
(354.4, 217.8, 103.7),
    
(10.6, 182.1, 107.4),
(7.6, 194.9, 109.8),
(6.2, 206.0, 109.8),
(3.6, 211.4, 107.9),
(359.8, 213.7, 104.5),
(356.8, 214.9, 101.3),
(355.3, 216.3, 98.7),
(355.3, 216.3, 98.7),
(355.0, 217.8, 96.5),
(355.3, 219.0, 94.5),
    
(7.6, 173.9, 105.1),
(3.7, 179.6, 107.0),
(0.1, 184.7, 108.5),
(357.3, 189.3, 109.8),
(356.2, 192.8, 110.5),
(355.8, 195.6, 110.7),
(355.8, 195.6, 110.7),
(355.7, 198.1, 110.6),
(355.4, 200.3, 110.5),
(354.7, 201.9, 110.0),
    
(10.1, 188.8, 109.9),
(6.4, 197.8, 109.7),
(2.6, 205.4, 109.0),
(359.5, 210.0, 107.8),
(357.6, 213.4, 106.4),
(356.5, 216.0, 105.2),
(355.9, 217.5, 103.8),
(355.7, 218.4, 102.4),
(355.7, 218.4, 102.4),
(355.2, 218.7, 101.0),
    
(12.6, 176.5, 107.1),
(8.9, 182.5, 108.1),
(4.0, 188.0, 108.1),
(0.7, 192.8, 108.0),
(359.4, 197.4, 108.1),
(359.3, 201.4, 108.2),
(359.3, 204.6, 108.2),
(358.2, 206.8, 107.4),
(357.0, 208.3, 106.2),
(357.0, 208.3, 106.2),
    
(13.1, 177.0, 103.5),
(8.5, 182.0, 103.4),
(4.2, 186.5, 103.5),
(1.8, 191.3, 104.3),
(1.4, 195.8, 105.3),
(1.3, 199.4, 105.8),
(359.7, 201.7, 105.1),
(356.5, 203.3, 103.6),
(353.6, 205.2, 102.1),
(353.6, 205.2, 102.1),
    
(4.3, 188.4, 106.7),
(3.8, 194.6, 107.4),
(3.8, 194.6, 107.4),
(3.9, 199.6, 107.9),
(3.4, 203.9, 107.3),
(1.4, 207.2, 105.3),
(359.5, 210.3, 103.1),
(358.5, 213.1, 101.0),
(357.9, 215.6, 99.3),
(357.2, 217.8, 97.5),
    
(17.2, 183.1, 112.0),
(15.1, 191.1, 112.2),
(11.3, 196.8, 110.9),
(11.3, 196.8, 110.9),
(6.6, 201.1, 109.1),
(3.6, 204.8, 107.2),
(2.8, 208.1, 105.6),
(1.7, 209.7, 103.4),
(359.4, 210.0, 100.7),
(356.3, 209.9, 98.0),
    
(12.5, 174.6, 105.5),
(8.6, 181.2, 106.9),
(5.5, 187.6, 107.9),
(5.5, 187.6, 107.9),
(4.2, 193.0, 108.5),
(4.5, 196.9, 108.7),
(5.2, 199.3, 108.5),
(4.4, 200.2, 107.3),
(2.5, 200.7, 105.3),
(0.3, 201.3, 103.3),
    
(16.6, 187.1, 114.3),
(12.0, 191.4, 111.3),
(6.9, 194.7, 107.5),
(3.6, 198.1, 104.7),
(1.8, 201.7, 103.4),
(1.8, 201.7, 103.4),
(1.0, 204.5, 102.4),
(359.8, 206.7, 100.6),
(357.6, 208.3, 98.2),
(354.3, 209.6, 95.1),
    
(357.1, 172.7, 100.0),
(357.9, 177.5, 102.9),
(360.0, 182.9, 105.1),
(2.5, 188.7, 107.0),
(2.5, 188.7, 107.0),
(0.8, 192.8, 106.2),
(356.6, 195.9, 103.4),
(352.3, 198.4, 100.0),
(348.0, 201.4, 96.6),
(347.6, 204.8, 94.7),
    
(16.2, 176.8, 103.5),
(13.4, 182.4, 105.7),
(11.8, 187.3, 108.2),
(11.8, 191.1, 109.3),
(11.8, 191.1, 109.3),
(11.1, 194.2, 108.9),
(8.9, 196.4, 107.0),
(5.5, 198.3, 104.4),
(2.9, 200.8, 102.7),
(1.5, 203.7, 101.9),
    
(13.9, 172.6, 100.0),
(14.2, 180.4, 103.4),
(15.1, 186.8, 106.0),
(14.4, 191.6, 107.3),
(12.2, 195.0, 107.1),
(9.6, 197.8, 105.6),
(9.6, 197.8, 105.6),
(7.0, 200.4, 103.9),
(4.3, 202.9, 102.5),
(3.1, 205.0, 101.5),
    
(8.0, 212.2, 101.7),
(9.5, 216.8, 100.7),
(9.6, 218.1, 97.2),
(7.0, 218.3, 92.5),
(3.8, 218.7, 88.3),
(3.8, 218.7, 88.3),
(1.6, 219.4, 85.0),
(359.5, 220.0, 82.4),
(356.6, 220.3, 79.8),
(353.3, 220.4, 77.0),
    
(26.0, 200.8, 101.8),
(18.4, 208.5, 94.7),
(18.4, 208.5, 94.7),
(15.4, 216.3, 90.0),
(20.2, 223.5, 87.4),
(24.0, 226.6, 84.8),
(24.6, 227.8, 81.1),
(20.4, 227.4, 75.4),
(15.5, 227.0, 68.9),
(11.8, 226.7, 62.7),
    
(27.5, 178.1, 112.0),
(25.6, 183.9, 111.9),
(20.8, 188.5, 109.6),
(15.7, 191.9, 106.3),
(11.2, 194.6, 102.7),
(6.7, 197.2, 98.9),
(2.1, 200.5, 95.5),
(359.1, 205.0, 93.8),
(359.1, 205.0, 93.8),
(358.6, 209.8, 93.1),
    
(10.1, 177.3, 100.9),
(9.0, 184.8, 103.0),
(8.6, 190.0, 105.0),
(8.5, 193.4, 106.0),
(8.1, 195.8, 105.3),
(5.5, 197.5, 103.0),
(2.4, 199.2, 100.6),
(2.4, 199.2, 100.6),
(0.4, 201.2, 98.9),
(359.6, 203.6, 98.0),
    
(22.2, 176.0, 106.7),
(20.5, 186.3, 108.3),
(20.5, 186.3, 108.3),
(18.5, 195.7, 108.2),
(15.6, 203.1, 106.8),
(12.8, 208.2, 104.5),
(11.0, 211.8, 102.6),
(10.0, 213.4, 100.8),
(9.1, 213.8, 98.3),
(8.0, 213.7, 95.3),
    
/n
(40.9, 155.2, 77.7),
(40.6, 155.0, 77.6),
(40.1, 154.6, 77.3),
(39.6, 154.2, 76.9),
(39.6, 154.2, 76.9),
(39.2, 154.0, 76.7),
(39.1, 154.0, 76.6),
(39.4, 154.4, 76.7),
(39.6, 155.2, 77.1),
(39.4, 155.9, 77.3),
    
(11.3, 177.1, 102.8),
(10.2, 183.1, 104.8),
(10.2, 183.1, 104.8),
(9.9, 188.7, 106.6),
(9.8, 193.5, 108.2),
(9.6, 197.4, 109.5),
(9.1, 200.1, 110.1),
(8.3, 202.2, 110.4),
(7.6, 204.1, 110.6),
(7.1, 205.9, 110.6),
    
(20.9, 184.8, 107.5),
(20.3, 191.5, 110.3),
(19.4, 196.2, 111.4),
(19.4, 196.2, 111.4),
(18.2, 199.5, 111.3),
(16.6, 202.1, 110.5),
(15.1, 204.3, 109.6),
(14.2, 207.3, 109.4),
(13.9, 210.6, 109.9),
(13.4, 213.2, 110.3),
    
(19.2, 182.5, 98.7),
(17.3, 188.3, 99.9),
(16.1, 193.4, 101.2),
(15.6, 196.8, 101.5),
(15.6, 196.8, 101.5),
(14.7, 199.0, 100.6),
(13.4, 200.4, 99.0),
(11.6, 201.5, 97.1),
(10.4, 202.8, 95.9),
(10.3, 204.4, 95.4),
    
(23.5, 179.8, 106.0),
(21.2, 185.1, 106.8),
(19.1, 188.6, 105.8),
(17.6, 191.0, 103.7),
(17.6, 191.0, 103.7),
(16.1, 193.2, 101.8),
(14.7, 195.2, 100.5),
(13.5, 197.1, 99.6),
(13.0, 198.8, 99.1),
(13.0, 200.5, 98.6),
    
(26.5, 175.6, 108.4),
(24.7, 180.9, 110.2),
(22.9, 186.2, 110.6),
(21.0, 190.5, 110.2),
(21.0, 190.5, 110.2),
(18.9, 193.8, 109.5),
(16.7, 196.4, 108.7),
(14.8, 198.8, 107.9),
(13.2, 200.8, 107.3),
(12.1, 202.7, 106.6),
    
(17.1, 181.2, 104.7),
(14.1, 185.4, 105.4),
(11.6, 188.9, 106.1),
(9.8, 191.7, 106.6),
(8.2, 193.7, 106.8),
(8.2, 193.7, 106.8),
(6.5, 195.3, 107.0),
(5.0, 196.6, 107.1),
(3.4, 197.8, 107.2),
(1.7, 199.2, 107.3),
    
(24.2, 172.3, 105.3),
(23.5, 178.8, 108.5),
(22.0, 184.3, 110.8),
(20.2, 189.0, 112.4),
(18.6, 192.4, 113.6),
(18.6, 192.4, 113.6),
(16.8, 195.4, 114.6),
(15.5, 198.0, 115.3),
(14.6, 200.9, 116.0),
(13.5, 203.5, 116.7),
    
(17.3, 184.0, 106.5),
(13.7, 189.5, 106.5),
(10.3, 193.2, 106.3),
(8.2, 196.2, 106.9),
(7.8, 199.0, 108.4),
(8.6, 201.1, 109.8),
(9.2, 202.5, 110.8),
(9.6, 203.4, 111.1),
(8.7, 203.7, 110.4),
(8.7, 203.7, 110.4),
    
(20.3, 181.8, 110.5),
(20.3, 181.8, 110.5),
(18.0, 185.3, 112.9),
(16.0, 188.5, 115.4),
(14.0, 191.1, 117.6),
(12.0, 193.5, 119.5),
(10.3, 196.1, 121.6),
(8.9, 199.0, 123.9),
(7.8, 201.8, 125.9),
(6.5, 204.1, 127.5),
    
(25.8, 183.5, 115.9),
(25.0, 191.9, 122.6),
(23.1, 197.2, 126.0),
(23.1, 197.2, 126.0),
(20.4, 200.3, 127.7),
(17.0, 201.8, 128.2),
(14.1, 202.9, 128.5),
(11.8, 204.2, 129.2),
(10.6, 205.7, 130.4),
(10.3, 207.5, 131.8),
    
(10.6, 189.2, 116.9),
(10.9, 194.9, 121.0),
(11.5, 198.9, 124.4),
(12.1, 201.8, 127.0),
(12.1, 201.8, 127.0),
(11.7, 203.6, 128.6),
(10.8, 204.7, 129.5),
(9.7, 205.4, 129.9),
(8.5, 206.0, 130.0),
(7.5, 206.7, 130.3),
    
(23.2, 174.6, 112.2),
(22.9, 177.4, 114.9),
(23.3, 179.3, 116.5),
(23.9, 180.4, 117.5),
(23.9, 180.4, 117.5),
(24.1, 181.1, 118.1),
(24.0, 181.8, 118.6),
(23.9, 182.3, 119.1),
(23.8, 183.0, 119.6),
(23.8, 183.8, 120.2),
    
(20.9, 169.8, 107.3),
(21.0, 168.7, 106.9),
(21.4, 168.0, 106.5),
(21.4, 168.0, 106.5),
(21.9, 167.8, 106.1),
(22.1, 167.8, 105.8),
(22.2, 167.9, 105.7),
(22.1, 167.9, 105.7),
(21.8, 167.8, 105.7),
(21.5, 167.7, 105.6),
    
(23.0, 166.2, 106.6),
(23.3, 165.7, 106.8),
(23.9, 164.7, 106.7),
(24.6, 163.8, 106.5),
(24.6, 163.8, 106.5),
(25.1, 163.1, 106.1),
(25.4, 162.8, 105.6),
(25.5, 162.8, 105.2),
(25.8, 163.0, 104.9),
(26.2, 163.4, 105.0),
    
(33.0, 168.7, 105.4),
(33.4, 168.8, 105.5),
(33.4, 168.8, 105.5),
(33.9, 169.0, 105.7),
(34.4, 169.2, 106.0),
(34.7, 169.3, 106.1),
(34.9, 169.2, 106.2),
(35.0, 169.3, 106.3),
(35.3, 169.3, 106.5),
(35.5, 169.5, 106.7),
    
(36.1, 165.3, 102.0),
(34.9, 165.4, 102.2),
(33.9, 165.3, 102.3),
(33.1, 165.4, 102.4),
(32.4, 165.7, 102.5),
(32.4, 165.7, 102.5),
(32.0, 166.4, 102.8),
(32.0, 167.4, 103.2),
(32.1, 168.5, 103.8),
(32.0, 169.3, 104.1),
    
(41.4, 173.5, 112.7),
(40.3, 174.3, 112.7),
(39.5, 174.6, 112.3),
(39.0, 174.3, 111.5),
(38.4, 173.7, 110.6),
(38.4, 173.7, 110.6),
(38.0, 172.8, 109.8),
(37.8, 172.1, 108.9),
(37.7, 171.2, 108.2),
(37.4, 170.2, 107.3),
    
(56.8, 171.1, 111.7),
(53.6, 172.5, 112.5),
(51.2, 171.8, 111.3),
(49.2, 170.5, 109.7),
(49.2, 170.5, 109.7),
(47.5, 169.3, 108.3),
(46.1, 168.4, 107.2),
(45.3, 168.1, 106.5),
(44.8, 167.9, 106.1),
(44.5, 167.8, 105.7),
    
(51.2, 174.0, 111.4),
(50.3, 175.4, 112.5),
(49.5, 176.5, 113.6),
(48.9, 176.9, 114.0),
(48.5, 176.5, 113.5),
(48.0, 175.6, 112.5),
(48.0, 175.6, 112.5),
(47.5, 174.8, 111.2),
(47.3, 174.2, 110.0),
(47.3, 173.8, 108.9),
    
(51.1, 162.7, 101.4),
(50.1, 163.8, 101.9),
(49.3, 164.6, 102.3),
(48.6, 165.1, 102.3),
(48.0, 164.9, 101.8),
(47.2, 164.3, 101.0),
(46.2, 163.7, 100.0),
(46.2, 163.7, 100.0),
(45.5, 163.2, 99.1),
(44.8, 162.9, 98.5),
    
(21.4, 161.1, 94.1),
(21.2, 160.1, 94.4),
(21.2, 158.8, 94.3),
(21.2, 157.7, 94.2),
(21.2, 157.2, 94.1),
(21.2, 157.2, 94.1),
(21.3, 157.0, 93.9),
(21.4, 156.9, 94.0),
(21.5, 156.7, 94.1),
(21.5, 156.5, 94.2),
    
(18.0, 170.1, 91.3),
(20.2, 169.2, 92.4),
(22.7, 168.4, 93.6),
(22.9, 167.3, 93.9),
(20.8, 165.7, 93.5),
(18.4, 164.0, 93.0),
(17.7, 162.5, 92.5),
(17.8, 162.2, 92.0),
(17.7, 162.0, 92.0),
(17.7, 162.0, 92.0),
    
(20.2, 159.1, 93.8),
(21.0, 160.2, 93.6),
(20.6, 160.7, 93.0),
(19.2, 160.5, 92.7),
(18.0, 160.2, 92.2),
(18.0, 160.2, 92.2),
(17.5, 160.0, 91.9),
(17.4, 160.1, 92.0),
(17.6, 160.1, 92.1),
(17.4, 160.0, 92.0),
    
(14.3, 168.7, 94.7),
(14.4, 168.3, 94.8),
(14.2, 167.9, 94.7),
(14.0, 167.4, 94.5),
(13.8, 167.1, 94.3),
(13.5, 166.8, 94.2),
(13.5, 166.8, 94.2),
(13.4, 166.6, 94.2),
(13.3, 166.5, 94.2),
(13.3, 166.3, 94.1),
    
(14.1, 167.4, 93.0),
(14.2, 166.8, 92.6),
(14.3, 166.4, 92.3),
(14.4, 166.0, 92.1),
(14.3, 165.6, 92.0),
(14.3, 165.3, 91.9),
(14.5, 165.0, 91.9),
(14.5, 165.0, 91.9),
(14.6, 164.8, 91.9),
(14.6, 164.5, 91.8),
    
(6.3, 190.6, 91.8),
(6.3, 190.6, 91.8),
(6.6, 185.8, 93.2),
(8.3, 180.6, 94.3),
(10.3, 175.1, 94.8),
(11.4, 170.1, 94.9),
(11.5, 166.1, 95.0),
(11.5, 163.2, 95.8),
(11.5, 161.8, 96.5),
(11.6, 161.2, 97.1),
    
(3.5, 196.6, 95.3),
(5.2, 188.2, 96.3),
(5.2, 188.2, 96.3),
(7.7, 181.9, 97.3),
(11.4, 177.1, 97.8),
(13.8, 173.3, 97.5),
(14.5, 170.0, 96.7),
(13.5, 167.3, 95.8),
(11.7, 165.5, 94.5),
(10.3, 164.4, 93.5),
    
(11.9, 227.9, 85.7),
(12.2, 228.2, 86.0),
(11.9, 228.0, 87.2),
(13.2, 228.5, 89.7),
(15.8, 233.4, 93.7),
(14.7, 237.5, 97.2),
(14.9, 235.3, 100.4),
(14.9, 235.3, 100.4),
(16.7, 227.2, 101.8),
(17.8, 214.9, 100.4),
    
(9.4, 215.2, 90.9),
(10.8, 215.1, 92.5),
(12.0, 213.3, 93.0),
(10.1, 206.9, 92.2),
(7.6, 197.5, 90.5),
(7.6, 197.5, 90.5),
(6.6, 187.0, 88.6),
(6.1, 174.8, 86.5),
(7.5, 163.7, 86.1),
(10.0, 155.9, 86.5),
    
(10.5, 168.8, 93.5),
(10.5, 168.8, 93.5),
(15.5, 160.3, 91.2),
(17.2, 154.3, 90.3),
(15.8, 150.6, 90.6),
(13.9, 149.2, 90.5),
(12.3, 148.9, 90.0),
(11.3, 149.2, 89.6),
(10.7, 149.6, 89.5),
(10.2, 150.0, 89.3),
    
(4.1, 228.4, 96.9),
(6.5, 226.8, 100.4),
(8.9, 220.8, 101.6),
(8.1, 209.8, 98.9),
(4.4, 196.8, 94.8),
(1.7, 184.3, 90.8),
(2.5, 172.8, 87.2),
(10.1, 163.0, 86.9),
(10.1, 163.0, 86.9),
(15.7, 157.9, 89.3),
    
(336.9, 171.4, 84.4),
(339.8, 171.2, 85.1),
(342.7, 171.3, 85.6),
(345.4, 171.4, 86.0),
(345.4, 171.4, 86.0),
(347.3, 171.4, 86.6),
(348.6, 171.2, 87.1),
(349.4, 170.8, 87.7),
(350.1, 170.4, 88.4),
(350.9, 169.9, 88.9),
    
(327.3, 165.3, 87.7),
(327.4, 166.0, 86.0),
(327.7, 166.5, 84.5),
(328.6, 166.9, 83.4),
(329.1, 167.2, 82.7),
(329.1, 167.2, 82.7),
(328.8, 167.3, 82.4),
(328.2, 167.2, 82.3),
(327.6, 166.9, 82.4),
(327.2, 166.5, 82.5),
    
(307.5, 166.2, 82.7),
(309.1, 169.2, 79.0),
(311.0, 170.9, 77.1),
(311.5, 171.4, 77.3),
(311.5, 171.4, 77.3),
(311.2, 171.3, 78.2),
(310.7, 171.1, 78.8),
(310.2, 171.0, 79.0),
(309.7, 170.8, 79.3),
(309.4, 170.6, 79.6),
    
(308.2, 173.8, 71.9),
(311.9, 173.9, 71.2),
(314.1, 173.9, 71.0),
(315.2, 173.9, 71.1),
(315.8, 173.8(21.0, 177.7, 102.1),
(21.0, 177.7, 102.1),
(21.2, 183.3, 104.1),
(21.0, 187.7, 105.0),
(20.5, 190.9, 105.5),
(19.8, 193.0, 105.8),
(19.4, 194.5, 106.1),
(19.3, 195.6, 106.4),
(19.3, 196.7, 106.4),
(18.9, 197.8, 106.4),
    
(20.8, 178.9, 99.4),
(19.6, 182.0, 100.4),
(18.8, 185.0, 101.5),
(18.5, 188.2, 102.6),
(18.3, 191.5, 103.8),
(18.3, 194.7, 104.9),
(18.4, 197.5, 105.8),
(18.0, 199.2, 106.2),
(17.1, 200.5, 106.2),
(17.1, 200.5, 106.2),
    
(45.4, 179.6, 103.3),
(41.5, 184.2, 105.1),
(37.0, 188.8, 105.4),
(33.1, 193.1, 104.8),
(30.2, 197.2, 103.9),
(28.4, 200.9, 103.0),
(26.9, 204.1, 102.0),
(25.2, 206.2, 100.6),
(23.1, 207.5, 99.1),
(23.1, 207.5, 99.1),
    
(26.1, 169.9, 93.5),
(24.5, 174.4, 95.4),
(23.1, 178.8, 97.1),
(21.9, 183.0, 98.6),
(20.8, 186.4, 99.9),
(19.7, 188.6, 100.6),
(18.7, 189.9, 100.6),
(18.0, 190.9, 99.9),
(18.0, 190.9, 99.9),
(17.4, 192.5, 98.7),
    
(27.4, 172.2, 100.4),
(25.5, 178.1, 101.7),
(23.8, 183.6, 102.2),
(22.6, 188.3, 101.9),
(21.9, 192.6, 101.6),
(21.5, 196.2, 101.2),
(21.4, 199.1, 100.8),
(21.1, 200.9, 99.9),
(21.1, 200.9, 99.9),
(20.9, 201.9, 98.7),
    
(20.3, 167.4, 96.9),
(17.6, 172.3, 98.2),
(17.1, 177.2, 100.1),
(18.0, 181.8, 102.5),
(19.0, 185.6, 104.8),
(19.4, 188.3, 106.4),
(18.6, 189.9, 106.8),
(18.6, 189.9, 106.8),
(17.3, 191.1, 106.6),
(16.4, 192.5, 106.3),
    
(21.4, 171.4, 97.5),
(19.7, 176.1, 99.9),
(17.5, 180.6, 101.8),
(15.1, 185.0, 103.2),
(13.5, 189.3, 104.2),
(12.5, 193.5, 104.9),
(12.5, 193.5, 104.9),
(11.3, 196.6, 105.0),
(10.2, 198.4, 104.5),
(9.8, 200.2, 104.1),
    
(20.5, 177.8, 98.6),
(19.6, 185.7, 100.9),
(18.6, 193.5, 102.6),
(18.6, 193.5, 102.6),
(17.6, 200.7, 103.4),
(16.7, 206.8, 103.4),
(15.6, 212.2, 102.7),
(14.6, 215.3, 101.7),
(13.5, 217.9, 100.6),
(12.7, 220.4, 99.8),
    
(17.9, 188.8, 101.1),
(18.1, 196.8, 103.1),
(17.1, 202.1, 103.9),
(15.2, 205.2, 103.6),
(12.8, 207.5, 102.6),
(11.6, 210.0, 101.9),
(11.6, 210.0, 101.9),
(11.6, 212.9, 101.5),
(12.7, 216.3, 101.7),
(13.5, 218.8, 101.3),
    
(27.5, 178.0, 103.9),
(26.2, 182.5, 105.1),
(26.1, 186.8, 106.0),
(25.9, 190.3, 106.1),
(24.6, 193.2, 105.4),
(24.6, 193.2, 105.4),
(22.3, 195.7, 104.2),
(19.5, 198.5, 102.9),
(17.3, 201.4, 101.8),
(15.9, 204.5, 100.9),
    
(20.7, 174.1, 94.0),
(19.2, 179.3, 96.0),
(17.4, 184.7, 97.9),
(16.0, 189.9, 99.1),
(16.0, 189.9, 99.1),
(14.8, 194.4, 99.7),
(13.5, 198.0, 99.7),
(11.5, 200.6, 99.5),
(10.0, 203.3, 99.5),
(9.5, 206.6, 99.6),
    
(22.6, 174.6, 99.5),
(20.6, 181.0, 102.1),
(18.5, 187.7, 103.8),
(17.3, 194.4, 104.7),
(16.6, 199.8, 104.7),
(16.6, 199.8, 104.7),
(16.1, 203.8, 104.2),
(15.5, 206.7, 103.4),
(14.4, 208.8, 102.5),
(13.5, 210.6, 101.8),
    
(24.0, 178.5, 98.1),
(21.9, 183.0, 97.2),
(19.5, 187.8, 95.8),
(17.0, 192.5, 94.4),
(15.1, 197.1, 93.6),
(14.2, 201.7, 93.3),
(13.9, 206.0, 93.2),
(14.1, 209.9, 92.9),
(14.1, 209.9, 92.9),
(13.9, 212.3, 91.8),
    
(24.1, 183.0, 92.9),
(25.0, 187.8, 94.9),
(24.0, 191.2, 95.2),
(20.6, 194.6, 93.0),
(16.6, 199.0, 89.5),
(13.2, 203.2, 86.5),
(10.4, 207.0, 85.1),
(9.2, 210.6, 84.8),
(10.7, 214.0, 82.8),
(11.4, 217.3, 79.0),
    
(22.2, 180.3, 92.3),
(19.9, 185.8, 91.6),
(17.9, 190.7, 90.9),
(16.4, 195.0, 90.7),
(15.8, 199.1, 91.4),
(16.4, 203.0, 92.1),
(17.3, 206.5, 92.2),
(17.1, 209.2, 91.3),
(15.7, 211.2, 89.4),
(15.7, 211.2, 89.4),
    
(21.1, 171.7, 91.0),
(21.8, 176.3, 93.2),
(22.8, 181.4, 95.7),
(22.7, 186.3, 97.1),
(21.0, 190.5, 97.5),
(18.7, 194.0, 97.4),
(16.5, 196.9, 97.1),
(14.7, 199.2, 96.7),
(14.7, 199.2, 96.7),
(13.3, 201.1, 96.1),
    
(16.8, 188.5, 93.8),
(16.3, 193.5, 93.8),
(15.7, 197.8, 93.3),
(13.4, 200.9, 92.0),
(13.4, 200.9, 92.0),
(10.6, 203.5, 90.3),
(8.5, 206.1, 88.8),
(8.3, 208.9, 87.4),
(8.7, 211.6, 86.0),
(8.2, 213.7, 84.2),
    
(23.3, 173.4, 94.2),
(23.1, 180.6, 97.2),
(23.1, 180.6, 97.2),
(21.5, 186.4, 99.2),
(19.2, 191.5, 100.7),
(16.9, 196.5, 101.9),
(15.0, 201.8, 103.0),
(13.7, 206.8, 103.5),
(12.7, 211.0, 103.4),
(11.6, 214.2, 102.7),
    
(17.6, 169.3, 99.0),
(17.4, 176.3, 101.8),
(16.9, 184.3, 103.3),
(15.4, 190.8, 103.3),
(12.5, 193.7, 101.9),
(9.5, 195.2, 100.4),
(8.1, 196.7, 99.5),
(8.8, 198.9, 99.4),
(8.8, 198.9, 99.4),
(9.5, 201.1, 99.4),
    
(22.3, 179.9, 97.1),
(20.8, 183.8, 97.9),
(18.3, 187.2, 98.1),
(18.3, 187.2, 98.1),
(16.2, 190.0, 97.9),
(15.1, 192.8, 97.7),
(14.7, 195.5, 97.6),
(14.4, 198.1, 97.4),
(13.1, 200.1, 96.6),
(11.1, 202.0, 95.6),
    
(24.5, 181.0, 103.8),
(21.6, 186.1, 103.9),
(21.6, 186.1, 103.9),
(19.2, 190.7, 103.9),
(17.5, 194.5, 104.2),
(17.0, 197.6, 104.7),
(17.1, 199.4, 103.8),
(16.5, 200.2, 101.5),
(14.8, 200.3, 98.4),
(12.4, 200.8, 95.9),
    
(16.1, 184.2, 90.9),
(14.4, 190.7, 93.0),
(15.2, 196.5, 95.3),
(17.5, 201.1, 97.6),
(18.2, 202.6, 97.4),
(18.2, 202.6, 97.4),
(17.1, 202.4, 95.7),
(14.8, 202.1, 93.5),
(12.6, 202.8, 91.7),
(11.9, 204.4, 90.7),
    
(20.4, 186.4, 99.4),
(18.4, 191.9, 100.4),
(17.3, 196.1, 100.9),
(16.9, 199.4, 100.9),
(16.6, 202.3, 100.6),
(15.7, 204.8, 99.7),
(15.7, 204.8, 99.7),
(14.1, 206.8, 98.3),
(12.2, 208.9, 97.0),
(11.2, 211.2, 95.9),
    
(13.6, 175.8, 94.7),
(11.4, 181.0, 95.1),
(9.6, 185.5, 94.6),
(8.4, 189.9, 93.9),
(8.1, 194.3, 93.6),
(8.3, 199.0, 94.0),
(8.3, 199.0, 94.0),
(8.5, 202.6, 94.4),
(9.0, 205.7, 94.8),
(9.8, 208.3, 94.8),
    
(18.4, 176.9, 93.8),
(15.8, 180.6, 95.1),
(12.8, 183.0, 95.5),
(10.3, 185.0, 95.5),
(10.3, 185.0, 95.5),
(9.3, 187.2, 95.9),
(9.1, 189.9, 96.0),
(8.7, 192.7, 95.6),
(7.9, 195.1, 94.9),
(6.8, 197.3, 94.3),
    
(16.5, 173.9, 101.8),
(15.4, 179.9, 102.9),
(14.7, 185.3, 103.9),
(13.9, 189.8, 104.4),
(12.7, 193.5, 104.7),
(12.7, 193.5, 104.7),
(11.6, 196.7, 104.6),
(10.9, 200.0, 104.5),
(10.4, 203.3, 104.5),
(10.2, 206.4, 104.2),
    
(18.0, 176.8, 94.4),
(18.0, 176.8, 94.4),
(17.6, 180.7, 95.1),
(14.7, 183.2, 94.6),
(11.8, 185.3, 93.8),
(9.0, 187.5, 92.8),
(8.1, 190.2, 92.6),
(7.1, 195.8, 93.4),
(7.1, 195.8, 93.4),
(6.6, 198.4, 94.1),
    
(21.3, 176.5, 96.5),
(19.2, 182.9, 97.3),
(17.5, 189.4, 98.3),
(15.8, 194.9, 99.2),
(14.1, 199.3, 99.8),
(12.3, 202.7, 100.0),
(10.8, 205.5, 100.0),
(10.8, 205.5, 100.0),
(9.4, 207.8, 99.9),
(7.8, 210.3, 100.0),
    
(21.7, 185.2, 100.2),
(19.3, 190.0, 100.7),
(19.3, 190.0, 100.7),
(16.7, 194.2, 100.7),
(14.6, 197.9, 100.2),
(13.4, 201.5, 99.7),
(13.0, 205.2, 99.3),
(13.0, 208.5, 98.7),
(12.4, 211.3, 97.7),
(10.8, 213.3, 96.3),
    
(25.8, 179.0, 102.9),
(25.8, 179.0, 102.9),
(24.6, 184.1, 103.7),
(22.8, 188.8, 103.9),
(20.3, 193.1, 103.6),
(17.6, 197.4, 103.1),
(15.6, 201.6, 102.4),
(14.2, 205.7, 101.3),
(13.2, 209.3, 99.7),
(12.2, 212.5, 97.4),
    
(12.1, 186.3, 92.5),
(10.5, 192.5, 93.4),
(9.4, 198.3, 93.9),
(8.3, 202.5, 93.9),
(8.3, 202.5, 93.9),
(7.1, 206.0, 93.4),
(6.1, 209.4, 92.4),
(5.3, 213.0, 91.3),
(4.6, 216.3, 90.2),
(3.7, 219.4, 88.9),
    
(15.4, 186.2, 99.1),
(14.2, 192.7, 100.5),
(13.3, 198.6, 101.4),
(12.9, 203.4, 101.2),
(12.0, 207.1, 100.0),
(12.0, 207.1, 100.0),
(10.0, 209.7, 98.5),
(8.0, 212.3, 97.1),
(6.4, 215.0, 95.9),
(5.0, 217.6, 94.5),
    
(17.9, 188.9, 101.1),
(18.2, 193.5, 102.5),
(17.9, 197.0, 103.1),
(16.7, 199.6, 102.6),
(16.7, 199.6, 102.6),
(14.9, 201.8, 101.8),
(13.4, 204.0, 101.4),
(12.7, 206.2, 101.2),
(12.4, 208.4, 100.9),
(11.4, 210.0, 100.0),
    
(21.0, 186.9, 103.5),
(19.4, 192.6, 103.4),
(16.7, 197.0, 102.6),
(13.9, 200.9, 101.4),
(12.1, 204.6, 100.2),
(12.1, 204.6, 100.2),
(11.9, 208.2, 99.2),
(11.6, 211.5, 98.4),
(10.5, 214.2, 97.4),
(8.7, 216.5, 96.2),
    
(22.3, 175.1, 97.0),
(19.5, 180.0, 98.4),
(18.0, 185.1, 99.1),
(18.0, 185.1, 99.1),
(17.2, 189.5, 99.7),
(15.9, 193.3, 100.0),
(14.2, 196.7, 100.3),
(12.3, 200.1, 100.7),
(10.9, 203.2, 101.4),
(10.3, 206.3, 102.4),
    
(10.0, 176.3, 89.8),
(7.7, 183.7, 91.3),
(5.1, 190.4, 92.9),
(3.2, 196.6, 94.5),
(2.1, 202.3, 95.5),
(1.3, 207.4, 95.6),
(1.3, 207.4, 95.6),
(0.2, 211.4, 94.9),
(358.3, 214.8, 93.7),
(356.5, 217.7, 92.5),
    
(15.7, 176.5, 96.6),
(13.9, 181.3, 98.0),
(11.9, 186.2, 99.0),
(7.7, 195.2, 100.8),
(5.1, 199.9, 101.7),
(5.1, 199.9, 101.7),
(2.7, 204.5, 102.7),
(0.9, 209.0, 103.6),
(0.0, 212.9, 104.3),
(359.1, 215.5, 104.4),
    
(13.0, 178.8, 94.8),
(12.3, 182.6, 95.8),
(11.2, 186.2, 96.8),
(9.2, 189.7, 97.9),
(6.7, 192.9, 98.8),
(6.7, 192.9, 98.8),
(4.3, 196.1, 99.4),
(2.2, 199.4, 99.9),
(0.6, 202.9, 100.3),
(359.5, 206.8, 100.5),
    
(19.5, 178.2, 98.8),
(18.0, 183.2, 100.9),
(16.8, 187.7, 102.6),
(15.8, 191.6, 104.0),
(14.5, 195.0, 105.0),
(14.5, 195.0, 105.0),
(12.7, 197.9, 105.6),
(10.8, 200.8, 105.9),
(9.2, 203.9, 106.1),
(8.0, 207.2, 106.4),
    
(16.8, 180.6, 103.2),
(14.1, 188.5, 105.2),
(11.9, 196.4, 107.0),
(10.3, 202.9, 108.0),
(8.2, 207.7, 108.1),
(5.0, 210.5, 107.8),
(2.2, 212.9, 107.4),
(1.0, 215.8, 106.8),
(1.0, 215.8, 106.8),
(1.0, 218.3, 105.7),
    
(16.6, 181.0, 100.7),
(14.9, 185.6, 101.9),
(12.3, 189.6, 102.9),
(9.3, 193.5, 104.1),
(6.8, 197.9, 105.5),
(5.2, 202.6, 107.0),
(4.7, 207.6, 108.2),
(4.4, 211.9, 108.7),
(4.4, 211.9, 108.7),
(2.0, 214.3, 108.2),
    
(10.8, 187.3, 103.5),
(10.8, 187.3, 103.5),
(7.6, 192.9, 105.2),
(3.8, 197.5, 106.4),
(0.7, 201.4, 107.5),
(359.2, 205.2, 108.8),
(358.9, 208.5, 109.8),
(358.8, 211.0, 110.1),
(357.8, 212.5, 110.1),
(355.9, 213.2, 109.8),
    
(19.3, 173.6, 99.5),
(16.9, 178.2, 101.2),
(14.0, 182.6, 102.0),
(10.8, 186.5, 102.5),
(7.7, 190.1, 102.7),
(5.5, 193.9, 103.3),
(4.2, 197.7, 104.2),
(3.4, 201.2, 105.4),
(3.4, 201.2, 105.4),
(2.7, 204.5, 106.5),
    
(17.0, 184.8, 97.7),
(17.0, 184.8, 97.7),
(14.2, 190.4, 100.4),
(11.6, 195.0, 102.5),
(9.6, 198.9, 103.9),
(8.0, 202.5, 105.2),
(6.6, 205.9, 106.3),
(5.6, 209.6, 107.1),
(4.8, 213.2, 107.3),
(4.8, 213.2, 107.3),
    
(26.8, 178.7, 99.5),
(23.1, 184.3, 102.4),
(18.7, 189.2, 104.4),
(14.3, 193.3, 106.1),
(10.2, 197.1, 107.5),
(7.5, 201.1, 108.9),
(5.9, 205.3, 110.1),
(4.8, 209.3, 111.1),
(4.8, 209.3, 111.1),
(3.3, 212.6, 111.8),
    
(23.3, 178.0, 102.5),
(20.9, 181.6, 105.1),
(20.9, 181.6, 105.1),
(17.6, 184.0, 106.8),
(13.9, 186.3, 108.1),
(10.7, 189.1, 109.2),
(8.2, 192.5, 110.6),
(6.4, 196.2, 112.1),
(4.7, 199.9, 113.6),
(2.8, 203.2, 115.0),
    
(14.7, 183.1, 104.3),
(13.6, 189.7, 107.8),
(12.0, 196.1, 110.6),
(9.2, 201.3, 112.5),
(9.2, 201.3, 112.5),
(5.2, 205.2, 113.4),
(1.3, 207.4, 113.7),
(358.4, 209.1, 113.8),
(357.0, 210.9, 114.2),
(356.5, 212.9, 114.7),
    
(16.0, 188.3, 105.7),
(12.8, 191.6, 108.3),
(10.2, 195.3, 111.0),
(10.2, 195.3, 111.0),
(8.2, 199.5, 113.5),
(6.1, 203.8, 115.8),
(3.5, 207.8, 117.3),
(0.4, 211.1, 118.2),
(357.0, 213.6, 118.9),
(353.6, 215.9, 119.6),
    
(11.5, 180.8, 103.2),
(6.0, 185.0, 104.7),
(2.4, 189.2, 105.8),
(1.3, 193.5, 107.1),
(0.9, 197.1, 108.7),
(0.9, 197.1, 108.7),
(0.0, 200.0, 110.4),
(358.1, 201.6, 111.7),
(355.8, 202.2, 113.0),
(353.8, 202.6, 114.1),
    
(19.9, 178.2, 100.6),
(18.7, 184.6, 103.7),
(17.3, 190.3, 106.7),
(17.3, 190.3, 106.7),
(15.1, 195.0, 109.2),
(12.4, 197.9, 111.3),
(9.9, 200.1, 112.9),
(8.4, 202.5, 114.9),
(7.2, 205.6, 117.0),
(5.8, 208.9, 118.7),
    
/n
