    
    
    
    
    
0.1462962,
0.1317497,
0.1179615,
0.08624975,
0.06594355,
0.05422469,
0.05109258,
0.04238124,
0,
    
0,
0.1463826,
0.1181738,
0.0983413,
0.0731176,
0.05779095,
0.0415224,
0.03222854,
0.02405134,
    
0.1519578,
0.1332455,
0.1067217,
0.08147066,
0.05678378,
0.04309946,
0.0320688,
0.02382206,
0.01584322,
    
0.1218992,
0,
0.2189134,
0,
0.09630629,
0.0694663,
0.05432509,
0.04090417,
0.03237513,
    
0.1595767,
0.1393967,
0.1264998,
0,
0.1147569,
0.08743641,
0.07336504,
0.05201276,
0.03973429,
    
/n
    
    
    
    
    
0.2384224,
0.2175787,
0.1890667,
0.1599561,
0.1398686,
0,
0.1185464,
0.1098776,
0.09977404,
    
0.2453651,
0.2441368,
0.2289791,
0.2006437,
0.1487495,
0,
0.1212098,
0.1093537,
0.107856,
    
0.2620806,
0.2353896,
0.2023727,
0.16257,
0.1380067,
0,
0.1131334,
0.1042323,
0.09564115,
    
0.2202965,
0.2192694,
0.209265,
0.1887416,
0.1664332,
0.1531275,
0,
0.1297156,
0.116623,
    
0.2308038,
0.2316977,
0.225505,
0,
0.215507,
0.1770667,
0.1462621,
0.1261182,
0.1051405,
    
/n
    
    
    
    
    
0.2325447,
0.2318118,
0,
0.2344821,
0.196472,
0.1614248,
0.1316127,
0.113553,
0.09624688,
    
0.2220505,
0,
0.2328333,
0.2250134,
0.2092095,
0.1831363,
0.1601899,
0.1298677,
0.1124238,
    
0,
0.221865,
0.223559,
0.2067917,
0.189947,
0.1745482,
0.1441366,
0.1247453,
0,
    
0.2408101,
0.2251266,
0.2071815,
0,
0.193216,
0.158312,
0.1325296,
0.1151662,
0.1057019,
    
0,
0.2013581,
0.1899273,
0.1858389,
0.162119,
0.1619496,
0.1342273,
0.115711,
0.1073522,
    
/n
    
    
    
    
    
    
    
    
    
    
    
    
    
    
    
0.1789579,
0.1792251,
0.1800594,
0,
0.1641302,
0.1504224,
0.1396623,
0.1308568,
0.1241761,
    
0.2076538,
0.2020884,
0.1829542,
0.1548727,
0,
0.134214,
0.1088141,
0.09727541,
0.09054432,
    
0.1479135,
0.1525996,
0.1504829,
0,
0.1472021,
0.1364102,
0.1294021,
0.1240237,
0.1156018,
    
0.1938394,
0.1929523,
0.1840325,
0.1748888,
0.1716081,
0.1607139,
0.1493012,
0,
0.1359586,
    
0.1573998,
0.1576423,
0.1514507,
0.1417871,
0,
0.1285897,
0.1156716,
0.1091733,
0.1052572,
    
0.1367698,
0.1368778,
0.1319466,
0.1271244,
0.1211422,
0,
0.1156728,
0.1118281,
0.1042742,
    
0.1797908,
0.1693392,
0.1571662,
0.1305959,
0.1156055,
0.107697,
0,
0.1010668,
0.0965168,
    
0.1714938,
0.1844348,
0.1897542,
0.1787199,
0.1624609,
0.1279702,
0.109276,
0,
0.1033696,
    
0.1999161,
0.1928492,
0.1899416,
0.1577734,
0.1482977,
0.1294061,
0,
0.2332563,
0,
    
0.1641143,
0.1476325,
0.1373702,
0.1290209,
0.1220584,
0.1177264,
0.1087534,
0,
0.1035993,
    
0.1622351,
0.1642664,
0.1639332,
0.1577098,
0.1496281,
0.133443,
0.1237373,
0.1160185,
0,
    
0.1655361,
0.1624813,
0.1546263,
0.1434435,
0.136812,
0.1247209,
0.1143441,
0.1050548,
0,
    
0.1393277,
0.1355982,
0.1359739,
0.1359188,
0.1362908,
0.1367535,
0.1305869,
0.1197547,
0,
    
0.1861946,
0.1780404,
0.1761259,
0.1589222,
0,
0.1493451,
0.1299736,
0.1182585,
0.110905,
    
0.1812092,
0.1837284,
0,
0.1815771,
0.1839155,
0.1617435,
0.161009,
0.1381028,
0.1120636,
    
0.1761537,
0.1728118,
0.1734441,
0,
0.1654639,
0.1592629,
0.1512846,
0.1363577,
0.1285897,
    
0.1913171,
0.2033662,
0.19206,
0.1761167,
0,
0.150323,
0.1274149,
0.1143713,
0.1045259,
    
0.1745214,
0.1508593,
0.1334289,
0.1198522,
0.1128968,
0,
0.1068234,
0.102075,
0.09561246,
    
0.1279852,
0.1298239,
0.133045,
0,
0.1324814,
0.132895,
0.1271862,
0.1221032,
0.1192231,
    
0.1563572,
0.1547575,
0.1531982,
0.1406295,
0,
0.1327083,
0.1238341,
0.1145003,
0.1059911,
    
0.2008909,
0.1926198,
0.1870248,
0.1793436,
0,
0.171084,
0.1651776,
0.1476029,
0.137245,
    
0.1653642,
0.1651989,
0.1675063,
0.1533654,
0,
0.1443003,
0.1339173,
0.1252145,
0.1148219,
    
0.1703131,
0.1562589,
0.1407104,
0.129469,
0.1100534,
0,
0.09909172,
0.09493657,
0.09026936,
    
0.1410809,
0.1465651,
0.1437584,
0.1379372,
0.1302791,
0,
0.1209653,
0.1174661,
0.1093453,
    
0.1440857,
0.1386533,
0,
0.1371069,
0.1243909,
0.1148317,
0.1033905,
0.09541564,
0.08713362,
    
0.1648999,
0.165883,
0,
0.1627418,
0.1629838,
0.1431036,
0.1231208,
0.1036539,
0.08826295,
    
0.1389084,
0.1287901,
0,
0.1195476,
0.104671,
0.09512731,
0.08462258,
0.07582635,
0.07084214,
    
0.1363818,
0.1300194,
0,
0.1261704,
0.1210897,
0.1164398,
0.1026357,
0.09130434,
0.0838117,
    
0.1477947,
0.1293025,
0.1136172,
0,
0.1012408,
0.09663676,
0.09070487,
0.0877542,
0.08271565,
    
0.1403692,
0.1309673,
0.1180544,
0.09747258,
0.08565014,
0,
0.07765675,
0.07390375,
0.07227658,
    
0.1395598,
0.1360257,
0.1289264,
0.114106,
0,
0.0980797,
0.08504523,
0.07282407,
0.06638362,
    
0.1468431,
0.1372003,
0.1252879,
0.114926,
0.1021068,
0.09387626,
0,
0.08692618,
0.08098755,
    
0.2012477,
0.1841799,
0.1438419,
0.1225104,
0.1034882,
0.09644765,
0,
0.09189203,
0.08844648,
    
0.1472967,
0.1417932,
0.1355991,
0.117355,
0.1060205,
0,
0.09777278,
0.09275281,
0.08548886,
    
0.1619583,
0.1534773,
0.1309021,
0.1164584,
0.1080464,
0.09443974,
0.08703738,
0,
0.07986558,
    
0.1414387,
0.1434462,
0.1334917,
0.1259207,
0.1152334,
0.1082128,
0.09805285,
0.09108734,
0,
    
0.1574763,
0.1560182,
0.157579,
0.1477481,
0.136521,
0.1280773,
0.1160774,
0.1102441,
0,
    
0.1558664,
0,
0.147709,
0.1442618,
0.1380396,
0.1324939,
0.1268902,
0.1187985,
0.1140295,
    
0.1667483,
0.1583037,
0,
0.1483509,
0.1370158,
0.1280024,
0.1134539,
0.1029098,
0.0966569,
    
0.1603252,
0.1556838,
0,
0.1443128,
0.1268321,
0.1150631,
0.1022129,
0.09790596,
0.09571757,
    
0.1684126,
0.1616051,
0.1542762,
0.1500751,
0,
0.1384966,
0.1310821,
0.1245853,
0.1214539,
    
0.1573246,
0.1536396,
0.1571204,
0,
0.1512841,
0.1491176,
0.133429,
0.1328517,
0.1225813,
    
0.1470725,
0.1422182,
0.1294348,
0,
0.1232595,
0.1198159,
0.1189317,
0.1154387,
0.1117979,
    
0.1496091,
0.1374393,
0.1263236,
0.1197834,
0.1114078,
0,
0.1065091,
0.1032855,
0.09351205,
    
0.1593543,
0.1347219,
0.1220279,
0.1091637,
0,
0.1043342,
0.09289705,
0.08441012,
0.07649787,
    
0.2255979,
0,
0.2048215,
0.1914521,
0.1471322,
0.1340622,
0.1108504,
0.09963058,
0.09281387,
    
0.1570495,
0.1658715,
0.1591931,
0.1525953,
0.1464561,
0.1485376,
0.1451178,
0,
0.1416016,
    
0.1804677,
0.1630625,
0.1460795,
0.1373848,
0.1299522,
0.1257158,
0,
0.121827,
0.1182829,
    
0.1739869,
0,
0.1734605,
0.1643019,
0.1476448,
0.1340447,
0.1140924,
0.102955,
0.09778985,
    
/n
0.008926878,
0.01000671,
0.01154701,
0,
0.01114439,
0.01093705,
0.01012712,
0.009727686,
0.0107779,
    
0.1155885,
0,
0.1079984,
0.09880183,
0.09181298,
0.08301255,
0.07808112,
0.07551561,
0.07398523,
    
0.1254938,
0.1150444,
0,
0.1074673,
0.104471,
0.1018825,
0.1027786,
0.1005971,
0.09556747,
    
0.1205887,
0.1156259,
0.1021437,
0,
0.0943215,
0.08829167,
0.08635803,
0.08290403,
0.08075938,
    
0.1253498,
0.1123184,
0.1013382,
0,
0.09683698,
0.09298337,
0.09074228,
0.08671355,
0.08329705,
    
0.1096672,
0.1109178,
0.103486,
0,
0.09670185,
0.09146729,
0.0891315,
0.0836022,
0.08011755,
    
0.1145054,
0.1107486,
0.1048,
0.09710691,
0,
0.09486234,
0.09062959,
0.08987913,
0.08963489,
    
0.1434577,
0.1390568,
0.136314,
0.1261009,
0,
0.1252581,
0.1176222,
0.117767,
0.1112666,
    
0.1413512,
0.1240084,
0.1108721,
0.09956873,
0.08361913,
0.07508791,
0.06962071,
0.065652,
0,
    
0,
0.1090285,
0.1061431,
0.1023811,
0.09827098,
0.09420452,
0.09465169,
0.08726976,
0.08226754,
    
0.137989,
0.1179542,
0,
0.1069819,
0.09906955,
0.0909882,
0.08518402,
0.07816198,
0.07400753,
    
0.09094372,
0.07565133,
0.06612676,
0,
0.05958983,
0.05514959,
0.05229863,
0.05104133,
0.04673631,
    
0.04674923,
0.03684261,
0.03061287,
0,
0.02818984,
0.02727285,
0.02730156,
0.02620526,
0.02580664,
    
0.02527217,
0.0240683,
0,
0.02252104,
0.02012174,
0.01882567,
0.01756202,
0.01645624,
0.01487482,
    
0.01663457,
0.0182656,
0.01926281,
0,
0.01981382,
0.01906961,
0.01825411,
0.01702823,
0.01573832,
    
0.009295736,
0,
0.009373105,
0.009576154,
0.008543024,
0.008082251,
0.007403431,
0.00676483,
0.006052039,
    
0.01353678,
0.01278897,
0.01249333,
0.01298801,
0,
0.01415025,
0.014307,
0.01382575,
0.01212824,
    
0.01447148,
0.01229595,
0.009709073,
0.008565192,
0,
0.00788491,
0.008393613,
0.007967203,
0.007766256,
    
0.01582376,
0.007946192,
0.005282804,
0,
0.004712435,
0.005143371,
0.00550779,
0.005583728,
0.005361833,
    
0.00728547,
0.007346358,
0.008237407,
0.011544,
0.0135773,
0,
0.0149188,
0.01511932,
0.01466437,
    
0.0151929,
0.01617071,
0.01698828,
0.01814757,
0.01844479,
0.01838121,
0,
0.01743599,
0.01590513,
    
0.03813069,
0.03150655,
0.02496572,
0.01780623,
0,
0.01357777,
0.01183244,
0.01112876,
0.01058979,
    
0.08219249,
0.08465719,
0.0802441,
0.07716341,
0.07229418,
0.06701136,
0.04451779,
0.02991924,
0,
    
0.05336726,
0.04498281,
0.03260072,
0.02431354,
0,
0.01935085,
0.01595041,
0.01452962,
0.01406405,
    
0.0230085,
0.02155367,
0.02026699,
0.01697082,
0.01467681,
0,
0.01264635,
0.01116456,
0.009697628,
    
0.02061876,
0.01824266,
0.01642034,
0.01553503,
0.013721,
0.012311,
0,
0.01119687,
0.01060962,
    
0,
0.04656272,
0.05015098,
0.04787193,
0.04294147,
0.03282601,
0.02554196,
0.014738,
0.009013348,
    
0.09647048,
0,
0.07725821,
0.06687081,
0.05061088,
0.03883924,
0.02743881,
0.01905322,
0.01171166,
    
0.01049167,
0.01379037,
0.01763424,
0.03007749,
0.02898113,
0.05484673,
0,
0.09950995,
0.1324582,
    
0.02181396,
0.03330588,
0.06829018,
0.09293761,
0,
0.103846,
0.1178735,
0.1060517,
0.07860374,
    
0,
0.08988844,
0.06107836,
0.04005288,
0.01802807,
0.007783992,
0.004032436,
0.00256715,
0.002323985,
    
0.04616097,
0.08043616,
0.1132223,
0.1255233,
0.1265283,
0.126004,
0.09525365,
0,
0.05913777,
    
0.007912901,
0.007010584,
0.005209672,
0,
0.003485926,
0.004272128,
0.005601759,
0.006538912,
0.005969399,
    
0.02621342,
0.02339938,
0.01990012,
0.01652609,
0,
0.01210991,
0.0099028,
0.00870607,
0.00790893,
    
0.03249304,
0.02705519,
0.01265105,
0,
0.004287061,
0.001505923,
0.001554367,
0.002363357,
0.002372385,
    
0.02674424,
0.0175887,
0.01091883,
0.007453557,
0.006165181,
0.005225971,
0.004519755,
0,
0.003882458,
    
0.05401187,
0.05585775,
0.00,
0.09016684,
0.08145138,
0.07283555,
0.06436786,
0.05877095,
0.05238447,
0.04908757,
0.04814416,
    
0.07978133,
0.07832541,
0.07518262,
0.07406227,
0.07075502,
0.06653403,
0.05776762,
0.05260544,
0,
    
0.08978055,
0.09670983,
0.09809469,
0.09657707,
0.093063,
0.08997919,
0.08031726,
0.07379049,
0,
    
0.08741284,
0.08494251,
0.08131498,
0.07497988,
0.06484096,
0.05768932,
0.0545231,
0,
0.05874543,
    
0.1029197,
0.09984565,
0.09142882,
0.08689888,
0.08154095,
0.07672305,
0.07045564,
0,
0.06702073,
    
0.1133608,
0.1090692,
0.104938,
0.09768041,
0.09028373,
0.0833699,
0,
0.08117885,
0.08150032,
    
0.1159975,
0.1168073,
0.1153207,
0.1087317,
0.1080428,
0,
0.09686445,
0.08235691,
0.07661752,
    
0.1246878,
0.124998,
0,
0.1219554,
0.114751,
0.1111487,
0.09292912,
0.08858433,
0.0846886,
    
0.1394925,
0.1235239,
0.1074113,
0.1007927,
0.09650278,
0,
0.09494539,
0.09455502,
0.08721598,
    
0.1066191,
0.1044185,
0.1027154,
0.1024874,
0,
0.1024725,
0.1059198,
0.1049485,
0.1035141,
    
0.1333325,
0.134224,
0.1306276,
0,
0.1235413,
0.1162027,
0.1109856,
0.1064006,
0.1055848,
    
0.1333777,
0.1371001,
0.1356718,
0.1258348,
0,
0.1156594,
0.1068206,
0.09993009,
0.09453544,
    
0.1213445,
0.1256553,
0.1262701,
0.1250002,
0.1243902,
0.1202569,
0.1164502,
0,
0.1058979,
    
0.1419463,
0.1407569,
0.1525702,
0.1632117,
0.1604761,
0.1546795,
0.1515247,
0.1504544,
0.1502473,
    
0.13272,
0.1285321,
0.1249561,
0.1219259,
0.1189415,
0.1152064,
0.1089908,
0.105424,
0,
    
0.1186951,
0.1235698,
0.1242076,
0.1233546,
0.1197901,
0.1153173,
0.1083979,
0,
0.1008874,
    
0.1321812,
0.1303256,
0.1212217,
0,
0.1164567,
0.114484,
0.1133794,
0.1115838,
0.1055197,
    
0.139678,
0,
0.1354539,
0.1342841,
0.1356004,
0.1399694,
0.1346833,
0.1280001,
0.1213023,
    
0.1464573,
0.1544838,
0.1466232,
0.1212237,
0.1070442,
0.09901379,
0.09699403,
0,
0.09227445,
    
0.1087264,
0.1086581,
0,
0.1047545,
0.1038375,
0.1026893,
0.1013981,
0.09664712,
0.09550452,
    
0.1204584,
0,
0.1184314,
0.1131016,
0.1053311,
0.09574479,
0.09037522,
0.09072549,
0.08921596,
    
0.1481205,
0.1410956,
0.1278483,
0.1030453,
0,
0.09106889,
0.08834971,
0.09552994,
0.09584998,
    
0.1271986,
0.1190139,
0.1124441,
0.1092333,
0.107695,
0,
0.103832,
0.1031627,
0.1027874,
    
0.1287422,
0.1244093,
0.1214847,
0.1208213,
0.1229157,
0,
0.1096426,
0.1056175,
0.0991536,
    
0.1042889,
0.09686988,
0.09341823,
0,
0.09312592,
0.09575721,
0.09618077,
0.0944817,
0.09221839,
    
0.1197414,
0.1176362,
0.1134484,
0.1103225,
0,
0.1063571,
0.1049932,
0.1052811,
0.1035059,
    
0,
0.1202323,
0.1131707,
0.1089089,
0.1124998,
0.1099571,
0.2120891,
0,
0.1049601,
    
0.1367475,
0.1411274,
0.1342644,
0.1293125,
0.1234448,
0.1182915,
0,
0.1121839,
0.1138868,
    
0.1336896,
0,
0.1286761,
0.1245181,
0.1217765,
0.1210515,
0.1160272,
0.1120075,
0.1079053,
    
0,
0.1386519,
0.1396723,
0.1408731,
0.1415608,
0.1400655,
0.1375961,
0.1329258,
0.1297828,
    
0.173693,
0.1712531,
0.1550966,
0,
0.1449475,
0.1417987,
0.1416992,
0.1346888,
0.1289124,
    
0.163432,
0.1589511,
0.1526429,
0.146533,
0,
0.1380021,
0.1351969,
0.1341556,
0.1305487,
    
0.1321134,
0.1253983,
0.1219743,
0,
0.1184443,
0.1142865,
0.1155311,
0.1142578,
0.1124172,
    
0.1483637,
0.1418374,
0.1408196,
0.1377746,
0,
0.132845,
0.1302224,
0.1260519,
0.1214354,
    
0.1431,
0.1427573,
0,
0.1347244,
0.1302911,
0.1269249,
0.1259842,
0.1207786,
0.1179361,
    
0.1772124,
0.177245,
0.1725683,
0.1662407,
0.1625413,
0,
0.1462652,
0.1375176,
0.1282066,
    
0.1588865,
0.1634964,
0.3103571,
0.1623145,
0,
0.1540475,
0.1515955,
0.1425242,
0.1279872,
    
0.1356605,
0.1348625,
0.1367473,
0.1384243,
0,
0.1371167,
0.1366113,
0.1370309,
0.1379421,
    
0.1397757,
0.1364987,
0.1331981,
0.1298754,
0,
0.1264046,
0.1270867,
0.1254883,
0.1261917,
    
0.1893171,
0.1922819,
0.17971,
0.1707044,
0.1524798,
0.1431576,
0.138375,
0,
0.1256374,
    
0.161639,
0.1640834,
0.1673075,
0.1685276,
0.167842,
0.1651783,
0.1591021,
0,
0.1430529,
    
0,
0.172527,
0.1659601,
0.1545529,
0.1488308,
0.1339751,
0.1217589,
0.1119167,
0.1090262,
    
0.1444589,
0.14393,
0.1426333,
0.1411675,
0.1393222,
0.1381351,
0.1341326,
0,
0.1301955,
    
0,
0.1578755,
0.1499894,
0.1447762,
0.1431779,
0.1360656,
0.1328283,
0.1297402,
0,
    
0.1522258,
0.1520545,
0.1486983,
0.1472329,
0.1419235,
0.138145,
0.1317713,
0,
0.1265394,
    
0.1483609,
0,
0.1455555,
0.1461492,
0.1447201,
0.1494992,
0.1474389,
0.1443302,
0.1399342,
    
0.1854286,
0.1809655,
0.1746536,
0,
0.1677027,
0.15132,
0.1397539,
0.132889,
0.1216356,
    
0.1693064,
0.1723421,
0,
0.1750071,
0.1743418,
0.1691812,
0.1675004,
0.1655218,
0.1583611,
    
0.1808999,
0.1678592,
0.1582654,
0.1439634,
0,
0.1375017,
0.1216856,
0.1108271,
0.1024441,
    
0.1708673,
0.1686577,
0,
0.1639468,
0.1559446,
0.1450836,
0.1478883,
0.153036,
0.1481064,
    
/n
