    
    
    
    
    
    
    
    
0.3614962
0.3797133
0.3846515
0
0.3803563
0.4214172
0.4231157
0.3679388
0
    
0.599218
0.6277353
0.5565583
0.5294446
0
0.3934585
0.3882641
0.3166028
0
    
0.8269637
0
0.6376401
0.5717326
0.5213521
0.3741584
0
0.3555366
0.3342042
    
0.5631376
0.4657338
0.4119537
0
0.4072378
0.3581926
0.3193898
0.3008492
0
    
0.6535771
0.4840874
0.5080111
0
0.4196599
0.3580456
0.3437762
0.2833845
0
    
0.5557901
0
0.4383809
0.4051602
0.4299003
0.337647
0
0.3355023
0.3563358
    
0.4983285
0.4685166
0.5093765
0.5216473
0
0.357427
0.3940243
0.3569872
0
    
0.4320928
0.455988
0.4192158
0.3457634
0
0.3057493
0.2864098
0.2352071
0
    
0.4241998
0.4264709
0.409862
0.3816881
0
0.3722837
0.319734
0.3565904
0.2396603
    
0.2727886
0.3405145
0.3027286
0
0.2987156
0.277334
0.2496006
0.2441039
0
    
0.418214
0.4163824
0.50668
0.3534716
0
0.3919336
0.3741366
0.3577263
0.3187433
    
0
0.4242603
0.4742027
0.3770206
0
0.3986973
0.3485345
0.3099253
0.2500774
    
0.285664
0
0.4226937
0.4014503
0.4186679
0.4048843
0
0.3719871
0.3085088
    
0
0.3286885
0.3782031
0.4003311
0
0.3481582
0.3325287
0.309895
0.2540565
    
0.339654
0.3228786
0
0.3202741
0.3206384
0.3124964
0.3064567
0
0.2567501
    
0.3999808
0
0.3147682
0.2772911
0.2569173
0.233858
0
0.2260425
0.2308073
    
0.4180728
0.4164029
0.3645692
0.330635
0
0.3577605
0.3104486
0.2950329
0.2921948
    
0.3419621
0.3506965
0.3666354
0.3473906
0
0.3136554
0.2906532
0.267981
0
    
0.3667918
0.3915139
0.3903375
0
0.2934389
0.3120496
0.3065108
0
0.253169
    
0.3406908
0
0.3305684
0.3249731
0.3354772
0.3021611
0
0.3139891
0.2794864
    
0.2790848
0.2863845
0.2806269
0.2809472
0
0.2383242
0.2320954
0.2497536
0.1982294
    
0
0.2775013
0.2603905
0.2584743
0
0.2510625
0.2581386
0.2594716
0.2378602
    
0.2565822
0.2271087
0.2000192
0.1696659
0
0.2312637
0.2288466
0.2311684
0.2366446
    
0.3099464
0.2920178
0.3014945
0.2547353
0
0.2663131
0.2496437
0.2364339
0.2406891
    
0.3018578
0.3052122
0.282892
0.2912877
0
0.2956802
0.2864303
0.2678924
0.2300984
    
0.2966166
0.2758147
0.2564847
0
0.269071
0.2553056
0.261042
0.2379909
0
    
0.31418
0.2825404
0.290316
0.2833241
0
0.2774487
0.2597937
0.2509211
0.2530785
    
0.2904582
0.2958874
0.3035047
0
0.2956771
0.3028823
0.2845827
0.2678197
0
    
0.2416381
0
0.2383557
0.2557035
0.2500327
0.250296
0
0.2314189
0.2213425
    
0.2819382
0.3309661
0.3096035
0
0.3165179
0.2725624
0.2625512
0.2464101
0
    
0.2552982
0.2384698
0.2965968
0
0.2991641
0.2823985
0.2346781
0
0.2353988
    
0.2947986
0
0.278373
0.272178
0.2429221
0.2520444
0
0.2611429
0.245939
    
0
0.2793683
0.2453109
0.2480434
0.2397853
0
0.2555367
0.2577477
0.25444
    
0.2492575
0.2954429
0
0.2710402
0.273828
0.2513971
0.2384311
0
0.2551051
    
0.3362107
0.3114003
0.3090412
0
0.2808561
0.2613846
0.2649002
0.2347808
0
    
0.3563608
0.4157069
0
0.4180815
0.3395849
0.2984488
0.2681977
0
0.2272007
    
0.3134466
0.282001
0.3043532
0.3003286
0
0.3071182
0.2730034
0.2745579
0.2448729
    
0.3579834
0.3040949
0.2970102
0.2826558
0
0.2616734
0.2599697
0.273086
0.2512698
    
0.3612092
0.3277755
0.2632995
0.2393079
0
0.2346492
0.2253547
0.2086074
0.1903516
    
0.2961186
0
0.3047311
0.2647093
0.2375964
0.26239
0
0.2268376
0.2377016
    
0.2269647
0.2171557
0.2420287
0.2589727
0
0.2510673
0.2593022
0.2203345
0.225743
    
0.3646066
0.3389836
0.3128339
0
0.2785785
0.2699497
0.2515112
0.2293314
0
    
0.241465
0
0.2387396
0.2671742
0.2626576
0.2480645
0
0.2425732
0.2328865
    
0
0.2747115
0.298892
0.2727281
0.2692815
0
0.2490967
0.23402
0.2238585
    
0.3024371
0.3153684
0.2775497
0
0.2946536
0.2728933
0.2578723
0.2426248
0
    
0.2590027
0
0.2530181
0.2414367
0.22944
0.2283222
0
0.2372459
0.2282959
    
0.2839842
0.2975409
0.3230316
0.265613
0
0.2747082
0.2641383
0.2568448
0.2207718
    
0.2945692
0.3147504
0.3105113
0
0.3015332
0.2794095
0.2769053
0.2422916
0
    
0.2861197
0.2957031
0
0.301073
0.3149611
0.2811547
0.2424596
0
0.2476221
    
0.2951089
0
0.2650189
0.2798373
0.294943
0.2851813
0.2793636
0
0.2606843
    
0.198005
0.2085816
0.2784536
0
0.26374
0.2540102
0.2305044
0.2400529
0
    
0.3243498
0.3114696
0.29961
0.2824566
0
0.2689292
0.2435309
0.2471809
0.2232698
    
0.2831976
0.2600365
0
0.2563117
0.2647215
0.2796568
0
0.2580575
0.259219
    
0.235299
0.2526414
0.2318823
0.2333822
0
0.2348741
0.2277289
0.2326561
0.2373647
    
0.2776778
0.2773103
0
0.2706044
0.2557293
0.2508719
0.241189
0
0.2343946
    
0
0.3170402
0.2943506
0.2886999
0.2841502
0.2781709
0
0.2437885
0.2400871
    
0.3573005
0.328942
0.3017365
0.3057866
0
0.2729409
0.2460972
0.2235421
0.2323048
    
0.405278
0.3445365
0
0.3388183
0.3173424
0.2915137
0.2716297
0
0.2512968
    
0.4031634
0.3673696
0
0.3453775
0.3201562
0.2918911
0
0.2757186
0.2589656
    
0.4033317
0.38959
0.320713
0
0.3317898
0.2880253
0.2806244
0.2309769
0
    
0.3798427
0.3724318
0.4048507
0
0.373255
0.3784233
0.3473595
0.2695444
0
    
0.3140272
0
0.3085177
0.3008774
0.3116208
0.2952366
0
0.2945824
0.2746588
    
0.3385077
0.3483177
0.311397
0
0.3120444
0.2851196
0.2770309
0
0.2523313
    
0.2841637
0.2583653
0
0.2582251
0.2519721
0.2710926
0.2690735
0
0.2879237
    
0
0.3882155
0.3722141
0.3270208
0.3073789
0
0.2773924
0.2794677
0.276014
    
0.4057283
0.3378468
0.3415159
0
0.3424191
0.3058064
0.2995508
0.2717389
0
    
0.4144542
0
0.3445922
0.3547119
0.3421432
0.3230707
0
0.2675718
0.2569089
    
0.3980362
0.3340402
0
0.3088801
0.2763596
0.2472846
0.2413908
0
0.2331294
    
0.3739664
0.3557456
0.3358938
0.3171234
0
0.2852688
0.2586116
0.2372302
0.2176088
    
0.4956032
0.387472
0.3356062
0.3365078
0
0.3019466
0.2845121
0.2366686
0.2430387
    
0.4445785
0.3374955
0.3395227
0
0.3358617
0.2942823
0.2756444
0.2905084
0
    
0.3570207
0
0.3435803
0.3137307
0.2946507
0.284564
0
0.3059719
0.262811
    
0.251342
0.2757041
0.3177827
0.3012174
0
0.2466675
0.2679715
0.2446755
0.2308301
    
0.3019222
0.2941636
0.2784103
0.2560993
0
0.2646031
0.2472233
0.22407
0.2257645
    
0.2787944
0.2728257
0.2528259
0
0.264105
0.2823567
0.2854952
0.2703075
0
    
0.304673
0
0.2905127
0.281904
0.279299
0.2719855
0
0.264576
0.2347936
    
0
0.3530056
0.3130994
0.3051991
0.2719381
0
0.2521588
0.2453717
0.2310906
    
0.3194859
0.3524194
0
0.3562031
0.3254463
0.3201717
0.292759
0
0.2534807
    
0.2786728
0.2710447
0
0.2573797
0.2413715
0.2501926
0.2268375
0
0.2060392
    
0.3001454
0.2975804
0.2813597
0
0.2652779
0.2688196
0.2721863
0.2854803
0
    
0.2604777
0.2745435
0
0.3028398
0.3441969
0.324829
0.3339021
0
0.2743712
    
0.2971868
0.2894349
0
0.2807152
0.2675768
0.2514121
0.2389024
0.2020962
0
    
0
0.04280927
0.04345134
0.03141611
0.02835084
0
0.01798597
0.01424552
0.00850501
    
0.3570138
0.3159029
0.3143821
0.2927284
0
0.2793664
0.2438148
0.2362905
0.2315406
    
0.306153
0.3074926
0.2881709
0.2476325
0
0.241669
0.2264739
0.2122305
0
    
0.2889301
0
0.2939319
0.2609793
0.2496376
0.2331468
0
0.219602
0.2101802
    
0.2933106
0.2849215
0.2602456
0
0.2445467
0.2438506
0.220415
0.2202064
0
    
0.3000225
0
0.2995326
0.2983816
0.2812786
0.2650185
0.2594891
0
0.2426136
    
0.3218267
0.3146362
0.3257563
0.2832799
0
0.2953375
0.2312441
0.2310094
0.2276195
    
0.2943682
0.3344593
0.291683
0
0.3050035
0.2748565
0.2676283
0.2661996
0
    
0.3172766
0
0.3109246
0.2997688
0.3043929
0.2549035
0
0.2453626
0.248189
    
0.2835306
0.2241955
0
0.2196607
0.2423883
0.2510283
0.2479646
0
0.2256404
    
0.3137687
0.2801877
0.2783431
0
0.245788
0.2464667
0.2411734
0.2243336
0
    
0.2828871
0.2576414
0.2507384
0
0.2436355
0.2355103
0.238765
0.2586597
0
    
0.2671163
0.2891559
0
0.2914613
0.3166175
0.2884511
0.2586586
0
0.2255573
    
/n
0.3630183
0
0.3425412
0.2949297
0.2794247
0.288079
0
0.2452732
0.2305749
    
0.3483375
0.3340192
0.3170338
0
0.3205145
0.3387103
0.2925395
0.2876598
0
    
0.295354
0.307059
0.2733877
0.2691125
0
0.2499386
0.2670268
0.2620509
0
    
0.2886609
0.2887544
0.2787744
0.2666019
0
0.2578859
0.2708912
0.2158038
0.2306418
    
0.3414264
0.3345904
0.2923389
0
0.3010831
0.264076
0.2557064
0.2356711
0
    
0.2786801
0
0.2717987
0.2924393
0.2910753
0.3165863
0
0.2866815
0.2817577
    
0.2723349
0
0.2756546
0.2554605
0.2703848
0.2391519
0
0.2769713
0.2199352
    
0.2955239
0.283941
0.2936642
0
0.2839722
0.2735308
0.2427701
0.2438467
0
    
0.3075081
0.3140055
0
0.3133571
0.2811791
0.2759954
0.255526
0
0.2387957
    
0
0.2571882
0.2756496
0.312104
0.2889116
0
0.2945446
0.256026
0.2652738
    
0.2285552
0.2392641
0.2479595
0
0.2652341
0.2720643
0.262801
0.2702438
0
    
0
0.2567014
0.277858
0.3056949
0.294476
0
0.2914306
0.2546343
0.2385055
    
0.3379285
0.3301063
0.3060116
0.2767445
0
0.2855961
0.2536984
0.2536612
0.2245411
    
0.2801699
0.2591078
0
0.2782906
0.2883324
0.3128957
0.2907058
0
0.273197
    
0.3417556
0
0.3332454
0.3037266
0.3088368
0.2585438
0
0.2549798
0.2262422
    
0.3507906
0.3586325
0.3564907
0.3156686
0
0.2850194
0.2943666
0.2509572
0.2254814
    
0.3355217
0.3099321
0.311943
0
0.293696
0.2728546
0.2658577
0.2321173
0
    
0.317113
0.3078951
0
0.2691177
0.2612276
0.2921377
0.2506433
0
0.2381654
    
0
0.2847416
0.2735849
0.2557435
0.248651
0
0.2383998
0.240468
0.2208953
    
0.2967563
0
0.3030435
0.2841191
0.292748
0.2453625
0
0.24355
0.2434705
    
0.2261281
0
0.2006677
0.2701879
0.2679368
0.2427761
0
0.2385145
0.2231143
    
0.2863746
0.3004449
0.3208133
0.2982197
0
0.3074639
0.2647637
0.2701861
0.2419968
    
0.3148944
0.2889399
0
0.2848435
0.2792612
0.2483954
0.2417385
0.2627925
0
    
0.2792037
0.2607183
0
0.2421952
0.2361234
0.2257225
0.2223297
0
0.2238115
    
0
0.3125305
0.3227035
0.29727
0.2865972
0
0.295391
0.2573475
0.250512
    
0.2969779
0
0.3071284
0.2877611
0.2975014
0.2652608
0.263945
0
0.2342781
    
0
0.2791083
0.3517887
0.2904969
0.3090809
0
0.2927263
0.2767088
0.2592295
    
0.3389886
0.2892239
0
0.2846351
0.2510709
0.2159296
0.2106619
0
0.2006127
    
0.3505695
0.3368698
0
0.3172112
0.2887456
0.2946524
0.2563593
0
0.2694628
    
0.297149
0.2911479
0
0.2889948
0.2935118
0.2913228
0.2755719
0
0.252013
    
0.3218114
0
0.3193016
0.315943
0.3061829
0.2876819
0
0.2658814
0.2425805
    
0.2982596
0.3226659
0.3179549
0
0.2899202
0.2937886
0.2579036
0.2230623
0
    
0.3007312
0
0.2707844
0.2708948
0.2709434
0.2815383
0
0.2758642
0.2536652
    
0.3544941
0.3218786
0.3450058
0.3525466
0
0.3077045
0.3036244
0.2861001
0.2556969
    
0
0.3969445
0.3614877
0.3397696
0.2620578
0.2233562
0
0.1944222
0.2027171
    
0.3204855
0
0.3098142
0.2887634
0.2837368
0.2910158
0
0.2514029
0.2363598
    
0.2990409
0.3176719
0.3171045
0.2955465
0
0.2674213
0.2606876
0.2267424
0.2058579
    
0.357433
0
0.3341238
0.3325621
0.3097765
0.2778201
0
0.2881539
0.2830898
    
0.3051991
0
0.3308229
0.3427249
0.3337014
0.3182802
0
0.2789253
0.2475952
    
0.2829264
0.2813129
0.3132455
0
0.296747
0.267751
0.2858926
0.2768467
0.1792262
    
0.2622898
0
0.287684
0.3000964
0.273397
0.2710771
0
0.2362864
0.229618
    
0.2535404
0.2710277
0.2848462
0.259657
0
0.2527494
0.2687871
0.2113998
0.2034916
    
0.2861936
0.25666
0.2617721
0.2626055
0
0.2901963
0.2772641
0.256712
0.2587605
    
0.2775338
0.2963528
0
0.2822772
0.2635797
0.2637588
0.2507394
0
0.2337981
    
0.326712
0
0.3189142
0.3347248
0.2641271
0.2912116
0
0.2677857
0.2232172
    
0.3535433
0.3242863
0.2923401
0.2808447
0
0.2644958
0.2407489
0.2240952
0.2026925
    
0.2753407
0
0.2646402
0.2663914
0.2610281
0.2802494
0
0.2722911
0.2277049
    
0.285397
0.31828
0
0.2948301
0.3000178
0.2684506
0.2792411
0
0.2393411
    
0
0.3123492
0.3289248
0.3442533
0.3305412
0
0.3001367
0.2620755
0.2280058
    
0.3227118
0.270203
0.2856121
0
0.3041058
0.2879855
0.2919324
0.2700054
0
    
0.3319565
0
0.2869401
0.2906407
0.2892408
0.2776348
0
0.2617506
0.2519005
    
0.3016403
0.285409
0.3023207
0
0.2721309
0.2740999
0.2449112
0.2137807
0
    
0.2791172
0.2884751
0
0.2824023
0.286925
0.2856282
0.2618493
0
0.2636975
    
0.2967741
0
0.2998051
0.3042424
0.2915897
0.2730767
0
0.2521738
0.2328754
    
0.2503291
0.2529599
0
0.2707967
0.289676
0.2403454
0.2455909
0
0.2372005
    
0.2741804
0.2973841
0
0.2897381
0.2808956
0.2602746
0.2419924
0
0.2278344
    
0.2808308
0
0.2734311
0.262917
0.2491318
0.222461
0
0.2289329
0.2006803
    
0.2926578
0.2729005
0.2761975
0
0.2723476
0.2588512
0.2635209
0.2350982
0
    
0.3190197
0.2982562
0
0.2978431
0.3041649
0.2762903
0.2740588
0
0.2542713
    
0.2789429
0.2932015
0.2895254
0.2739122
0
0.2474029
0.2537303
0.2385122
0.2508169
    
0.2825084
0.2589064
0.2469185
0
0.2620047
0.2749832
0.2418185
0.2543682
0
    
0.3562394
0.3629001
0
0.3051087
0.2464177
0.2559206
0.2558475
0
0.226549
    
0.2582082
0.2822336
0
0.262572
0.2687031
0.2380221
0.2437645
0
0.2123393
    
0.2710237
0.2598135
0.2644777
0
0.2653026
0.2770643
0.2469295
0.2602737
0
    
0.2585246
0.2858789
0.2494221
0
0.2298361
0.2105236
0.2274311
0.2177526
0
    
0.287007
0.3085067
0
0.2895572
0.2743074
0.2481254
0
0.2496419
0.2209885
    
0.3012254
0
0.3120521
0.289589
0.2610603
0.2553457
0
0.2178532
0.2236334
    
0.2853221
0.2854341
0
0.2900303
0.2519874
0.2601909
0.2630696
0
0.2408675
    
0.2853754
0.2764663
0
0.2759592
0.2688155
0.2535572
0.2102065
0
0.2200315
    
0.2759537
0
0.2857365
0.2882706
0.2542919
0.2477776
0
0.24728
0.2105978
    
0.3247221
0.3010308
0.282497
0
0.2504972
0.2490575
0.211451
0.2027611
0
    
0.2650588
0.2772622
0
0.2584062
0.2621314
0.2419468
0.2528383
0
0.227661
    
0.2629894
0
0.2454239
0.2391519
0.2464804
0
0.2324104
0.2260468
0.219179
    
0.2754684
0.2492649
0.2212024
0.2321608
0
0.2424117
0.2435809
0.2388297
0.2252242
    
0.2419217
0
0.2563645
0.2364362
0.2441588
0.2252117
0
0.2267368
0.2223907
    
0.2571392
0.2664262
0.252045
0
0.2435581
0.2464735
0.2516056
0.2133313
0
    
0.2565423
0.2598394
0.2614743
0.2641965
0
0.2257735
0.2359725
0.2228276
0.1972997
    
0.257472
0.2509005
0
0.2600136
0.2614533
0.2533905
0.2407691
0
0.2276026
    
0.300884
0
0.2767712
0.2527286
0.259675
0.2403761
0
0.2332762
0.2609851
    
0.2933782
0.2658495
0
0.2467505
0.2428383
0.2337911
0.2098246
0.1916945
0
    
0.2387193
0.2391624
0.2489521
0
0.2448048
0.2324147
0.2213427
0.2083668
0
    
0.2658069
0.2263942
0
0.2282932
0.2206386
0.2198827
0.2001029
0
0.1991704
    
0.2454213
0
0.2514167
0.2385487
0.2282743
0.2170365
0
0.2128142
0.2127614
    
0.2510042
0.2642147
0.2364971
0.2435664
0
0.2397246
0.2172932
0.2180035
0.2164254
    
0.2554278
0
0.2355728
0.2171161
0.2020353
0.1919116
0
0.2007913
0.1833821
    
0.2613354
0.2630089
0.2656563
0.2565325
0.2311815
0
0.2427135
0.1989913
0.1963654
    
0.2233818
0.2292257
0
0.2206418
0.2279001
0.2068357
0.2052175
0
0.2003718
    
0.2603442
0.2754771
0
0.2510472
0.2328198
0.2209582
0.2068823
0
0.2124413
    
0.3116794
0
0.3192233
0.286611
0.2493506
0.230973
0
0.2096562
0.1930648
    
0.2508334
0.2592396
0
0.2548257
0.2293181
0.2161883
0.2118877
0
0.1998577
    
0.2175054
0.2218092
0
0.2282664
0.2314538
0.2218759
0.2310505
0
0.2227482
    
0.3088217
0.3495677
0.3066533
0.3052964
0
0.2595964
0.2493259
0.223555
0.1964653
    
0
0.2951126
0.2882616
0.25318
0.2664809
0
0.2053482
0.2023236
0.1888245
    
0
0.209538
0.2183085
0.2187334
0.2055207
0
0.2006044
0.1947015
0.1855379
    
0.2948331
0.2586881
0
0.2450933
0.2226074
0.2027673
0.1848249
0
0.1746304
    
0.2525284
0.2647502
0.2748989
0.2691532
0
0.2529878
0.2181423
0.2181296
0.1724933
    
0.246055
0.2870204
0.2587217
0
0.2634973
0.2238826
0.2138585
0.1969487
0
    
0.4784773
0
0.1933318
0.2194147
0.2514527
0.2094623
0
0.2035021
0.1918221
    
0.2824924
0.3089786
0.2802589
0.2845351
0
0.2404271
0.1952552
0.2008357
0.1728318
    
0.267981
0.273969
0.2449364
0.2507154
0
0.2284691
0.2003327
0.2132955
0.1882746
    
/n
