    
    
    
    
    
    
    
    
(5.5, 172.6, 113.7)
(4.4, 186.5, 115.4)
(11.8, 202.6, 116.2)
(10.4, 209.7, 115.2)
(10.4, 209.7, 115.2)
(1.5, 214.9, 109.3)
(351.4, 226.9, 101.2)
(346.1, 245.1, 96.6)
(344.5, 259.0, 95.3)
(344.5, 259.0, 95.3)
    
(2.1, 156.6, 94.6)
(354.2, 173.5, 99.2)
(350.7, 199.5, 98.9)
(345.6, 224.9, 97.3)
(337.5, 244.7, 99.7)
(337.5, 244.7, 99.7)
(340.2, 256.6, 94.2)
(349.9, 270.0, 83.1)
(357.1, 281.4, 75.7)
(357.1, 281.4, 75.7)
    
(356.3, 144.8, 98.7)
(344.2, 179.9, 100.3)
(344.2, 179.9, 100.3)
(336.2, 215.7, 95.4)
(338.1, 246.2, 90.8)
(347.6, 264.7, 88.7)
(350.9, 273.6, 85.3)
(350.9, 273.6, 85.3)
(354.1, 284.9, 82.2)
(357.7, 297.4, 78.5)
    
(358.5, 181.6, 108.7)
(2.1, 192.7, 112.0)
(0.5, 207.9, 110.8)
(357.4, 224.8, 107.2)
(357.4, 224.8, 107.2)
(353.5, 242.9, 103.1)
(351.6, 256.3, 101.1)
(352.3, 265.4, 97.5)
(353.5, 274.2, 90.0)
(353.5, 274.2, 90.0)
    
(358.5, 173.2, 107.8)
(354.1, 196.9, 115.7)
(350.6, 218.3, 116.7)
(346.6, 237.3, 112.0)
(346.6, 237.3, 112.0)
(344.2, 246.8, 100.0)
(343.0, 255.6, 89.5)
(344.6, 268.7, 82.6)
(348.4, 280.8, 80.1)
(348.4, 280.8, 80.1)
    
(0.0, 185.2, 114.2)
(351.1, 208.5, 115.3)
(351.1, 208.5, 115.3)
(350.9, 228.7, 116.4)
(354.8, 244.1, 113.9)
(352.5, 252.9, 106.7)
(350.4, 260.2, 98.6)
(350.4, 260.2, 98.6)
(349.4, 269.9, 90.9)
(347.9, 281.5, 84.8)
    
(358.7, 173.1, 91.8)
(353.8, 182.6, 93.8)
(351.0, 198.9, 94.0)
(348.3, 219.6, 94.4)
(348.2, 241.1, 93.1)
(348.2, 241.1, 93.1)
(348.9, 252.4, 88.0)
(350.9, 263.1, 80.8)
(352.9, 272.4, 76.1)
(352.9, 272.4, 76.1)
    
(5.1, 182.1, 109.9)
(354.2, 196.4, 106.3)
(348.8, 216.8, 100.7)
(350.2, 236.8, 97.0)
(351.5, 251.1, 92.6)
(351.5, 251.1, 92.6)
(352.6, 260.7, 87.3)
(354.4, 268.2, 83.5)
(356.7, 274.5, 81.7)
(356.7, 274.5, 81.7)
    
(1.9, 166.9, 98.9)
(359.1, 183.1, 101.4)
(352.4, 197.8, 101.6)
(348.2, 212.4, 100.8)
(351.2, 226.3, 100.4)
(351.2, 226.3, 100.4)
(357.9, 239.7, 98.3)
(359.1, 249.9, 93.2)
(357.2, 261.1, 85.9)
(358.2, 268.8, 80.8)
    
(3.5, 180.0, 103.8)
(1.7, 188.1, 106.2)
(1.7, 204.8, 107.7)
(3.6, 218.5, 106.9)
(3.6, 218.5, 106.9)
(5.0, 230.7, 105.1)
(0.9, 237.6, 101.0)
(356.6, 242.5, 96.4)
(353.6, 248.0, 92.1)
(353.6, 248.0, 92.1)
    
(9.1, 173.4, 109.2)
(9.9, 186.3, 115.9)
(5.1, 197.3, 118.4)
(356.9, 211.2, 115.9)
(353.3, 221.9, 111.5)
(353.3, 221.9, 111.5)
(351.8, 233.9, 105.4)
(351.3, 245.8, 99.0)
(350.4, 257.2, 93.7)
(350.7, 268.2, 89.6)
    
(358.2, 179.1, 106.3)
(358.2, 179.1, 106.3)
(4.1, 197.6, 109.6)
(8.3, 218.9, 110.8)
(2.7, 231.4, 106.9)
(2.7, 231.4, 106.9)
(354.6, 243.2, 99.3)
(350.5, 254.6, 90.2)
(350.9, 265.5, 83.0)
(354.2, 272.6, 78.9)
    
(6.5, 178.6, 109.5)
(6.1, 193.9, 110.4)
(6.1, 193.9, 110.4)
(6.1, 206.5, 111.2)
(359.7, 217.7, 108.9)
(352.5, 232.6, 103.8)
(347.9, 248.9, 98.7)
(347.9, 248.9, 98.7)
(344.2, 261.2, 96.6)
(345.4, 267.7, 93.8)
    
(10.7, 196.0, 108.8)
(10.7, 196.0, 108.8)
(3.5, 197.7, 109.9)
(357.7, 208.1, 111.0)
(357.4, 225.1, 112.6)
(357.4, 225.1, 112.6)
(357.4, 240.0, 110.5)
(355.4, 252.9, 104.0)
(353.3, 262.7, 96.2)
(353.9, 268.9, 91.5)
    
(8.9, 185.3, 116.1)
(13.1, 200.6, 119.7)
(11.0, 208.4, 118.9)
(11.0, 208.4, 118.9)
(4.4, 214.2, 114.8)
(357.9, 221.6, 109.9)
(353.6, 231.2, 105.8)
(351.7, 241.6, 102.0)
(351.7, 241.6, 102.0)
(352.4, 249.5, 98.1)
    
(357.7, 189.0, 105.9)
(350.3, 208.6, 104.1)
(350.3, 208.6, 104.1)
(347.6, 220.6, 104.5)
(348.9, 228.1, 104.2)
(351.4, 232.3, 100.8)
(353.2, 237.1, 98.7)
(353.2, 237.1, 98.7)
(355.1, 243.0, 98.5)
(356.6, 249.0, 99.7)
    
(12.2, 177.7, 114.5)
(358.2, 190.0, 109.3)
(352.7, 205.6, 104.3)
(358.5, 219.5, 105.1)
(3.0, 230.5, 104.4)
(3.0, 230.5, 104.4)
(4.4, 241.4, 102.6)
(2.7, 249.3, 99.8)
(1.7, 256.4, 96.6)
(1.8, 263.0, 91.8)
    
(359.3, 186.2, 91.7)
(351.9, 191.8, 92.6)
(348.4, 199.3, 97.1)
(348.3, 211.7, 102.4)
(350.1, 225.4, 102.9)
(350.1, 225.4, 102.9)
(351.3, 235.6, 98.3)
(349.8, 244.6, 91.6)
(348.8, 253.6, 86.8)
(348.8, 253.6, 86.8)
    
(351.0, 173.4, 95.1)
(349.0, 187.5, 96.5)
(348.1, 204.0, 99.2)
(348.0, 218.3, 104.2)
(348.0, 218.3, 104.2)
(347.4, 226.6, 103.5)
(344.6, 235.6, 99.5)
(344.7, 246.7, 95.8)
(344.7, 246.7, 95.8)
(347.2, 255.6, 93.6)
    
(10.9, 177.9, 112.5)
(7.6, 187.2, 112.4)
(7.6, 187.2, 112.4)
(4.9, 197.5, 111.7)
(3.7, 209.3, 111.1)
(4.3, 222.2, 111.1)
(2.9, 232.0, 108.9)
(2.9, 232.0, 108.9)
(0.6, 241.4, 104.6)
(359.0, 249.1, 100.0)
    
(8.6, 175.8, 111.6)
(9.1, 186.3, 113.7)
(5.6, 196.7, 112.2)
(1.1, 207.0, 109.7)
(359.7, 217.8, 107.9)
(359.7, 217.8, 107.9)
(359.8, 226.0, 105.7)
(0.6, 233.8, 103.0)
(0.4, 241.6, 98.8)
(359.1, 246.8, 95.8)
    
(8.2, 194.5, 112.0)
(8.2, 194.5, 112.0)
(9.7, 205.9, 114.6)
(10.8, 213.7, 115.5)
(8.1, 218.4, 114.1)
(8.1, 218.4, 114.1)
(4.1, 224.7, 111.9)
(1.0, 232.7, 109.5)
(0.7, 242.0, 106.7)
(1.3, 250.0, 103.1)
    
(17.5, 172.8, 106.7)
(14.7, 182.0, 106.3)
(12.6, 193.4, 106.6)
(11.2, 203.4, 107.9)
(9.6, 211.7, 109.0)
(9.6, 211.7, 109.0)
(7.3, 216.7, 108.5)
(4.7, 220.2, 107.4)
(2.5, 224.2, 106.2)
(1.7, 230.0, 105.0)
    
(6.5, 174.2, 106.7)
(5.8, 187.7, 110.3)
(6.8, 200.2, 112.0)
(9.1, 212.0, 113.0)
(7.7, 219.4, 111.0)
(7.7, 219.4, 111.0)
(4.9, 226.5, 109.0)
(2.7, 233.1, 106.8)
(1.2, 239.6, 103.5)
(359.1, 246.7, 98.6)
    
(9.3, 178.6, 105.5)
(7.6, 188.3, 107.3)
(6.3, 197.5, 108.6)
(2.3, 205.4, 108.8)
(355.5, 213.8, 107.5)
(355.5, 213.8, 107.5)
(349.2, 224.8, 103.8)
(346.3, 237.0, 100.0)
(347.9, 249.1, 97.0)
(352.2, 258.2, 95.2)
    
(359.5, 173.0, 109.6)
(359.8, 186.6, 111.7)
(0.5, 200.0, 112.2)
(358.2, 210.9, 112.5)
(358.2, 210.9, 112.5)
(356.1, 219.4, 111.9)
(355.7, 227.7, 110.1)
(356.3, 236.8, 107.9)
(355.1, 244.6, 104.5)
(355.1, 244.6, 104.5)
    
(5.7, 180.1, 115.9)
(8.0, 192.6, 118.8)
(4.7, 201.2, 118.9)
(359.8, 209.7, 118.5)
(356.2, 218.5, 117.5)
(356.2, 218.5, 117.5)
(355.6, 227.4, 116.6)
(357.0, 235.3, 113.6)
(356.5, 242.5, 108.4)
(354.2, 249.9, 102.8)
    
(15.2, 188.1, 104.0)
(11.9, 194.4, 106.1)
(7.9, 201.0, 107.9)
(2.0, 208.3, 108.8)
(2.0, 208.3, 108.8)
(356.4, 217.0, 108.5)
(352.8, 228.2, 107.6)
(354.1, 240.3, 106.0)
(358.1, 250.8, 103.1)
(358.1, 250.8, 103.1)
    
(11.8, 192.9, 113.6)
(15.8, 201.9, 116.8)
(15.8, 201.9, 116.8)
(12.0, 206.7, 117.2)
(4.7, 212.1, 115.5)
(359.4, 219.8, 112.2)
(356.2, 227.9, 108.3)
(356.2, 227.9, 108.3)
(356.3, 234.7, 105.3)
(357.4, 241.1, 102.5)
    
(3.6, 178.2, 111.6)
(357.3, 190.6, 109.1)
(358.0, 205.3, 106.8)
(0.3, 219.5, 105.7)
(0.3, 219.5, 105.7)
(0.3, 233.2, 105.2)
(359.3, 243.4, 104.1)
(0.1, 253.2, 102.7)
(3.4, 262.0, 100.7)
(3.4, 262.0, 100.7)
    
(9.5, 181.2, 111.1)
(1.2, 191.2, 114.8)
(354.3, 202.9, 116.2)
(353.2, 215.2, 115.1)
(353.2, 215.2, 115.1)
(356.2, 229.6, 114.2)
(358.0, 242.3, 112.4)
(356.2, 249.2, 108.3)
(356.2, 249.2, 108.3)
(353.4, 255.2, 102.8)
    
(12.1, 175.2, 112.0)
(12.7, 188.4, 117.1)
(12.7, 188.4, 117.1)
(13.4, 199.9, 119.7)
(11.8, 206.6, 118.6)
(6.8, 211.0, 115.4)
(0.7, 215.7, 112.2)
(0.7, 215.7, 112.2)
(356.4, 222.7, 109.7)
(356.1, 231.5, 107.0)
    
(8.6, 188.2, 108.4)
(8.6, 188.2, 108.4)
(8.1, 197.6, 111.4)
(9.2, 205.6, 114.2)
(8.8, 211.3, 117.5)
(3.9, 216.1, 117.2)
(3.9, 216.1, 117.2)
(357.8, 222.3, 114.2)
(354.4, 230.3, 109.0)
(355.0, 239.7, 103.4)
    
(12.0, 182.5, 109.3)
(8.1, 191.8, 111.9)
(1.3, 200.6, 114.0)
(1.3, 200.6, 114.0)
(356.7, 209.4, 114.5)
(355.3, 218.7, 114.4)
(358.2, 227.5, 112.2)
(359.8, 235.3, 108.8)
(359.8, 235.3, 108.8)
(358.6, 243.3, 104.8)
    
(13.2, 169.7, 110.4)
(9.8, 184.9, 112.8)
(4.3, 196.5, 112.4)
(357.2, 206.1, 110.7)
(357.2, 206.1, 110.7)
(354.8, 215.1, 108.9)
(355.8, 224.6, 107.3)
(359.8, 234.7, 106.1)
(1.6, 242.2, 103.8)
(1.6, 242.2, 103.8)
    
(5.3, 172.1, 98.7)
(3.6, 177.3, 104.7)
(0.8, 188.0, 108.6)
(0.8, 188.0, 108.6)
(356.2, 203.2, 110.2)
(352.1, 218.6, 109.5)
(348.5, 229.9, 106.4)
(345.7, 237.5, 102.4)
(345.7, 237.5, 102.4)
(346.5, 243.5, 99.9)
    
(16.1, 189.2, 118.2)
(14.3, 197.0, 122.0)
(10.6, 201.4, 121.8)
(6.5, 208.8, 119.6)
(2.6, 217.2, 115.6)
(2.6, 217.2, 115.6)
(356.6, 224.9, 109.4)
(352.2, 232.2, 104.5)
(349.9, 240.3, 101.6)
(349.7, 248.3, 101.1)
    
(12.4, 178.6, 105.9)
(13.8, 192.5, 109.2)
(11.6, 202.4, 110.2)
(7.5, 210.1, 109.2)
(357.2, 211.8, 107.1)
(357.2, 211.8, 107.1)
(346.8, 213.7, 106.1)
(340.3, 218.6, 104.8)
(339.8, 227.2, 103.8)
(347.1, 237.5, 102.3)
    
(351.2, 184.3, 104.0)
(359.7, 192.6, 108.1)
(0.9, 198.2, 109.6)
(358.8, 204.4, 109.6)
(356.3, 212.9, 108.1)
(356.3, 212.9, 108.1)
(354.9, 221.8, 106.1)
(353.8, 229.7, 104.1)
(352.3, 235.9, 102.3)
(350.3, 241.2, 99.7)
    
(8.2, 175.3, 113.2)
(7.8, 188.5, 116.1)
(7.8, 188.5, 116.1)
(7.9, 200.6, 118.0)
(5.3, 208.3, 116.9)
(3.0, 215.2, 114.8)
(1.8, 223.3, 112.6)
(1.8, 223.3, 112.6)
(1.2, 230.4, 110.1)
(0.5, 237.4, 107.2)
    
(15.1, 184.8, 105.5)
(13.5, 190.5, 108.7)
(8.8, 192.5, 111.5)
(1.5, 195.4, 113.9)
(355.7, 202.6, 115.3)
(355.7, 202.6, 115.3)
(354.3, 212.6, 115.3)
(357.6, 224.9, 115.7)
(359.9, 233.7, 114.4)
(359.7, 240.3, 111.1)
    
(11.4, 174.3, 113.4)
(11.4, 193.1, 120.0)
(8.7, 206.1, 120.5)
(3.0, 214.3, 117.6)
(3.0, 214.3, 117.6)
(357.7, 222.8, 114.4)
(356.0, 233.7, 111.3)
(357.0, 244.7, 106.9)
(358.8, 253.6, 102.1)
(358.8, 253.6, 102.1)
    
(14.6, 188.6, 110.5)
(12.5, 192.5, 113.6)
(12.5, 192.5, 113.6)
(9.3, 198.4, 115.3)
(5.9, 207.0, 115.6)
(2.6, 216.1, 113.7)
(358.1, 224.2, 111.1)
(358.1, 224.2, 111.1)
(352.1, 232.1, 108.5)
(347.3, 240.3, 105.9)
    
(5.7, 177.4, 109.3)
(5.7, 177.4, 109.3)
(3.1, 187.2, 111.2)
(2.1, 199.9, 112.2)
(0.6, 211.2, 111.9)
(357.2, 221.8, 110.1)
(357.2, 221.8, 110.1)
(354.4, 231.0, 106.8)
(354.1, 239.6, 103.4)
(356.5, 247.3, 100.7)
    
(1.8, 184.7, 109.6)
(2.9, 194.6, 111.7)
(359.4, 201.7, 110.8)
(355.5, 210.0, 108.6)
(355.5, 210.0, 108.6)
(353.6, 220.2, 107.3)
(354.4, 230.2, 106.4)
(355.2, 239.0, 104.1)
(354.6, 246.5, 99.7)
(354.6, 246.5, 99.7)
    
(6.3, 184.3, 110.6)
(3.3, 191.4, 111.0)
(3.3, 191.4, 111.0)
(1.4, 198.7, 110.7)
(1.1, 205.1, 110.7)
(359.7, 209.6, 111.1)
(355.6, 213.8, 110.7)
(355.6, 213.8, 110.7)
(351.3, 220.7, 108.4)
(349.8, 229.0, 105.1)
    
(7.7, 168.1, 108.0)
(5.2, 176.2, 108.7)
(2.1, 184.8, 109.2)
(358.5, 194.8, 110.3)
(355.9, 204.6, 109.2)
(355.9, 204.6, 109.2)
(354.4, 215.1, 107.0)
(354.5, 225.5, 103.5)
(354.7, 235.0, 99.3)
(353.5, 242.1, 95.1)
    
(7.8, 171.4, 109.5)
(7.5, 181.4, 113.7)
(5.1, 192.2, 113.7)
(0.5, 202.4, 110.5)
(0.5, 202.4, 110.5)
(355.8, 212.7, 106.8)
(353.7, 222.7, 103.4)
(354.2, 232.9, 99.8)
(355.3, 241.4, 95.9)
(355.3, 241.4, 95.9)
    
(4.8, 181.5, 113.6)
(4.9, 194.1, 114.0)
(3.4, 204.1, 114.0)
(3.4, 204.1, 114.0)
(359.2, 213.5, 113.0)
(354.7, 224.4, 111.0)
(354.6, 235.8, 108.9)
(356.2, 245.1, 106.9)
(356.2, 245.1, 106.9)
(358.0, 253.8, 104.6)
    
(0.8, 189.0, 107.7)
(4.9, 199.6, 110.6)
(4.9, 199.6, 110.6)
(5.5, 204.2, 111.1)
(0.4, 207.9, 111.0)
(353.8, 215.9, 110.1)
(350.0, 226.1, 107.4)
(348.6, 236.4, 103.8)
(348.6, 236.4, 103.8)
(348.8, 245.6, 99.3)
    
(7.8, 173.5, 114.3)
(9.3, 186.7, 116.5)
(8.3, 197.6, 116.2)
(5.0, 207.3, 115.2)
(5.0, 207.3, 115.2)
(1.3, 215.7, 113.8)
(359.5, 222.9, 111.2)
(359.0, 229.2, 107.4)
(358.2, 236.0, 102.2)
(358.2, 236.0, 102.2)
    
(10.5, 175.1, 111.0)
(9.0, 185.8, 114.9)
(7.6, 196.1, 116.0)
(5.3, 204.8, 114.3)
(0.9, 211.6, 110.2)
(0.9, 211.6, 110.2)
(356.6, 217.6, 104.8)
(355.3, 223.1, 99.8)
(357.0, 229.2, 94.6)
(359.2, 235.3, 91.3)
    
(10.0, 187.8, 110.7)
(10.5, 196.7, 112.1)
(9.2, 202.4, 112.6)
(9.2, 202.4, 112.6)
(6.6, 208.2, 112.4)
(3.7, 216.4, 110.8)
(1.6, 226.1, 107.7)
(1.6, 226.1, 107.7)
(0.7, 234.9, 104.6)
(359.2, 242.8, 101.5)
    
(4.8, 182.4, 107.7)
(2.9, 187.3, 106.0)
(0.9, 192.7, 103.9)
(359.7, 199.2, 103.5)
(359.0, 205.8, 104.0)
(359.0, 205.8, 104.0)
(357.5, 211.5, 104.2)
(354.8, 217.4, 102.5)
(351.8, 224.0, 99.5)
(349.6, 232.0, 95.9)
    
(6.8, 183.3, 106.2)
(9.0, 193.9, 108.1)
(7.1, 202.9, 109.2)
(7.1, 202.9, 109.2)
(2.9, 210.4, 108.8)
(357.8, 216.5, 106.8)
(352.0, 222.3, 103.8)
(347.9, 228.6, 100.6)
(347.9, 228.6, 100.6)
(346.2, 235.5, 98.0)
    
(2.5, 183.0, 109.0)
(2.5, 183.0, 109.0)
(6.0, 191.3, 110.0)
(3.9, 198.5, 110.1)
(0.2, 207.3, 110.3)
(358.4, 217.0, 110.0)
(358.6, 226.5, 109.2)
(358.6, 226.5, 109.2)
(358.0, 233.3, 106.3)
(355.4, 239.2, 101.5)
    
(3.3, 182.4, 109.0)
(0.5, 194.7, 110.1)
(355.8, 204.0, 108.4)
(352.9, 213.0, 106.1)
(353.0, 223.6, 104.1)
(353.0, 223.6, 104.1)
(353.8, 231.8, 102.8)
(351.0, 237.0, 101.4)
(346.6, 241.0, 99.9)
(343.6, 247.1, 97.4)
    
(1.9, 179.0, 115.2)
(2.1, 194.0, 116.6)
(358.4, 203.8, 112.6)
(358.4, 203.8, 112.6)
(353.1, 213.5, 107.3)
(350.4, 224.1, 102.8)
(352.0, 234.1, 97.7)
(353.5, 243.1, 91.2)
(353.5, 243.1, 91.2)
(353.0, 251.3, 84.7)
    
(351.1, 173.4, 115.1)
(354.7, 191.8, 118.5)
(357.1, 206.2, 117.5)
(357.1, 206.2, 117.5)
(353.7, 216.0, 112.1)
(349.1, 223.9, 104.9)
(347.3, 232.4, 98.7)
(347.3, 232.4, 98.7)
(348.1, 241.2, 94.0)
(349.5, 248.6, 89.7)
    
(354.0, 180.3, 107.7)
(356.9, 199.3, 111.3)
(357.6, 212.9, 111.8)
(354.0, 220.3, 106.2)
(354.0, 220.3, 106.2)
(347.8, 229.3, 98.2)
(345.8, 239.7, 93.2)
(347.4, 250.6, 90.1)
(349.9, 258.2, 86.8)
(349.9, 258.2, 86.8)
    
(5.8, 171.0, 104.2)
(4.7, 183.0, 105.1)
(2.5, 193.4, 104.2)
(356.2, 204.7, 103.1)
(356.2, 204.7, 103.1)
(348.9, 217.6, 101.4)
(343.7, 233.0, 98.6)
(346.5, 246.3, 96.3)
(351.4, 252.9, 93.2)
(351.4, 252.9, 93.2)
    
(359.6, 178.5, 105.7)
(0.3, 189.0, 105.6)
(0.3, 189.0, 105.6)
(0.5, 198.4, 105.5)
(358.4, 206.2, 105.8)
(354.8, 214.4, 106.6)
(351.9, 224.1, 105.3)
(351.9, 224.1, 105.3)
(351.4, 234.3, 102.1)
(351.9, 242.6, 97.5)
    
(10.1, 165.1, 113.5)
(11.7, 180.4, 117.5)
(7.8, 193.7, 117.9)
(4.1, 204.4, 116.8)
(4.1, 204.4, 116.8)
(1.5, 215.1, 115.7)
(359.4, 222.4, 112.8)
(356.3, 227.6, 107.9)
(356.3, 227.6, 107.9)
(353.3, 233.0, 103.1)
    
(4.1, 199.8, 114.4)
(2.2, 205.2, 111.2)
(359.6, 208.9, 108.6)
(359.6, 208.9, 108.6)
(356.0, 210.0, 107.6)
(352.1, 211.5, 107.1)
(348.7, 216.9, 105.6)
(348.3, 226.1, 102.1)
(348.3, 226.1, 102.1)
(351.7, 237.3, 98.2)
    
(5.3, 180.5, 112.2)
(5.3, 180.5, 112.2)
(0.8, 192.5, 109.9)
(3.7, 207.2, 107.4)
(6.8, 219.3, 106.9)
(5.7, 225.1, 103.8)
(5.7, 225.1, 103.8)
(358.7, 226.9, 98.1)
(351.1, 232.6, 92.5)
(348.4, 242.2, 87.6)
    
(8.7, 180.0, 116.8)
(7.7, 194.6, 119.0)
(4.3, 204.7, 117.2)
(359.4, 212.7, 113.1)
(359.4, 212.7, 113.1)
(353.2, 220.4, 107.2)
(350.4, 230.4, 102.1)
(350.8, 242.2, 98.3)
(354.0, 253.8, 96.7)
(354.0, 253.8, 96.7)
    
(12.0, 168.9, 111.0)
(2.5, 176.5, 111.2)
(2.5, 176.5, 111.2)
(354.7, 185.1, 110.4)
(350.5, 197.7, 109.2)
(351.1, 213.2, 107.2)
(353.4, 228.0, 104.0)
(353.4, 228.0, 104.0)
(352.9, 237.6, 99.3)
(350.7, 245.5, 94.4)
    
(350.0, 176.3, 110.4)
(347.9, 195.1, 108.9)
(350.3, 209.7, 107.0)
(350.3, 209.7, 107.0)
(351.9, 220.9, 105.0)
(352.1, 228.8, 102.5)
(352.5, 235.1, 99.7)
(352.6, 241.2, 97.0)
(352.6, 241.2, 97.0)
(351.8, 247.4, 93.8)
    
(3.0, 184.2, 115.0)
(0.2, 197.8, 114.3)
(355.3, 208.4, 112.1)
(349.0, 218.6, 110.0)
(345.9, 230.2, 107.9)
(345.9, 230.2, 107.9)
(347.8, 241.3, 105.3)
(350.8, 250.6, 101.6)
(351.0, 258.1, 97.0)
(350.0, 264.8, 92.7)
    
(347.2, 162.0, 113.8)
(353.0, 191.8, 116.2)
(359.9, 210.6, 115.9)
(0.4, 220.2, 112.7)
(354.3, 227.1, 106.4)
(354.3, 227.1, 106.4)
(352.3, 235.7, 101.5)
(353.7, 244.8, 99.4)
(355.3, 251.8, 96.0)
(356.7, 258.5, 90.9)
    
(0.4, 181.3, 111.7)
(354.7, 197.4, 117.1)
(354.5, 209.1, 115.6)
(356.8, 220.8, 112.0)
(356.8, 220.8, 112.0)
(356.9, 231.8, 107.8)
(355.6, 240.8, 104.1)
(354.3, 248.9, 100.9)
(351.9, 258.0, 98.4)
(351.9, 258.0, 98.4)
    
(12.2, 185.5, 117.7)
(7.3, 196.0, 114.7)
(7.3, 196.0, 114.7)
(3.6, 206.7, 112.0)
(2.6, 215.2, 110.7)
(2.1, 221.8, 108.5)
(0.7, 229.2, 104.3)
(0.7, 229.2, 104.3)
(358.3, 239.5, 99.2)
(357.7, 248.4, 95.7)
    
(11.8, 175.2, 110.7)
(7.3, 179.5, 110.3)
(2.0, 187.2, 109.2)
(357.8, 198.7, 106.4)
(355.7, 210.0, 102.9)
(355.7, 210.0, 102.9)
(353.9, 218.7, 99.7)
(351.2, 228.2, 96.1)
(349.8, 237.3, 93.3)
(350.1, 246.3, 91.3)
    
(357.0, 175.2, 111.2)
(351.8, 185.1, 111.4)
(351.2, 196.5, 112.3)
(355.2, 208.5, 113.1)
(358.4, 218.7, 112.3)
(358.4, 218.7, 112.3)
(358.5, 228.0, 110.0)
(355.3, 236.0, 106.7)
(353.6, 243.3, 103.4)
(353.7, 250.9, 99.7)
    
(0.5, 176.6, 108.2)
(358.9, 185.8, 109.4)
(359.3, 192.9, 110.9)
(358.2, 198.2, 110.9)
(358.2, 198.2, 110.9)
(354.6, 203.6, 110.4)
(349.2, 212.5, 109.2)
(346.0, 223.8, 107.0)
(347.0, 235.0, 105.0)
(347.0, 235.0, 105.0)
    
(4.0, 185.8, 112.5)
(2.3, 195.5, 114.8)
(2.3, 195.5, 114.8)
(0.7, 203.4, 115.1)
(357.1, 209.5, 112.8)
(351.0, 216.1, 110.4)
(346.4, 223.7, 108.6)
(346.4, 223.7, 108.6)
(345.5, 231.8, 106.7)
(347.3, 239.6, 103.1)
    
(355.5, 176.6, 111.4)
(355.5, 176.6, 111.4)
(353.8, 191.2, 111.6)
(354.5, 204.4, 111.6)
(355.4, 215.5, 112.0)
(352.4, 222.6, 109.1)
(352.4, 222.6, 109.1)
(348.8, 229.6, 104.7)
(347.4, 237.6, 99.9)
(348.7, 245.5, 95.5)
    
(10.7, 169.3, 108.3)
(8.4, 177.1, 110.4)
(0.2, 188.1, 110.5)
(0.2, 188.1, 110.5)
(352.8, 200.9, 107.3)
(349.3, 213.3, 103.6)
(350.0, 225.7, 100.2)
(352.6, 235.2, 97.0)
(352.6, 235.2, 97.0)
(352.7, 243.0, 94.0)
    
(6.4, 189.2, 116.1)
(4.1, 198.6, 115.5)
(359.4, 205.9, 114.5)
(359.4, 205.9, 114.5)
(355.2, 212.3, 112.6)
(352.9, 219.4, 109.6)
(352.3, 228.2, 105.5)
(352.0, 235.7, 101.8)
(352.0, 235.7, 101.8)
(350.2, 241.3, 99.0)
    
(6.0, 180.4, 110.9)
(5.4, 191.8, 112.2)
(6.7, 202.9, 113.4)
(7.8, 210.1, 113.9)
(7.8, 210.1, 113.9)
(5.1, 215.5, 112.4)
(359.9, 221.4, 109.8)
(354.4, 227.5, 106.2)
(350.0, 234.6, 101.6)
(350.0, 234.6, 101.6)
    
(15.3, 164.9, 103.3)
(16.9, 169.8, 105.2)
(15.1, 174.6, 106.0)
(15.1, 174.6, 106.0)
(8.4, 181.1, 105.6)
(1.6, 192.1, 104.7)
(357.8, 204.4, 104.0)
(355.9, 217.5, 103.9)
(355.9, 217.5, 103.9)
(355.2, 226.4, 101.7)
    
(7.1, 185.2, 117.5)
(0.9, 193.2, 115.4)
(355.6, 201.7, 113.5)
(355.6, 201.7, 113.5)
(352.7, 211.6, 112.7)
(352.3, 221.9, 111.2)
(353.6, 231.5, 107.5)
(355.2, 239.7, 103.2)
(355.3, 245.7, 100.6)
(355.3, 245.7, 100.6)
    
(351.5, 183.7, 96.2)
(351.5, 183.7, 96.2)
(352.9, 193.7, 94.3)
(353.9, 203.7, 92.0)
(353.5, 210.9, 89.4)
(352.5, 217.6, 86.8)
(352.5, 217.6, 86.8)
(351.9, 221.9, 85.0)
(352.0, 225.3, 83.7)
(353.7, 226.7, 82.6)
    
(15.2, 168.3, 109.4)
(12.6, 182.9, 112.0)
(8.9, 194.6, 111.9)
(3.1, 205.5, 110.1)
(358.6, 215.2, 107.8)
(358.6, 215.2, 107.8)
(357.5, 224.1, 105.5)
(358.1, 231.6, 103.5)
(358.1, 238.6, 101.8)
(356.7, 245.5, 99.1)
    
(1.4, 177.2, 119.9)
(0.2, 192.4, 120.6)
(1.5, 206.7, 120.2)
(359.8, 216.9, 117.1)
(356.4, 224.4, 112.9)
(356.4, 224.4, 112.9)
(353.9, 232.0, 109.1)
(354.4, 239.8, 106.4)
(357.4, 247.3, 104.2)
(357.4, 247.3, 104.2)
    
(10.6, 186.4, 119.7)
(7.0, 193.1, 119.7)
(7.0, 193.1, 119.7)
(3.7, 201.0, 118.7)
(1.2, 209.6, 117.4)
(358.1, 217.5, 116.1)
(354.7, 224.4, 114.9)
(354.7, 224.4, 114.9)
(352.6, 230.9, 113.3)
(352.2, 237.8, 111.2)
    
(1.1, 176.4, 112.9)
(358.7, 189.6, 112.7)
(358.8, 200.8, 111.0)
(357.2, 208.8, 107.3)
(357.2, 208.8, 107.3)
(355.3, 215.9, 103.7)
(355.2, 223.2, 101.4)
(356.7, 230.7, 99.7)
(358.8, 238.3, 98.0)
(358.8, 238.3, 98.0)
    
(10.2, 185.5, 116.0)
(8.1, 195.1, 117.4)
(8.1, 195.1, 117.4)
(6.8, 205.5, 119.3)
(6.5, 215.9, 118.6)
(5.9, 224.1, 114.9)
(3.7, 231.0, 110.3)
(1.5, 237.6, 105.7)
(1.5, 237.6, 105.7)
(1.0, 243.8, 101.6)
    
(7.2, 177.8, 111.5)
(4.6, 190.6, 111.1)
(4.9, 203.7, 109.7)
(6.0, 217.5, 107.7)
(4.7, 228.4, 105.4)
(4.7, 228.4, 105.4)
(1.3, 239.2, 103.1)
(359.9, 245.7, 101.0)
(359.6, 251.7, 99.1)
(0.4, 257.5, 96.9)
    
(8.8, 178.3, 115.1)
(6.5, 187.8, 114.8)
(3.8, 199.4, 112.2)
(0.7, 208.9, 107.9)
(0.7, 208.9, 107.9)
(356.7, 218.4, 103.3)
(354.5, 227.2, 100.1)
(354.1, 235.7, 97.4)
(355.6, 244.3, 94.8)
(355.6, 244.3, 94.8)
    
(3.4, 180.0, 110.0)
(6.1, 194.0, 111.9)
(6.1, 194.0, 111.9)
(8.3, 208.3, 113.1)
(6.5, 220.2, 111.5)
(3.0, 230.1, 107.1)
(2.1, 237.6, 103.7)
(2.1, 237.6, 103.7)
(2.1, 244.8, 101.0)
(2.0, 252.4, 98.0)
    
(1.1, 189.6, 113.5)
(3.9, 199.2, 115.8)
(7.3, 203.0, 117.0)
(7.3, 203.0, 117.0)
(8.7, 205.1, 116.7)
(5.9, 209.6, 114.8)
(2.8, 216.3, 111.0)
(0.1, 222.6, 105.8)
(0.1, 222.6, 105.8)
(358.9, 227.8, 101.6)
    
(8.8, 189.1, 115.7)
(3.3, 200.3, 116.5)
(359.7, 209.6, 113.9)
(358.3, 218.3, 110.4)
(358.3, 218.3, 110.4)
(358.0, 225.1, 107.9)
(357.0, 230.7, 106.2)
(354.4, 236.2, 104.8)
(353.0, 243.0, 102.8)
(353.0, 243.0, 102.8)
    
(12.8, 174.7, 109.8)
(9.6, 180.2, 106.0)
(7.6, 187.0, 101.6)
(7.9, 193.6, 99.4)
(7.9, 193.6, 99.4)
(8.2, 199.0, 99.3)
(7.7, 202.9, 100.0)
(7.0, 206.9, 99.7)
(5.6, 211.9, 98.1)
(5.6, 211.9, 98.1)
    
(11.6, 182.6, 113.0)
(11.6, 186.5, 110.5)
(8.6, 193.7, 108.1)
(8.6, 193.7, 108.1)
(5.2, 203.4, 106.2)
(3.3, 214.0, 103.7)
(1.6, 224.2, 101.5)
(0.2, 233.6, 99.5)
(0.2, 233.6, 99.5)
(358.7, 240.4, 98.1)
    
/n
(355.4, 181.7, 112.9)
(354.1, 195.0, 115.4)
(354.1, 195.0, 115.4)
(356.2, 209.0, 116.5)
(355.9, 220.3, 114.2)
(352.9, 229.7, 109.5)
(348.3, 240.1, 102.4)
(348.3, 240.1, 102.4)
(347.6, 249.7, 96.2)
(349.4, 258.3, 91.9)
    
(7.7, 187.3, 121.7)
(11.0, 203.4, 125.3)
(8.9, 210.9, 125.2)
(0.7, 215.7, 120.8)
(0.7, 215.7, 120.8)
(353.2, 223.6, 113.6)
(349.0, 235.6, 104.7)
(349.7, 247.1, 99.9)
(352.5, 256.8, 97.3)
(352.5, 256.8, 97.3)
    
(4.1, 172.6, 108.4)
(2.5, 185.1, 109.5)
(1.2, 198.2, 110.2)
(359.6, 207.7, 110.1)
(358.5, 214.2, 109.9)
(358.5, 214.2, 109.9)
(355.3, 218.8, 109.0)
(350.0, 224.3, 107.6)
(346.5, 232.6, 104.0)
(346.5, 232.6, 104.0)
    
(2.5, 175.5, 115.7)
(0.8, 186.0, 116.1)
(358.9, 196.8, 115.6)
(355.1, 205.6, 114.4)
(350.7, 213.0, 112.7)
(350.7, 213.0, 112.7)
(348.0, 220.6, 110.1)
(347.2, 230.1, 106.3)
(347.2, 238.0, 103.1)
(347.9, 246.8, 100.2)
    
(2.2, 177.0, 124.2)
(357.9, 189.7, 122.8)
(355.9, 202.4, 120.6)
(352.8, 212.0, 118.3)
(352.8, 212.0, 118.3)
(346.9, 221.6, 113.9)
(343.6, 231.3, 109.4)
(342.8, 241.6, 106.5)
(343.9, 250.7, 105.5)
(343.9, 250.7, 105.5)
    
(8.0, 175.0, 111.7)
(11.5, 185.0, 112.7)
(11.5, 185.0, 112.7)
(10.6, 192.4, 112.8)
(4.2, 197.6, 111.7)
(354.5, 204.5, 111.4)
(344.0, 213.2, 113.2)
(344.0, 213.2, 113.2)
(341.0, 224.4, 115.2)
(343.5, 238.1, 116.2)
    
(5.0, 189.7, 114.5)
(2.3, 199.0, 114.9)
(2.3, 199.0, 114.9)
(359.1, 206.5, 115.1)
(355.6, 213.6, 114.7)
(350.4, 221.1, 113.7)
(346.2, 229.1, 111.3)
(346.2, 229.1, 111.3)
(341.5, 240.4, 108.0)
(340.5, 249.9, 105.1)
    
(4.2, 170.0, 122.7)
(5.6, 183.7, 125.6)
(7.4, 197.6, 127.0)
(6.5, 209.2, 126.2)
(6.5, 209.2, 126.2)
(358.4, 216.5, 121.3)
(350.2, 224.2, 116.1)
(347.2, 232.5, 112.1)
(348.5, 241.7, 109.5)
(348.5, 241.7, 109.5)
    
(359.5, 183.7, 123.8)
(358.4, 197.1, 123.6)
(358.1, 210.2, 121.1)
(358.1, 210.2, 121.1)
(353.7, 219.9, 116.4)
(347.5, 228.5, 111.4)
(343.4, 238.2, 106.1)
(343.9, 248.0, 101.9)
(343.9, 248.0, 101.9)
(347.1, 257.3, 98.9)
    
(9.7, 193.2, 118.7)
(9.7, 193.2, 118.7)
(6.1, 193.0, 119.6)
(0.7, 198.5, 119.5)
(356.4, 208.7, 118.4)
(354.4, 220.0, 116.6)
(354.4, 220.0, 116.6)
(351.9, 231.1, 114.1)
(347.9, 239.7, 110.4)
(343.9, 248.5, 106.6)
    
(1.7, 186.1, 109.0)
(2.1, 190.7, 109.7)
(0.4, 193.4, 109.8)
(356.8, 199.3, 109.0)
(356.8, 199.3, 109.0)
(352.7, 207.7, 107.4)
(349.1, 217.7, 105.0)
(347.4, 228.5, 102.1)
(347.8, 240.5, 99.0)
(347.8, 240.5, 99.0)
    
(10.3, 179.0, 113.0)
(10.3, 179.0, 113.0)
(4.9, 182.4, 111.6)
(357.8, 188.2, 110.2)
(353.2, 199.3, 109.9)
(353.7, 212.2, 109.3)
(353.7, 212.2, 109.3)
(356.0, 225.0, 108.8)
(355.7, 234.8, 106.2)
(354.2, 243.3, 102.7)
    
(13.8, 168.9, 116.9)
(7.3, 180.6, 118.5)
(1.7, 192.6, 119.8)
(356.1, 201.7, 119.1)
(351.5, 209.1, 116.6)
(351.5, 209.1, 116.6)
(347.1, 217.4, 113.4)
(346.1, 226.8, 110.9)
(349.2, 237.8, 109.8)
(352.2, 246.8, 108.6)
    
(5.4, 181.7, 110.9)
(3.9, 186.6, 111.4)
(1.2, 188.5, 112.2)
(1.2, 188.5, 112.2)
(358.3, 193.4, 114.3)
(355.9, 202.7, 115.2)
(354.5, 214.6, 114.1)
(351.6, 224.7, 110.1)
(351.6, 224.7, 110.1)
(347.6, 233.4, 105.8)
    
(356.4, 180.6, 109.8)
(357.1, 195.1, 109.1)
(357.1, 195.1, 109.1)
(358.6, 209.1, 107.3)
(356.2, 220.7, 105.3)
(351.6, 232.2, 102.9)
(349.9, 240.8, 100.3)
(349.9, 240.8, 100.3)
(351.6, 248.7, 98.0)
(355.1, 255.1, 95.9)
    
(0.0, 169.8, 111.4)
(357.8, 183.5, 113.6)
(357.9, 199.5, 114.6)
(0.1, 215.1, 114.4)
(357.4, 225.1, 111.5)
(357.4, 225.1, 111.5)
(350.5, 232.5, 107.1)
(341.7, 241.2, 101.7)
(338.9, 251.1, 96.5)
(341.3, 260.3, 92.7)
    
(6.1, 172.8, 119.3)
(357.0, 180.2, 120.7)
(351.0, 189.8, 120.5)
(347.5, 201.7, 120.3)
(347.5, 201.7, 120.3)
(348.4, 215.3, 120.0)
(350.9, 228.1, 118.8)
(350.9, 238.9, 115.1)
(348.2, 246.3, 110.3)
(348.2, 246.3, 110.3)
    
(2.3, 183.7, 115.2)
(1.9, 197.2, 115.4)
(359.9, 207.2, 115.4)
(359.9, 207.2, 115.4)
(355.7, 213.8, 114.4)
(351.2, 221.0, 113.0)
(348.1, 230.9, 111.2)
(348.7, 240.9, 107.9)
(348.7, 240.9, 107.9)
(350.6, 250.6, 103.9)
    
(6.7, 194.1, 117.2)
(6.7, 194.1, 117.2)
(2.2, 202.7, 115.8)
(0.2, 211.8, 115.0)
(0.7, 220.5, 114.9)
(1.5, 227.4, 114.0)
(1.5, 227.4, 114.0)
(359.7, 232.8, 111.5)
(355.3, 238.8, 107.5)
(351.6, 245.3, 103.4)
    
(6.2, 171.2, 114.9)
(0.0, 180.3, 115.3)
(0.0, 180.3, 115.3)
(354.7, 191.2, 114.2)
(351.9, 202.2, 112.7)
(352.0, 213.5, 111.8)
(353.0, 221.6, 110.0)
(353.0, 221.6, 110.0)
(352.5, 229.4, 107.0)
(350.5, 237.4, 103.9)
    
(10.3, 183.9, 122.1)
(6.3, 195.3, 122.7)
(6.3, 195.3, 122.7)
(2.6, 208.3, 121.7)
(358.2, 217.5, 118.5)
(353.2, 223.9, 114.3)
(349.7, 229.5, 110.4)
(349.7, 229.5, 110.4)
(347.7, 235.9, 107.1)
(348.6, 242.7, 105.0)
    
(13.9, 181.8, 117.6)
(11.1, 188.7, 118.4)
(4.9, 195.0, 119.2)
(359.3, 204.6, 119.7)
(356.6, 215.2, 118.6)
(356.6, 215.2, 118.6)
(356.3, 227.5, 117.1)
(357.3, 235.8, 113.4)
(357.4, 242.0, 107.2)
(356.0, 247.8, 101.0)
    
(0.7, 179.3, 117.7)
(359.6, 192.2, 118.6)
(360.0, 204.3, 117.3)
(360.0, 204.3, 117.3)
(359.1, 214.7, 115.1)
(354.9, 222.1, 112.5)
(351.7, 228.3, 109.7)
(349.9, 235.3, 106.2)
(350.5, 244.5, 102.7)
(350.5, 244.5, 102.7)
    
(7.7, 183.8, 117.8)
(2.4, 192.3, 116.2)
(357.1, 199.6, 114.2)
(357.1, 199.6, 114.2)
(354.1, 206.7, 112.6)
(353.6, 214.0, 111.6)
(354.6, 220.8, 111.1)
(354.7, 227.5, 110.0)
(354.7, 227.5, 110.0)
(352.4, 234.6, 107.4)
    
(12.5, 186.1, 118.2)
(12.5, 186.1, 118.2)
(9.6, 195.9, 117.8)
(3.3, 204.5, 116.0)
(356.9, 212.6, 112.5)
(353.2, 221.2, 107.9)
(353.2, 221.2, 107.9)
(352.8, 231.0, 103.0)
(354.4, 239.7, 98.9)
(355.4, 248.0, 94.8)
    
(7.0, 166.3, 117.7)
(5.7, 179.3, 118.6)
(5.7, 179.3, 118.6)
(4.5, 192.2, 118.7)
(1.6, 202.4, 116.2)
(357.8, 213.0, 112.6)
(356.9, 222.5, 109.6)
(359.0, 232.2, 108.1)
(359.0, 232.2, 108.1)
(0.3, 240.0, 105.1)
    
(15.6, 183.8, 112.3)
(15.6, 183.8, 112.3)
(12.2, 188.3, 113.1)
(4.4, 197.8, 112.1)
(359.0, 207.3, 109.4)
(353.2, 216.9, 106.0)
(353.2, 216.9, 106.0)
(350.6, 226.6, 102.7)
(351.6, 236.6, 100.1)
(354.2, 245.9, 97.8)
    
(2.0, 171.8, 109.8)
(1.0, 183.5, 110.9)
(356.5, 194.2, 110.2)
(356.5, 194.2, 110.2)
(350.1, 205.9, 107.4)
(349.2, 215.5, 104.6)
(351.8, 221.3, 103.8)
(353.5, 224.7, 103.0)
(353.5, 224.7, 103.0)
(352.4, 228.8, 100.5)
    
(5.2, 165.3, 114.0)
(1.8, 180.5, 117.3)
(0.8, 195.7, 117.9)
(0.8, 195.7, 117.9)
(359.0, 207.8, 115.6)
(355.4, 216.9, 111.3)
(350.8, 225.9, 105.9)
(348.4, 234.3, 101.8)
(348.4, 234.3, 101.8)
(348.1, 243.7, 98.7)
    
(5.1, 183.4, 113.8)
(5.5, 194.4, 113.8)
(3.3, 202.0, 113.3)
(3.3, 202.0, 113.3)
(359.1, 208.8, 111.6)
(354.9, 217.7, 108.0)
(353.1, 228.9, 103.1)
(352.9, 240.3, 98.4)
(352.9, 240.3, 98.4)
(351.8, 250.8, 94.2)
    
(5.6, 186.1, 117.8)
(0.2, 194.3, 116.9)
(0.2, 194.3, 116.9)
(355.5, 203.6, 114.0)
(352.4, 214.7, 110.8)
(350.7, 227.0, 108.4)
(349.0, 239.1, 106.6)
(349.0, 239.1, 106.6)
(347.8, 250.0, 103.0)
(348.4, 259.2, 98.0)
    
(8.1, 163.5, 111.3)
(5.0, 173.2, 111.1)
(359.8, 184.5, 108.6)
(352.7, 195.2, 105.7)
(352.7, 195.2, 105.7)
(348.0, 205.5, 103.4)
(347.4, 217.2, 102.3)
(351.5, 227.3, 102.3)
(354.6, 235.0, 101.7)
(354.6, 235.0, 101.7)
    
(1.7, 180.6, 110.6)
(1.1, 190.3, 112.0)
(1.1, 190.3, 112.0)
(3.8, 197.0, 112.9)
(4.4, 203.5, 111.4)
(1.5, 211.2, 108.7)
(357.9, 221.2, 105.5)
(357.9, 221.2, 105.5)
(355.3, 232.7, 102.2)
(353.6, 244.0, 99.7)
    
(12.0, 171.2, 112.1)
(5.0, 178.9, 114.9)
(358.8, 188.2, 114.6)
(353.6, 199.2, 112.0)
(352.4, 211.7, 107.6)
(352.4, 211.7, 107.6)
(354.1, 222.5, 104.2)
(354.4, 233.0, 100.9)
(351.9, 243.8, 96.9)
(351.1, 253.3, 92.5)
    
(348.2, 176.1, 93.9)
(348.2, 176.1, 93.9)
(346.2, 195.9, 95.3)
(348.1, 214.8, 98.8)
(354.2, 232.2, 103.0)
(355.9, 242.8, 102.5)
(354.9, 249.4, 100.7)
(354.9, 249.4, 100.7)
(355.5, 253.4, 97.4)
(358.5, 258.9, 91.9)
    
(359.8, 179.5, 111.6)
(359.1, 191.7, 111.2)
(359.1, 191.7, 111.2)
(355.7, 202.2, 109.0)
(353.1, 212.4, 106.5)
(353.6, 222.6, 104.2)
(356.5, 232.9, 101.4)
(356.5, 232.9, 101.4)
(356.8, 241.7, 97.4)
(356.6, 250.1, 93.5)
    
(0.7, 180.8, 113.3)
(356.0, 191.1, 112.6)
(354.9, 203.7, 111.2)
(355.9, 216.3, 108.4)
(354.4, 227.3, 103.7)
(354.4, 227.3, 103.7)
(352.4, 237.0, 98.5)
(350.5, 245.6, 94.8)
(351.4, 251.9, 93.7)
(353.9, 257.4, 92.3)
    
(6.5, 185.5, 117.0)
(6.2, 201.1, 117.5)
(6.2, 201.1, 117.5)
(4.8, 211.8, 114.3)
(3.1, 220.4, 109.1)
(2.6, 228.5, 104.6)
(1.8, 236.8, 100.5)
(1.8, 236.8, 100.5)
(0.5, 246.0, 95.8)
(359.3, 255.5, 90.4)
    
(15.1, 178.8, 119.4)
(14.4, 187.0, 118.7)
(14.4, 187.0, 118.7)
(8.3, 195.2, 115.0)
(1.4, 206.4, 109.8)
(358.0, 219.6, 105.0)
(356.8, 232.4, 102.1)
(356.8, 232.4, 102.1)
(356.2, 242.6, 99.2)
(356.1, 251.1, 95.7)
    
(15.7, 184.6, 117.4)
(12.6, 189.9, 116.0)
(8.4, 197.3, 114.0)
(5.4, 208.8, 111.0)
(5.4, 208.8, 111.0)
(5.1, 220.0, 108.1)
(4.5, 229.3, 105.4)
(3.1, 239.2, 101.6)
(2.3, 248.9, 98.5)
(2.2, 254.3, 95.8)
    
(11.5, 180.1, 118.3)
(8.2, 184.5, 118.1)
(8.2, 184.5, 118.1)
(3.1, 193.5, 117.1)
(358.8, 206.4, 115.2)
(357.0, 217.9, 113.4)
(355.6, 228.4, 110.9)
(355.6, 228.4, 110.9)
(354.6, 236.2, 107.1)
(354.4, 243.9, 102.4)
    
(14.0, 169.4, 115.5)
(8.6, 175.2, 113.5)
(2.8, 185.0, 112.2)
(359.6, 197.0, 111.1)
(358.5, 208.1, 110.1)
(358.5, 208.1, 110.1)
(358.0, 218.4, 108.4)
(357.3, 229.9, 104.4)
(357.3, 236.7, 101.8)
(357.9, 241.8, 100.7)
    
(16.2, 186.1, 120.4)
(13.6, 195.1, 119.0)
(10.2, 199.9, 116.5)
(7.9, 202.2, 113.3)
(5.7, 208.4, 109.9)
(5.7, 208.4, 109.9)
(3.4, 218.4, 106.5)
(2.3, 229.5, 103.6)
(1.7, 239.8, 100.3)
(1.1, 250.6, 96.6)
    
(7.6, 180.0, 117.2)
(2.4, 188.3, 115.5)
(357.5, 198.0, 112.5)
(357.5, 198.0, 112.5)
(356.8, 208.3, 109.7)
(357.5, 217.8, 106.9)
(357.2, 227.2, 104.0)
(356.6, 235.9, 101.7)
(356.6, 235.9, 101.7)
(357.4, 244.1, 99.8)
    
(3.7, 179.8, 110.9)
(0.0, 191.8, 110.6)
(0.0, 191.8, 110.6)
(358.7, 203.2, 108.5)
(358.7, 215.2, 105.2)
(357.3, 224.5, 101.4)
(354.8, 234.9, 97.5)
(354.8, 234.9, 97.5)
(353.6, 243.9, 94.2)
(354.4, 250.5, 90.8)
    
(8.7, 174.9, 117.3)
(359.8, 185.4, 116.8)
(353.1, 196.5, 115.6)
(352.4, 207.7, 114.2)
(356.2, 217.9, 111.5)
(356.2, 217.9, 111.5)
(356.7, 227.1, 106.3)
(355.4, 235.3, 101.1)
(354.7, 242.5, 97.8)
(355.1, 248.0, 96.4)
    
(3.9, 187.9, 116.2)
(4.3, 197.9, 115.0)
(4.3, 197.9, 115.0)
(6.7, 206.0, 114.3)
(6.6, 211.6, 111.4)
(2.3, 217.6, 107.1)
(357.0, 225.5, 102.4)
(357.0, 225.5, 102.4)
(354.5, 234.7, 98.4)
(354.7, 241.9, 95.3)
    
(5.7, 182.6, 113.2)
(2.0, 190.1, 115.3)
(358.2, 200.4, 117.2)
(358.2, 200.4, 117.2)
(356.7, 210.9, 116.2)
(358.0, 221.0, 113.5)
(357.0, 228.9, 108.6)
(352.6, 236.9, 102.2)
(352.6, 236.9, 102.2)
(348.7, 244.7, 96.9)
    
(10.4, 187.4, 111.6)
(10.4, 187.4, 111.6)
(7.1, 193.2, 110.6)
(2.1, 200.9, 106.4)
(356.6, 213.6, 101.0)
(354.1, 227.9, 96.5)
(354.1, 227.9, 96.5)
(352.6, 241.2, 94.1)
(351.2, 252.1, 92.2)
(351.8, 259.9, 88.3)
    
(4.5, 174.1, 111.0)
(7.7, 185.5, 112.4)
(7.1, 191.9, 111.3)
(2.3, 196.5, 108.6)
(2.3, 196.5, 108.6)
(354.3, 203.0, 106.0)
(350.4, 212.7, 103.0)
(349.8, 224.3, 99.8)
(352.3, 235.0, 97.4)
(352.3, 235.0, 97.4)
    
(6.7, 178.1, 109.1)
(4.4, 188.9, 110.7)
(4.4, 188.9, 110.7)
(2.7, 197.9, 111.1)
(0.9, 206.6, 109.7)
(358.2, 215.6, 105.7)
(355.0, 224.4, 101.4)
(355.0, 224.4, 101.4)
(352.9, 232.4, 97.9)
(351.9, 240.4, 94.7)
    
(5.5, 171.8, 113.7)
(5.5, 182.8, 114.1)
(4.2, 192.6, 112.5)
(0.6, 202.5, 109.1)
(0.6, 202.5, 109.1)
(356.8, 211.2, 105.3)
(354.0, 220.4, 101.8)
(353.4, 228.1, 99.2)
(353.7, 234.3, 96.9)
(353.7, 234.3, 96.9)
    
(8.3, 180.8, 114.4)
(6.2, 191.1, 112.3)
(5.8, 199.9, 111.0)
(5.8, 199.9, 111.0)
(3.2, 207.0, 109.0)
(359.3, 215.2, 105.7)
(356.2, 225.1, 101.5)
(355.1, 234.9, 97.9)
(355.1, 234.9, 97.9)
(354.9, 245.1, 94.6)
    
(5.7, 178.6, 108.8)
(6.0, 188.1, 109.8)
(6.0, 188.1, 109.8)
(2.7, 197.3, 108.7)
(357.2, 207.0, 105.9)
(352.8, 216.7, 102.5)
(351.0, 226.0, 99.1)
(351.0, 226.0, 99.1)
(351.5, 234.5, 96.1)
(352.3, 242.1, 93.2)
    
(7.7, 182.3, 107.7)
(4.6, 185.8, 106.4)
(0.7, 190.3, 104.7)
(0.7, 190.3, 104.7)
(357.9, 197.8, 103.3)
(357.7, 207.8, 101.8)
(356.9, 215.9, 99.3)
(354.6, 224.5, 95.8)
(354.6, 224.5, 95.8)
(352.3, 232.6, 92.2)
    
(11.5, 171.1, 112.6)
(7.6, 180.6, 110.5)
(2.6, 191.8, 107.0)
(2.6, 191.8, 107.0)
(359.1, 202.2, 104.6)
(357.1, 212.2, 102.8)
(356.7, 221.0, 101.0)
(356.3, 229.0, 99.0)
(356.3, 229.0, 99.0)
(355.7, 236.4, 97.0)
    
(0.5, 185.7, 113.8)
(357.2, 194.5, 112.3)
(357.2, 194.5, 112.3)
(356.0, 203.5, 109.1)
(353.8, 211.6, 105.4)
(350.5, 219.3, 102.2)
(348.5, 226.1, 99.8)
(348.5, 226.1, 99.8)
(348.2, 233.4, 97.5)
(349.3, 240.3, 94.8)
    
(3.9, 176.5, 108.5)
(2.1, 186.3, 110.0)
(0.6, 194.6, 110.4)
(357.9, 202.3, 109.3)
(357.9, 202.3, 109.3)
(353.7, 210.5, 106.3)
(350.5, 219.3, 102.8)
(349.7, 229.1, 99.2)
(351.6, 237.7, 97.4)
(351.6, 237.7, 97.4)
    
(8.9, 181.3, 108.2)
(7.9, 192.5, 109.4)
(5.5, 201.4, 109.7)
(5.5, 201.4, 109.7)
(1.4, 208.9, 108.4)
(355.4, 216.5, 104.5)
(351.7, 225.2, 100.1)
(350.9, 235.1, 96.0)
(350.9, 235.1, 96.0)
(352.6, 244.9, 93.2)
    
(13.9, 174.2, 108.7)
(10.0, 181.7, 108.1)
(5.7, 190.9, 107.3)
(2.1, 200.5, 106.3)
(0.2, 208.9, 106.0)
(0.2, 208.9, 106.0)
(0.2, 215.3, 105.7)
(0.1, 221.1, 104.3)
(357.2, 227.5, 101.0)
(353.0, 235.6, 96.7)
    
(3.3, 177.3, 108.7)
(3.2, 186.1, 108.3)
(4.7, 191.9, 107.9)
(3.0, 197.0, 106.4)
(3.0, 197.0, 106.4)
(358.6, 203.2, 104.2)
(354.5, 212.3, 100.9)
(353.0, 220.7, 97.3)
(352.9, 230.1, 93.1)
(352.9, 230.1, 93.1)
    
(9.0, 176.6, 114.1)
(3.4, 187.3, 112.7)
(359.8, 197.2, 110.1)
(359.8, 197.2, 110.1)
(359.2, 205.7, 107.4)
(357.6, 212.8, 105.2)
(355.1, 220.6, 102.3)
(353.0, 229.7, 99.6)
(353.0, 229.7, 99.6)
(352.3, 238.3, 97.3)
    
(8.6, 182.9, 109.2)
(5.5, 190.6, 109.7)
(0.6, 199.8, 108.7)
(0.6, 199.8, 108.7)
(356.7, 208.6, 106.7)
(353.4, 217.3, 104.5)
(351.4, 225.1, 102.2)
(350.7, 233.7, 99.8)
(350.7, 233.7, 99.8)
(351.4, 241.3, 97.1)
    
(7.2, 177.7, 111.6)
(4.4, 184.6, 111.0)
(1.6, 189.9, 110.3)
(359.1, 196.9, 109.7)
(359.1, 196.9, 109.7)
(357.1, 206.2, 108.3)
(355.8, 216.5, 106.3)
(353.9, 224.7, 103.3)
(351.7, 233.2, 99.5)
(351.7, 233.2, 99.5)
    
(6.6, 176.2, 110.7)
(3.2, 184.4, 112.0)
(358.9, 194.4, 113.0)
(355.3, 203.7, 111.4)
(355.3, 203.7, 111.4)
(352.8, 212.7, 108.8)
(352.4, 220.3, 106.7)
(352.4, 226.3, 104.4)
(351.6, 231.9, 101.2)
(351.6, 231.9, 101.2)
    
(8.9, 181.8, 112.0)
(6.6, 191.8, 111.3)
(4.2, 202.3, 110.4)
(4.2, 202.3, 110.4)
(0.0, 211.5, 108.5)
(356.9, 220.1, 106.0)
(355.9, 227.8, 103.8)
(355.9, 227.8, 103.8)
(356.1, 235.2, 101.7)
(356.1, 242.0, 98.2)
    
(9.3, 188.2, 122.3)
(6.3, 198.9, 123.3)
(6.3, 198.9, 123.3)
(0.9, 208.1, 121.5)
(354.9, 216.6, 117.1)
(351.8, 225.0, 112.9)
(351.7, 233.4, 110.3)
(351.7, 233.4, 110.3)
(352.3, 240.1, 108.4)
(351.6, 246.9, 105.3)
    
(7.3, 176.1, 110.3)
(7.1, 186.1, 112.2)
(4.5, 195.1, 112.3)
(4.5, 195.1, 112.3)
(359.2, 203.0, 110.6)
(355.2, 209.9, 108.1)
(352.0, 217.5, 105.3)
(351.4, 226.6, 102.0)
(351.4, 226.6, 102.0)
(352.2, 235.5, 99.2)
    
(5.5, 178.3, 116.0)
(4.4, 188.3, 116.5)
(1.0, 196.6, 115.1)
(1.0, 196.6, 115.1)
(356.1, 205.1, 112.4)
(352.6, 214.4, 108.8)
(352.1, 223.1, 106.5)
(352.1, 229.3, 103.7)
(352.1, 229.3, 103.7)
(351.9, 235.3, 100.0)
    
(9.3, 179.1, 116.6)
(5.2, 187.6, 116.9)
(5.2, 187.6, 116.9)
(1.1, 197.5, 114.9)
(356.7, 207.0, 111.2)
(353.6, 215.2, 107.1)
(352.0, 223.1, 103.5)
(352.0, 223.1, 103.5)
(352.1, 230.8, 100.2)
(351.9, 237.5, 96.7)
    
(5.2, 174.6, 106.8)
(5.5, 190.5, 108.2)
(6.4, 204.8, 109.2)
(4.4, 216.7, 109.1)
(4.4, 216.7, 109.1)
(0.2, 225.3, 106.8)
(355.4, 233.1, 103.0)
(353.5, 239.5, 99.3)
(353.8, 246.0, 96.4)
(353.8, 246.0, 96.4)
    
(13.6, 181.9, 114.7)
(10.1, 188.9, 113.1)
(5.2, 195.2, 110.9)
(5.2, 195.2, 110.9)
(2.1, 201.9, 108.8)
(0.5, 209.6, 106.5)
(358.9, 217.2, 104.0)
(356.6, 226.4, 100.9)
(356.6, 226.4, 100.9)
(355.1, 235.0, 97.9)
    
(11.2, 173.7, 106.4)
(8.5, 183.9, 106.5)
(8.5, 183.9, 106.5)
(6.5, 192.6, 106.5)
(4.8, 200.7, 106.4)
(3.5, 208.9, 106.1)
(3.5, 208.9, 106.1)
(1.9, 216.1, 105.1)
(359.4, 223.0, 103.0)
(356.2, 230.3, 99.9)
    
(4.4, 186.8, 117.6)
(8.9, 192.5, 118.2)
(7.9, 194.2, 116.1)
(4.5, 196.6, 114.5)
(1.3, 202.5, 112.7)
(1.3, 202.5, 112.7)
(359.2, 210.7, 110.5)
(356.8, 219.7, 107.9)
(353.7, 229.0, 104.2)
(351.4, 238.0, 100.0)
    
(7.8, 173.6, 110.3)
(6.0, 184.9, 111.8)
(6.0, 184.9, 111.8)
(4.8, 194.9, 112.8)
(3.3, 202.7, 112.2)
(0.7, 209.8, 110.4)
(357.9, 216.5, 107.6)
(357.9, 216.5, 107.6)
(355.8, 223.7, 104.4)
(354.9, 231.8, 100.4)
    
(10.7, 176.7, 117.6)
(5.6, 185.8, 118.8)
(2.7, 195.4, 118.9)
(2.6, 203.3, 118.3)
(2.6, 203.3, 118.3)
(2.4, 209.9, 116.8)
(359.6, 217.4, 113.7)
(356.0, 225.5, 109.5)
(354.6, 232.3, 105.6)
(354.6, 232.3, 105.6)
    
(3.6, 180.7, 111.4)
(2.6, 189.2, 111.5)
(0.6, 197.7, 110.5)
(357.2, 206.9, 108.3)
(354.4, 216.5, 106.0)
(354.4, 216.5, 106.0)
(353.3, 224.6, 104.4)
(352.8, 233.1, 103.8)
(352.4, 240.9, 101.9)
(352.1, 247.8, 98.3)
    
(9.0, 181.3, 115.7)
(6.0, 187.2, 116.1)
(1.3, 192.2, 115.5)
(1.3, 192.2, 115.5)
(357.0, 198.9, 114.1)
(354.7, 207.7, 111.7)
(353.8, 216.9, 109.2)
(352.1, 225.2, 106.1)
(352.1, 225.2, 106.1)
(349.4, 232.9, 102.5)
    
(7.2, 182.8, 116.5)
(4.4, 193.2, 114.9)
(4.4, 193.2, 114.9)
(2.9, 201.4, 113.0)
(0.4, 207.4, 111.0)
(356.8, 212.8, 108.0)
(354.4, 219.7, 104.2)
(354.4, 219.7, 104.2)
(353.9, 228.0, 100.4)
(355.3, 238.9, 97.6)
    
(351.6, 176.9, 104.0)
(348.0, 186.9, 101.4)
(346.3, 195.8, 99.4)
(346.3, 195.8, 99.4)
(345.2, 204.1, 97.6)
(343.7, 212.6, 95.7)
(342.9, 220.2, 93.8)
(343.8, 226.4, 92.3)
(344.4, 232.2, 90.7)
(344.4, 232.2, 90.7)
    
(11.3, 168.8, 107.6)
(7.0, 174.8, 109.3)
(1.8, 182.1, 109.3)
(357.4, 190.8, 108.3)
(357.4, 190.8, 108.3)
(354.8, 199.8, 107.3)
(353.4, 208.2, 106.5)
(352.1, 215.6, 105.1)
(350.1, 222.2, 103.4)
(350.1, 222.2, 103.4)
    
(7.6, 174.3, 106.0)
(7.2, 186.1, 108.0)
(4.5, 193.8, 108.2)
(4.5, 193.8, 108.2)
(1.6, 201.0, 107.8)
(0.0, 207.8, 106.9)
(359.4, 214.7, 106.2)
(357.8, 220.4, 104.6)
(357.8, 220.4, 104.6)
(355.3, 225.7, 102.0)
    
(6.4, 178.8, 114.2)
(3.0, 187.8, 113.9)
(3.0, 187.8, 113.9)
(359.1, 197.2, 112.0)
(356.9, 206.7, 110.2)
(355.8, 216.4, 107.8)
(354.5, 225.5, 104.3)
(354.5, 225.5, 104.3)
(351.9, 234.7, 99.8)
(347.4, 244.1, 95.4)
    
(12.3, 162.1, 106.4)
(11.8, 173.2, 110.1)
(10.1, 184.5, 112.8)
(5.8, 193.2, 112.9)
(359.9, 201.2, 111.9)
(359.9, 201.2, 111.9)
(355.3, 208.7, 109.8)
(353.6, 216.8, 107.2)
(353.4, 226.1, 104.6)
(352.1, 236.0, 101.8)
    
(3.3, 188.1, 111.6)
(2.0, 199.5, 111.2)
(2.0, 199.5, 111.2)
(1.9, 208.9, 110.6)
(0.9, 215.0, 109.1)
(358.3, 219.2, 106.9)
(355.3, 223.4, 104.0)
(355.3, 223.4, 104.0)
(352.7, 228.9, 100.6)
(352.1, 234.7, 97.7)
    
(7.8, 187.3, 112.0)
(4.4, 193.3, 112.1)
(359.2, 200.0, 111.6)
(354.4, 208.8, 110.5)
(351.7, 218.5, 108.9)
(351.2, 227.4, 106.9)
(351.2, 227.4, 106.9)
(351.1, 236.7, 103.9)
(349.4, 243.5, 100.4)
(347.8, 250.1, 96.5)
    
(9.3, 179.7, 113.8)
(4.4, 186.1, 114.0)
(0.4, 194.2, 114.1)
(0.4, 194.2, 114.1)
(358.2, 202.7, 113.3)
(357.3, 211.6, 111.8)
(355.6, 219.1, 109.3)
(352.7, 226.2, 106.0)
(352.7, 226.2, 106.0)
(349.4, 233.1, 102.5)
    
(10.4, 178.6, 114.1)
(5.3, 191.1, 115.4)
(0.5, 201.8, 115.7)
(0.5, 201.8, 115.7)
(358.4, 210.7, 115.2)
(358.7, 217.8, 113.5)
(357.9, 223.6, 110.7)
(355.7, 228.9, 107.4)
(355.7, 228.9, 107.4)
(352.9, 234.8, 103.5)
    
(10.8, 191.0, 120.4)
(8.0, 204.0, 121.0)
(8.0, 204.0, 121.0)
(3.0, 215.3, 118.8)
(356.7, 224.2, 113.5)
(352.5, 232.3, 108.6)
(351.0, 239.9, 104.9)
(351.0, 239.9, 104.9)
(351.0, 246.0, 101.2)
(350.7, 251.3, 96.7)
    
(6.0, 178.8, 111.1)
(3.0, 187.3, 109.6)
(0.9, 196.6, 107.4)
(0.9, 196.6, 107.4)
(358.1, 205.3, 104.8)
(355.7, 212.8, 102.8)
(354.1, 219.6, 101.2)
(353.1, 226.4, 99.5)
(353.1, 226.4, 99.5)
(352.8, 233.1, 97.6)
    
(6.6, 182.9, 106.4)
(4.7, 187.3, 106.3)
(1.1, 190.6, 105.2)
(1.1, 190.6, 105.2)
(356.5, 195.3, 104.4)
(353.3, 201.3, 104.4)
(352.1, 207.6, 104.6)
(352.3, 214.6, 104.5)
(352.3, 214.6, 104.5)
(351.8, 222.0, 102.4)
    
(19.9, 167.2, 115.8)
(15.3, 178.5, 117.5)
(7.9, 193.0, 117.0)
(0.1, 204.0, 114.9)
(353.6, 214.2, 110.6)
(353.6, 214.2, 110.6)
(351.6, 223.7, 105.4)
(352.2, 233.3, 101.1)
(353.0, 241.2, 98.1)
(352.4, 247.4, 95.4)
    
(1.5, 189.0, 120.4)
(1.5, 189.0, 120.4)
(0.1, 201.5, 119.5)
(359.0, 212.3, 115.9)
(355.2, 220.6, 111.5)
(349.2, 229.9, 106.1)
(349.2, 229.9, 106.1)
(347.2, 236.8, 101.4)
(347.7, 243.5, 97.4)
(350.0, 249.0, 94.6)
    
(12.1, 178.9, 116.6)
(12.1, 178.9, 116.6)
(6.4, 186.6, 115.1)
(1.4, 195.3, 113.0)
(359.6, 203.4, 111.4)
(359.5, 210.3, 110.0)
(359.5, 210.3, 110.0)
(358.0, 216.5, 108.1)
(355.2, 222.6, 105.5)
(352.1, 229.3, 102.2)
    
(2.6, 180.5, 113.6)
(1.3, 194.5, 114.4)
(359.6, 204.9, 113.4)
(359.6, 204.9, 113.4)
(355.8, 212.8, 110.6)
(351.2, 219.1, 107.1)
(349.1, 224.9, 104.5)
(349.2, 230.4, 102.2)
(349.2, 230.4, 102.2)
(349.3, 235.9, 99.4)
    
(11.5, 173.1, 108.1)
(7.4, 180.9, 108.1)
(2.7, 189.7, 107.8)
(358.2, 200.3, 106.6)
(354.4, 212.1, 104.3)
(354.4, 212.1, 104.3)
(352.5, 223.6, 101.2)
(352.1, 232.8, 97.9)
(351.5, 241.9, 93.7)
(350.1, 247.8, 89.7)
    
(13.9, 186.5, 115.0)
(7.4, 194.5, 114.6)
(0.6, 204.9, 112.8)
(356.4, 214.4, 110.2)
(356.4, 214.4, 110.2)
(352.9, 224.4, 106.6)
(351.7, 232.5, 103.4)
(352.0, 239.8, 100.8)
(352.0, 246.1, 98.1)
(352.0, 246.1, 98.1)
    
(12.5, 170.4, 111.2)
(1.0, 191.9, 112.6)
(1.0, 191.9, 112.6)
(358.6, 198.4, 111.0)
(355.5, 206.8, 109.2)
(352.9, 216.8, 107.6)
(352.5, 224.4, 105.7)
(352.5, 224.4, 105.7)
(351.5, 231.6, 102.9)
(349.4, 238.6, 99.7)
    
(11.2, 172.5, 110.8)
(6.4, 182.9, 111.3)
(1.8, 196.4, 110.4)
(357.3, 208.3, 108.5)
(351.0, 220.5, 105.5)
(351.0, 220.5, 105.5)
(347.6, 230.0, 102.2)
(347.8, 236.6, 99.2)
(349.6, 243.4, 96.2)
(350.8, 248.8, 93.6)
    
(13.0, 173.1, 111.8)
(9.9, 183.9, 115.2)
(4.5, 194.1, 116.0)
(0.3, 202.8, 113.8)
(358.5, 212.2, 111.0)
(358.5, 212.2, 111.0)
(357.9, 220.6, 108.3)
(356.0, 227.5, 104.9)
(352.9, 235.4, 100.6)
(351.5, 242.1, 96.4)
    
/n
