    
    
    
    
    
    
    
    
    
0.2359063
0.1644876
0
0.1356443
0.1383736
0.1388437
0.144185
0
0.1382882
    
0.1405806
0
0.1160716
0.09674872
0.08783234
0.1028148
0
0.1036866
0.1071104
    
0.1891133
0.149314
0.1307093
0
0.1332389
0.1184856
0.1215047
0
0.1189588
    
0.157555
0.1414371
0.1334354
0.1045911
0
0.09893653
0.1028986
0.0997612
0.1012102
    
0
0.1572735
0.1266565
0.1013827
0.08572981
0
0.09412517
0.09622169
0.097834
    
0.1560332
0.168037
0.1354976
0.124901
0
0.1156643
0.1168913
0.1067566
0.103718
    
0.1471724
0.1608155
0
0.1595863
0.1528285
0.1370427
0.1175799
0
0.1037734
    
0.1803653
0
0.2262153
0.1861106
0.157012
0.1113796
0
0.1132944
0.11813
    
0.1471825
0.1807349
0.1939195
0
0.1371924
0.1251192
0.11746
0.1088526
0
    
0.1804622
0.1502177
0.1451999
0
0.1424446
0.1458412
0.1586118
0.1468158
0
    
0
0.1281655
0.1179254
0.1073835
0.1023174
0
0.1185882
0.139708
0.1155779
    
0
0.2214802
0.2135135
0.1639487
0.1432381
0
0.1343977
0.1286785
0.1217528
    
0.2137194
0.1861765
0.1625032
0
0.1204285
0.1201818
0.1190912
0.1157578
0
    
0.1487267
0
0.1625717
0.1534327
0.1226735
0.09847552
0
0.1004391
0.1145054
    
0.1595725
0
0.1621767
0.16075
0.1510281
0
0.150337
0.1249357
0.1158684
    
0
0.1880409
0.1879372
0
0.2073179
0.1868796
0.1592203
0.15464
0
    
0.21027
0.2235632
0.2462092
0.2121259
0
0.2040134
0.1587867
0.1377126
0.1431209
    
0.2050852
0.2297715
0
0.1840617
0.154715
0.1320825
0.1346247
0
0.144902
    
0.1722309
0
0.1718759
0.145227
0.1258726
0.1285361
0
0.1296327
0.1249033
    
0.1823224
0.1696736
0.1483192
0.1326786
0
0.1340604
0.1437808
0.1306816
0.1127581
    
0.1611421
0.1720343
0
0.1634443
0.1261398
0.1241137
0.1156777
0
0.1175691
    
0.1739837
0.1595303
0.1482962
0
0.1468977
0.1531772
0.1483659
0.1392618
0
    
0.1567329
0.1812779
0.1878768
0
0.1763104
0.1314609
0.1261419
0.1206623
0
    
0.2003267
0
0.1913307
0.1565932
0.1360318
0.1251805
0
0.119818
0.1269518
    
0.259396
0
0.2451139
0.1909868
0.1732391
0.1479096
0
0.144339
0.1305202
    
0.2397264
0
0.2078184
0.1900083
0.171677
0.1814539
0
0.1580992
0.1532429
    
0.1248889
0
0.1145184
0.1121356
0.1184512
0.1245285
0
0.149648
0.1147558
    
0.1388917
0
0.1661719
0.1871492
0.1800472
0.1444896
0
0.1199754
0.1219645
    
0.2185371
0
0.1855885
0.1481929
0.1503188
0.1395002
0
0.1461904
0.1264807
    
0
0.1258033
0.1362475
0.1340967
0.1145748
0
0.09847303
0.09294555
0.08594168
    
0.146842
0.1560395
0.1608292
0.1519617
0
0.1346154
0.1290284
0.1423122
0.1335912
    
0.1860022
0.208394
0
0.1884131
0.1487331
0.1267929
0.1190047
0
0.1133695
    
0.1439614
0
0.1739315
0.1537555
0.1707782
0.1587098
0
0.1104158
0.1039233
    
0.1932035
0
0.1776043
0.1497673
0.1426395
0.1221471
0
0.1163693
0.1060051
    
0.1595197
0
0.1451667
0.1400557
0.1410933
0.1409371
0
0.1310895
0.1177531
    
0.2361286
0.2214691
0.2101738
0.153742
0
0.1564105
0.1409341
0.1257019
0.1172479
    
0
0.2204945
0.1517952
0.1245147
0.1200695
0
0.1262874
0.1231317
0.1028787
    
0.1448282
0.1370517
0
0.1526106
0.1555967
0.1551502
0.1422905
0
0.1280583
    
0.1635777
0.1659451
0.1964075
0
0.1607363
0.158994
0.1376828
0
0.1059284
    
0.1270858
0.1465725
0
0.1805668
0.2046457
0.213969
0.154805
0
0.1447031
    
0.1946058
0.1717811
0.1482391
0
0.1454013
0.1182429
0.1056517
0
0.1038499
    
0.1641557
0.1351928
0.1476106
0
0.157879
0.1646053
0.1422625
0.1233259
0
    
0.1709401
0.1879706
0
0.1798956
0.1479282
0.1154106
0.1024266
0
0.1115056
    
0.1724901
0.1601401
0
0.1405484
0.1190966
0.1015712
0.10866
0
0.0888918
    
0.1538895
0.1334047
0.1312139
0.114817
0
0.1153987
0.107416
0.09985432
0.08444293
    
0.1424059
0.1258184
0.1195864
0
0.1182687
0.1130473
0.1167079
0.1108918
0
    
0.1057
0.1277389
0.1255603
0.1207422
0
0.1059174
0.09189636
0.09361905
0.08978917
    
0.170599
0.1749013
0.1562451
0.1454075
0
0.1132832
0.1095876
0.1085766
0.09804025
    
0
0.1453859
0.1297955
0.1371697
0.121587
0
0.1068741
0.1044655
0.1029736
    
0.1598686
0.1616463
0
0.1363354
0.1248354
0.1251996
0.1131411
0
0.1178872
    
0.1606018
0
0.1154438
0.1180477
0.124101
0.1203529
0
0.1217121
0.10491
    
0.1318627
0.1233775
0.1252204
0.121566
0.1219196
0
0.1110511
0.1023896
0.09992286
    
0.1595712
0
0.1392013
0.1201944
0.1220275
0
0.1259477
0.1250434
0.1079051
    
0.1367565
0
0.1488164
0.1514445
0.1343285
0.10524
0
0.09377438
0.09159743
    
0.1613583
0.1917859
0.180746
0
0.1601836
0.1190151
0.1034065
0.1061278
0
    
0.1461126
0.1292683
0
0.1294628
0.1289941
0.1333657
0.1368663
0
0.1320472
    
0.1808794
0.1445523
0
0.1112268
0.09758679
0.09235327
0.0980764
0
0.08939064
    
0.1430481
0.1163603
0.123174
0
0.1149629
0.1031884
0.08893979
0.09185658
0
    
0.166479
0.1534458
0
0.1363775
0.124038
0.1159115
0.1103232
0
0.1085591
    
0.1398247
0.1037877
0.09806903
0
0.09669098
0.1015475
0.1006884
0.0782818
0
    
0.1547875
0
0.1540963
0.1641881
0.1706994
0.1269387
0
0.1031249
0.08472528
    
0.1717282
0.173595
0.1394816
0.1220957
0
0.1140505
0.1078184
0.09662477
0.07554905
    
0.1663564
0.1495026
0.1402418
0
0.1345998
0.1323581
0.1063146
0.1095524
0.09471782
    
0.1830592
0.1602567
0.1279179
0
0.1306858
0.1358936
0.1314511
0.1143087
0
    
0.1371677
0
0.142455
0.1411217
0.1289326
0.1199972
0
0.1149131
0.1161173
    
0.1754895
0
0.1624962
0.1429244
0.1293225
0
0.1172305
0.1291332
0.1240049
    
0
0.1830213
0.1521689
0.1307175
0.1190856
0
0.1245623
0.1045733
0.0998292
    
0.152827
0.1654527
0.1730213
0
0.1546042
0.1258337
0.1095719
0.09527016
0
    
0.1652377
0.1534937
0.1593977
0
0.1573835
0.1453489
0.1375904
0.1229215
0
    
0.1662531
0
0.1594121
0.1463479
0.1276546
0.1141075
0
0.1056475
0.09527546
    
0.1955436
0
0.1713666
0.1385873
0.1249465
0.1242647
0
0.1152983
0.125872
    
0.1879192
0.2073192
0.1822835
0.1224815
0
0.1123288
0.108831
0.0982682
0.0986203
    
0.1396989
0.1412864
0.1456997
0
0.1326275
0.1201268
0.1192125
0.1230879
0
    
0.1093372
0
0.1180278
0.1197061
0.1034776
0.09404826
0
0.0721262
0.0697927
    
0.1526171
0.1281549
0.1396469
0.1341202
0
0.1352154
0.1161016
0.1035572
0.0794242
    
0.1331477
0.1146829
0.1067319
0
0.1076171
0.1160108
0.1153743
0.105577
0
    
0.1594425
0.169543
0.1593505
0
0.1454581
0.1304487
0.124037
0
0.1218627
    
0.1516428
0.1510426
0
0.1400685
0.1210264
0.11024
0.1068325
0
0.1034103
    
0.1650902
0.1465697
0.151421
0.1311155
0
0.1376633
0.1121134
0.1031868
0.08909237
    
0.1880776
0.1461279
0.1491475
0.1284603
0
0.0975595
0.09778669
0.08072117
0.07832733
    
0.1384706
0.1272145
0.1263262
0.1194417
0
0.1182942
0.1102674
0.09687088
0.0892084
    
0.1271505
0
0.1358423
0.1390225
0.1283606
0.1101645
0
0.09688167
0.0935953
    
0.1438087
0
0.1406981
0.1404654
0.09568468
0.09263294
0
0.09597564
0.08853856
    
0.1834189
0
0.1476732
0.1042438
0.09355352
0.1011446
0
0.0890127
0.09162893
    
0
0.1285515
0.1258525
0.1205187
0.1231097
0
0.1211882
0.1150138
0.1065368
    
0
0.1392607
0.1180151
0.1258734
0.1208286
0
0.1046093
0.1072084
0.0943979
    
0.1245659
0
0.1239729
0.1210113
0.1099937
0.09768573
0
0.08766846
0.08885043
    
0.1092869
0.1091121
0.118204
0
0.1245429
0.1463082
0.1107941
0.104531
0
    
0.1240913
0.1301951
0.1354894
0.1204363
0
0.1194475
0.117613
0.1146184
0.107855
    
0.1485871
0.1553128
0.1467206
0
0.122555
0.0966251
0.08217215
0.07690825
0
    
0.1281341
0
0.1100935
0.1122195
0.1297747
0.1251995
0
0.1293168
0.111124
    
0.1513152
0
0.1372263
0.1163782
0.1032099
0.09704844
0
0.09688746
0.09072918
    
0.1584735
0.1540253
0.1462958
0.1235009
0
0.1037989
0.09555317
0.09955572
0.08868311
    
0.1474703
0.1230696
0.1298081
0
0.1259683
0.1106241
0.08916792
0.08091582
0
    
0.1341017
0.1504046
0
0.150265
0.1345988
0.1170381
0.1099087
0
0.1062754
    
0.1845128
0.1709566
0.1396861
0.1296576
0
0.1063992
0.09726466
0.08914008
0.08773428
    
0
0.1047733
0.1040252
0.1086085
0.1102974
0
0.1091226
0.1035371
0.1010906
    
0
0.2915407
0
0.1344487
0.1306178
0
0.1198337
0.1034462
0.08968297
    
0
0.1571752
0.1533963
0.1415243
0.1277132
0
0.1124504
0.09835251
0.09719549
    
0.1787549
0.16245
0.1560594
0.1402861
0
0.1311358
0.1250191
0.123893
0.1214729
    
/n
0.1217114
0.1280826
0
0.1167388
0.1132009
0.1083158
0
0.1053665
0.104854
    
0.1599297
0.1422727
0.1330092
0
0.1210938
0.1336171
0.1305059
0.1104996
0
    
0.1251181
0.1156567
0
0.1170981
0.118118
0.1193399
0.1133169
0
0.1099201
    
0.1176475
0
0.1221752
0.1284188
0.1230493
0.124013
0
0.1049266
0.08466953
    
0.1710102
0.1497977
0.1465976
0
0.1215026
0.1020801
0.09851401
0
0.08416197
    
0.1276715
0
0.1187181
0.1048882
0.09129995
0.09101821
0
0.08644807
0.08265788
    
0
0.1297694
0.1213277
0.1111769
0.1139774
0
0.1035022
0.1031881
0.09147517
    
0.1077823
0.1001574
0.1050553
0
0.1143677
0.1046273
0.08585673
0.07925691
0
    
0.1079438
0
0.1122783
0.1205146
0.1098212
0.1252099
0
0.09165415
0.08078101
    
0.1465804
0.1400455
0.1267253
0.1062872
0
0.09219537
0.06216829
0.05664823
0.0574936
    
0.1523753
0.1462414
0
0.1416698
0.1144696
0.08613391
0.07246601
0
0.07168128
    
0.1355489
0
0.1455658
0.1475878
0.1394541
0
0.125334
0.090988
0.08066277
    
0
0.1296386
0.1213928
0.1272564
0
0.1081202
0.09432718
0.09778158
0.09607096
    
0.1641804
0.1349
0
0.1150845
0.1236092
0.1099749
0.08933864
0
0.08392911
    
0.1224565
0
0.1099259
0.1059982
0.1019735
0.09494535
0
0.08962678
0.08661165
    
0.1396583
0.1338098
0.1395473
0
0.1105045
0.1067254
0.09049545
0.09341981
0
    
0.1240053
0.1241833
0
0.1056619
0.1125673
0.1110849
0.08994982
0
0.07968273
    
0.1564252
0
0.1396206
0.1249787
0.1195502
0.1060801
0
0.09095135
0.07225616
    
0.1160065
0.1185998
0
0.112925
0.1013651
0.09384651
0.0845916
0.07435074
0
    
0.1263482
0
0.1313284
0.1122432
0.0885511
0.08366445
0
0.06241884
0.0612682
    
0.1592649
0.1319344
0.1204349
0.1025328
0
0.09278128
0.09539338
0.07888759
0.07932106
    
0.1523401
0.1500141
0
0.1277235
0.1003116
0.08552053
0.08539701
0.09067914
0
    
0
0.1399536
0.1358029
0.1375013
0.1212796
0
0.1030295
0.09581676
0.07823493
    
0.1355989
0.1280864
0.1166432
0.1170609
0
0.1318578
0.1190129
0.1124119
0.09752566
    
0.1284425
0.1266249
0
0.1315604
0.1376361
0.1368552
0.1213603
0
0.09516528
    
0.1397651
0
0.1223444
0.1159958
0.1021954
0.1054606
0
0.1091998
0.1003906
    
0.1247217
0.1080226
0.1090662
0.1098343
0
0.1103982
0.1039866
0.08980203
0.07549129
    
0.1184002
0.1072421
0.1082212
0
0.09535395
0.08781741
0.07592613
0.07283979
0
    
0.1306004
0
0.1486904
0.1425187
0.1262817
0.105064
0
0.08893478
0.06980684
    
0.1191623
0.1166372
0.1280198
0.1092707
0
0.09942191
0.07709239
0.06896739
0.07763144
    
0.1333571
0.1232023
0.1219417
0
0.1046692
0.09083053
0.08736285
0.08095294
0
    
0.1346786
0
0.1164964
0.1125853
0.1043865
0
0.101185
0.1068498
0.1005696
    
0.1259546
0.1215426
0.1160341
0.1079082
0
0.0973368
0.08786223
0.0784791
0.07018757
    
0.1273868
0.1235984
0.1109331
0
0.1138394
0.103616
0.08430827
0.06563331
0
    
0.1462482
0
0.1247345
0.1218939
0.1278484
0.106534
0
0.1135635
0.09434422
    
0.1382402
0.1363397
0.1327703
0.1298527
0
0.1217901
0.1039655
0.1001891
0.07515376
    
0.1655885
0.140782
0.1324716
0
0.1060007
0.08987638
0.09052864
0.0712299
0
    
0.1379241
0.1285686
0
0.1326661
0.1208774
0.09877267
0
0.08098359
0.06264799
    
0.1223195
0.1152754
0.1044107
0.1055253
0
0.08405514
0.07222974
0.06538346
0.06330311
    
0.1280998
0.1318072
0.1216362
0.1140949
0
0.1023472
0.09360868
0.08796184
0.077925
    
0.1479785
0.1284108
0
0.1075602
0.09857723
0.09588257
0
0.09492481
0.08201853
    
0
0.133983
0.1383756
0.1172226
0
0.1094506
0.1058899
0.09038525
0.09007526
    
0.1719672
0.1552134
0.1354517
0
0.1114787
0.09244786
0.07994229
0.06895936
0
    
0.1264955
0.1437087
0.09505164
0
0.18703
0
0.07071599
0.0720327
0
    
0.1371036
0
0.1224963
0.1088974
0.0902347
0
0.08613621
0.08170866
0.07791081
    
0.1170963
0.1057163
0.112821
0.09635502
0
0.08158677
0.07393905
0.05652813
0.05608719
    
0.1549116
0.1319976
0.1294945
0
0.1156996
0.103495
0.09007055
0.08916549
0
    
0.1400245
0
0.1276558
0.1152046
0.0997588
0.08361268
0
0.07503656
0.06646115
    
0.1155996
0.1223372
0.0945542
0.09873207
0
0.09217642
0.08439218
0.07384355
0.05883615
    
0.1241306
0.1237659
0
0.1331654
0.1129657
0.1017487
0.07805166
0
0.06406811
    
0.1394984
0
0.1429805
0.1030444
0.09219361
0.08121891
0
0.06973729
0.06690205
    
0.1352402
0.126507
0.1041289
0
0.07986726
0.06618353
0.05872804
0.05171822
0
    
0.1122526
0.1120684
0
0.1204794
0.09555538
0.09476189
0.08501695
0
0.06176324
    
0.1369967
0.112363
0.119689
0.1028685
0
0.08092113
0.06568145
0.04817794
0.04575172
    
0.1013143
0.0891896
0
0.08305042
0.08540181
0.06991821
0.0727248
0.05025223
0
    
0.1595387
0
0.1256995
0.1147436
0.09786599
0.08179043
0
0.06720442
0.05471111
    
0
0.161617
0.1132685
0.09892342
0.06392787
0
0.05242775
0.04587239
0.04271989
    
0.1088394
0.1230672
0.1172118
0.09983864
0
0.09272186
0.09234367
0.07392496
0.07250392
    
0.1222106
0.1131736
0.1090552
0.1074034
0
0.1049739
0.09319419
0.0892019
0.07121374
    
0.137591
0.1206885
0
0.1170262
0.09269781
0.1003723
0.0696763
0
0.06315976
    
0
0.1323006
0.1352425
0.122274
0.1093806
0
0.08208792
0.06403627
0.05677371
    
0.1183372
0.1100579
0.09127045
0
0.08979641
0.08280461
0.09427775
0.08032906
0
    
0.09360553
0.09826597
0
0.1014998
0.08530968
0.07962184
0.07375573
0
0.05846978
    
0.105911
0.1196697
0.1316186
0.1339803
0
0.108015
0.1002629
0.09015509
0.07209729
    
0.1467936
0.1629586
0.1367334
0.1284663
0
0.09737241
0.08281049
0.05147704
0.03969496
    
0.1583295
0.1627901
0.152899
0
0.09717599
0.07974945
0.06359933
0.05704885
0
    
0.1325964
0
0.1201517
0.1273355
0.09384257
0.09451736
0
0.08051448
0.06277615
    
0.1233058
0.120828
0.1139422
0.1016851
0
0.08069392
0.06336752
0.05309805
0.0501601
    
0.1038778
0.09731204
0
0.08118572
0.06728415
0.05931675
0.04786961
0
0.04630037
    
0
0.1288703
0.1177049
0.09491178
0.07616221
0
0.06371753
0.05596548
0.05808897
    
0
0.1244376
0.1107751
0.08386786
0.06366397
0
0.0581487
0.05856412
0.05580943
    
0.1117414
0.09629413
0.08940578
0
0.0858107
0.06373875
0.05532305
0.04890729
0
    
0.1283458
0
0.1171906
0.1126023
0.1041717
0.0872992
0
0.06763984
0.06145
    
0
0.08506456
0.09763069
0.09961247
0.09286229
0
0.06571894
0.054564
0.04691545
    
0.0865299
0.0871186
0.07609978
0.07119767
0
0.06269542
0.05536566
0.04991896
0
    
0.1155286
0
0.0915942
0.07505648
0.07517501
0.05629022
0
0.04814702
0.045323
    
0.1300408
0
0.1225379
0.1078063
0.08224974
0.059018
0
0.04332876
0.04090105
    
0.104689
0
0.09840714
0.09622274
0.07879186
0.07287674
0
0.06011264
0.05773795
    
0.1441096
0
0.1246357
0.1170301
0.1027943
0.09451901
0
0.06924812
0.05433584
    
0
0.1270848
0.1402891
0.1246221
0.09869742
0
0.08937667
0.066608
0.06290143
    
0
0.1412269
0.1242946
0.1116559
0.0905978
0
0.08565515
0.07037102
0.05797737
    
0.126437
0.1152777
0.1159766
0
0.1153025
0.1093837
0.09505566
0
0.0741135
    
0.1362708
0.1326099
0.1481492
0.1102274
0
0.09441144
0.06039132
0.05451712
0.04946929
    
0.1192416
0.1275976
0
0.1234373
0.1264737
0.09388277
0.07801802
0
0.06891625
    
0.1139484
0.1046318
0
0.0973943
0.07509468
0.0623463
0.05977637
0.06260667
0
    
0.137966
0.1438465
0.1438453
0.1167209
0
0.1202084
0.09187479
0.08137628
0.06347828
    
0.1456421
0.154636
0.1394553
0
0.1128543
0.08807149
0.06616721
0.05019495
0
    
0.08542454
0
0.1973535
0
0.1098275
0.1124164
0.08490409
0
0.05555371
    
0.1376002
0
0.133569
0.1261479
0.1171512
0.1086248
0
0.09279482
0.07379811
    
0.1115716
0.1399879
0.1444681
0.1480669
0
0.1510423
0.1005638
0.07988086
0.0620374
    
0.2074005
0.2054336
0.2279581
0
0.1367325
0.08891489
0.05209257
0.04651068
0
    
0.1620752
0
0.1347753
0.1427692
0.07721284
0.0655696
0
0.05484778
0.04695826
    
0.1261675
0.1234462
0.1181828
0.1033295
0
0.0851142
0.06969167
0.0571381
0.05141347
    
0.1435335
0.1584398
0.1258786
0
0.1118634
0.08324102
0.05820056
0.05073399
0
    
0.1380184
0.1441342
0
0.118006
0.09444646
0.09401385
0.07091075
0
0.06083103
    
0.1290262
0.1176447
0.09972553
0.07990523
0
0.06286399
0.05811097
0.05089141
0.04920739
    
0.1156187
0.1193335
0
0.1040924
0.09942635
0.08130219
0.06013971
0
0.04473869
    
0.1189223
0
0.1093882
0.09611245
0.08991621
0.0673051
0
0.05963178
0.0477832
    
0.1120231
0.11402
0.1274042
0
0.10825
0.1107593
0.08778648
0.0688014
0
    
0.1248944
0
0.1065347
0.09972528
0.09392542
0.0837782
0
0.07794639
0.06923223
    
/n
