    
    
    
    
    
    
    
    
    
(355.7, 348.7, 106.9)
(352.9, 344.6, 121.5)
(345.6, 340.9, 130.0)
(345.6, 340.9, 130.0)
(345.2, 338.8, 131.4)
(350.3, 341.1, 129.6)
(356.3, 343.0, 126.8)
(2.8, 342.7, 124.6)
(2.8, 342.7, 124.6)
(6.7, 340.6, 123.1)
    
(349.1, 356.0, 112.4)
(348.9, 349.4, 119.2)
(348.9, 349.4, 119.2)
(349.5, 345.5, 124.4)
(349.5, 344.4, 128.3)
(349.9, 344.2, 130.2)
(352.6, 343.6, 130.4)
(352.6, 343.6, 130.4)
(356.3, 342.4, 129.8)
(359.6, 340.1, 129.9)
    
(354.0, 349.3, 113.3)
(351.5, 345.1, 123.2)
(350.4, 341.7, 129.2)
(352.8, 339.6, 132.6)
(352.8, 339.6, 132.6)
(354.8, 336.3, 135.9)
(355.3, 331.9, 137.6)
(357.7, 328.3, 138.5)
(357.7, 328.3, 138.5)
(1.5, 326.3, 136.6)
    
(352.6, 3.3, 112.6)
(354.1, 358.6, 117.5)
(357.7, 355.0, 122.8)
(358.2, 350.9, 128.9)
(356.0, 346.8, 133.5)
(356.0, 346.8, 133.5)
(355.2, 343.8, 136.7)
(357.7, 342.9, 136.5)
(2.0, 343.6, 135.2)
(7.5, 345.4, 133.7)
    
(348.4, 360.0, 116.6)
(348.4, 360.0, 116.6)
(346.3, 354.8, 123.4)
(342.0, 347.3, 128.7)
(340.6, 342.5, 133.0)
(341.2, 341.2, 135.7)
(341.2, 341.2, 135.7)
(344.2, 340.0, 137.4)
(346.7, 336.8, 136.8)
(348.2, 332.6, 135.8)
    
(350.5, 4.7, 105.4)
(351.5, 2.0, 111.4)
(348.0, 355.9, 119.6)
(346.5, 350.8, 125.9)
(347.7, 346.7, 129.6)
(347.7, 346.7, 129.6)
(350.6, 344.5, 129.7)
(353.8, 342.8, 128.7)
(356.2, 340.6, 128.4)
(358.7, 338.3, 128.9)
    
(348.4, 3.8, 107.2)
(353.7, 0.5, 109.1)
(1.1, 357.2, 113.5)
(1.1, 357.2, 113.5)
(2.6, 351.3, 118.2)
(0.3, 342.4, 123.2)
(0.7, 335.3, 128.0)
(3.1, 331.3, 130.3)
(3.1, 331.3, 130.3)
(6.0, 329.2, 130.4)
    
(342.2, 9.9, 95.3)
(345.3, 2.6, 99.7)
(345.3, 2.6, 99.7)
(347.3, 352.0, 111.9)
(349.0, 344.9, 122.8)
(350.1, 341.6, 130.4)
(352.5, 340.7, 130.3)
(352.5, 340.7, 130.3)
(355.1, 339.0, 128.3)
(358.4, 336.3, 127.9)
    
(347.1, 358.3, 96.1)
(350.9, 356.4, 98.0)
(354.6, 349.9, 103.0)
(357.0, 340.0, 111.8)
(357.0, 340.0, 111.8)
(358.1, 334.5, 117.1)
(358.8, 331.5, 120.7)
(2.8, 329.9, 120.1)
(7.8, 328.2, 118.4)
(7.8, 328.2, 118.4)
    
(331.6, 0.7, 105.1)
(330.0, 351.5, 116.1)
(331.8, 347.5, 120.8)
(338.0, 346.9, 120.7)
(338.0, 346.9, 120.7)
(344.7, 346.8, 119.2)
(347.8, 343.8, 119.0)
(353.2, 337.9, 119.2)
(358.3, 333.0, 119.6)
(358.3, 333.0, 119.6)
    
(329.0, 357.1, 114.0)
(329.0, 357.1, 114.0)
(336.3, 357.3, 111.6)
(340.5, 356.6, 112.4)
(340.3, 356.4, 114.7)
(338.2, 353.8, 117.6)
(338.2, 353.8, 117.6)
(336.2, 348.5, 120.4)
(336.8, 341.6, 122.7)
(340.7, 339.2, 122.8)
    
(349.6, 1.9, 98.5)
(349.6, 1.9, 98.5)
(0.4, 358.0, 108.4)
(3.3, 354.8, 117.9)
(0.1, 347.9, 122.7)
(359.3, 342.3, 125.6)
(359.3, 342.3, 125.6)
(0.9, 339.2, 127.0)
(5.5, 338.2, 126.8)
(10.3, 337.3, 125.8)
    
(342.6, 356.7, 110.5)
(347.2, 347.0, 116.9)
(352.1, 341.7, 123.2)
(355.2, 340.6, 128.4)
(355.2, 340.6, 128.4)
(356.4, 340.4, 129.5)
(358.5, 339.5, 129.0)
(0.8, 337.7, 127.7)
(2.6, 335.7, 127.0)
(2.6, 335.7, 127.0)
    
(345.0, 2.7, 110.3)
(349.2, 359.0, 112.4)
(349.2, 359.0, 112.4)
(349.7, 351.7, 115.8)
(351.0, 345.5, 119.9)
(355.0, 345.2, 122.4)
(0.3, 349.6, 122.3)
(0.3, 349.6, 122.3)
(4.3, 349.5, 121.8)
(7.1, 346.6, 120.8)
    
(337.8, 7.1, 108.6)
(343.7, 4.6, 112.4)
(343.7, 4.6, 112.4)
(347.0, 359.6, 116.3)
(345.7, 350.9, 118.9)
(345.9, 343.7, 120.7)
(345.9, 343.7, 120.7)
(351.7, 340.5, 120.8)
(0.5, 342.0, 120.5)
(9.3, 343.7, 119.9)
    
(348.8, 357.4, 118.6)
(348.8, 357.4, 118.6)
(355.9, 355.8, 119.9)
(1.7, 351.6, 123.1)
(1.7, 351.6, 123.1)
(3.8, 343.2, 127.5)
(3.8, 334.2, 131.5)
(6.7, 329.8, 134.2)
(10.8, 326.5, 135.2)
(10.8, 326.5, 135.2)
    
(337.9, 0.7, 115.2)
(345.3, 356.9, 112.6)
(351.1, 350.7, 113.3)
(3.3, 344.8, 119.0)
(11.1, 339.9, 124.8)
(11.1, 339.9, 124.8)
(11.4, 332.7, 130.5)
(11.7, 327.5, 133.4)
(14.4, 324.7, 133.5)
(18.5, 321.9, 133.0)
    
(348.3, 1.8, 110.9)
(351.2, 354.1, 115.2)
(354.8, 344.1, 122.3)
(354.8, 344.1, 122.3)
(359.1, 339.3, 128.2)
(2.8, 339.0, 131.5)
(6.1, 340.2, 131.4)
(10.1, 339.8, 129.1)
(10.1, 339.8, 129.1)
(14.0, 337.1, 127.3)
    
(352.0, 1.1, 115.8)
(353.4, 357.0, 120.8)
(353.4, 357.0, 120.8)
(353.2, 350.1, 127.1)
(353.6, 345.5, 131.6)
(354.7, 343.0, 133.6)
(358.4, 341.4, 133.9)
(358.4, 341.4, 133.9)
(4.1, 339.8, 132.0)
(9.4, 337.8, 130.5)
    
(343.8, 354.4, 112.7)
(342.5, 350.0, 120.2)
(345.3, 345.7, 125.2)
(350.5, 345.6, 126.9)
(354.3, 344.5, 127.2)
(354.3, 344.5, 127.2)
(357.6, 342.0, 127.6)
(0.7, 338.1, 128.3)
(4.8, 336.2, 130.0)
(9.3, 337.3, 132.0)
    
(320.1, 7.5, 111.4)
(324.5, 360.0, 116.8)
(329.4, 351.2, 124.6)
(329.4, 351.2, 124.6)
(332.1, 342.5, 132.6)
(334.0, 337.6, 135.6)
(337.2, 334.7, 135.9)
(342.2, 333.6, 134.6)
(342.2, 333.6, 134.6)
(347.6, 332.5, 132.6)
    
(345.6, 349.9, 108.5)
(351.4, 347.3, 114.6)
(352.7, 346.9, 121.6)
(351.7, 344.4, 127.8)
(351.7, 344.4, 127.8)
(352.5, 340.6, 132.1)
(355.5, 336.5, 133.9)
(359.5, 333.7, 133.8)
(4.2, 333.2, 132.4)
(4.2, 333.2, 132.4)
    
(341.4, 3.2, 112.5)
(344.9, 359.9, 115.9)
(349.1, 352.9, 120.5)
(353.6, 344.6, 126.3)
(353.6, 344.6, 126.3)
(359.1, 339.4, 131.3)
(3.2, 338.2, 132.0)
(7.3, 338.8, 130.1)
(12.5, 339.4, 128.9)
(12.5, 339.4, 128.9)
    
(350.7, 8.0, 107.4)
(348.2, 358.9, 117.1)
(348.2, 358.9, 117.1)
(347.2, 349.1, 127.0)
(349.4, 343.9, 132.5)
(354.3, 342.4, 133.0)
(0.1, 342.6, 131.9)
(0.1, 342.6, 131.9)
(4.7, 341.6, 130.6)
(8.3, 338.6, 130.1)
    
(353.1, 0.7, 98.4)
(1.5, 352.4, 108.6)
(1.5, 352.4, 108.6)
(9.5, 349.0, 121.0)
(11.3, 347.2, 129.5)
(12.2, 343.5, 133.5)
(14.6, 338.6, 134.9)
(14.6, 338.6, 134.9)
(17.7, 334.3, 136.8)
(20.6, 332.1, 138.8)
    
(5.9, 352.1, 118.3)
(7.1, 347.6, 130.7)
(7.1, 347.6, 130.7)
(6.2, 341.1, 138.6)
(8.2, 337.1, 143.1)
(12.7, 334.9, 143.9)
(18.1, 331.8, 143.0)
(18.1, 331.8, 143.0)
(22.6, 329.0, 142.3)
(28.3, 328.1, 142.8)
    
(331.3, 350.8, 126.9)
(333.7, 350.6, 129.1)
(333.7, 350.6, 129.1)
(336.5, 351.8, 128.1)
(339.4, 352.2, 126.0)
(343.6, 352.0, 124.7)
(348.6, 350.5, 125.5)
(348.6, 350.5, 125.5)
(352.3, 346.3, 128.6)
(354.1, 342.1, 131.6)
    
(338.6, 5.9, 106.0)
(346.9, 6.3, 104.1)
(346.9, 6.3, 104.1)
(349.6, 0.9, 107.9)
(351.8, 353.0, 114.6)
(355.5, 347.6, 122.0)
(358.4, 347.2, 126.8)
(358.4, 347.2, 126.8)
(1.0, 347.9, 129.4)
(4.7, 348.8, 130.8)
    
(335.9, 2.0, 104.9)
(338.7, 354.3, 117.3)
(338.7, 354.3, 117.3)
(340.7, 350.5, 126.4)
(344.2, 347.9, 130.1)
(348.2, 344.0, 130.0)
(352.2, 339.8, 129.6)
(352.2, 339.8, 129.6)
(357.7, 335.7, 130.4)
(2.1, 333.1, 132.5)
    
(351.9, 359.6, 116.5)
(351.9, 359.6, 116.5)
(355.1, 357.0, 116.7)
(356.3, 352.4, 120.0)
(358.0, 348.3, 124.6)
(0.1, 346.6, 127.3)
(0.1, 346.6, 127.3)
(3.5, 347.6, 128.2)
(8.6, 350.8, 128.2)
(10.8, 350.5, 127.9)
    
(338.0, 0.6, 113.3)
(344.0, 359.5, 113.7)
(348.7, 357.5, 117.1)
(350.5, 353.4, 122.2)
(352.3, 349.5, 126.1)
(352.3, 349.5, 126.1)
(355.7, 348.8, 128.3)
(359.5, 347.7, 128.8)
(4.2, 344.9, 129.1)
(9.1, 342.0, 130.5)
    
(358.1, 2.5, 116.6)
(1.2, 354.7, 117.9)
(1.5, 343.5, 125.0)
(1.5, 343.5, 125.0)
(3.4, 335.6, 132.2)
(5.6, 332.2, 135.5)
(9.4, 330.5, 134.1)
(14.2, 329.0, 132.2)
(14.2, 329.0, 132.2)
(19.0, 326.7, 132.0)
    
(338.5, 6.3, 115.9)
(343.3, 4.4, 115.9)
(343.3, 4.4, 115.9)
(345.9, 357.1, 115.0)
(350.6, 352.0, 118.6)
(358.0, 347.9, 123.8)
(2.5, 346.3, 129.2)
(2.5, 346.3, 129.2)
(3.2, 344.4, 130.3)
(4.9, 342.5, 130.6)
    
(345.9, 3.0, 117.8)
(348.8, 355.4, 124.5)
(348.8, 355.4, 124.5)
(351.4, 347.1, 130.3)
(354.9, 342.5, 134.2)
(1.2, 341.2, 136.1)
(7.3, 340.8, 136.1)
(7.3, 340.8, 136.1)
(12.1, 339.8, 136.0)
(14.8, 338.5, 137.3)
    
(342.0, 353.0, 128.8)
(347.9, 352.0, 125.8)
(347.9, 352.0, 125.8)
(353.5, 351.7, 125.1)
(358.3, 352.6, 126.1)
(1.3, 350.9, 128.2)
(3.0, 346.7, 130.5)
(3.0, 346.7, 130.5)
(5.2, 343.2, 133.2)
(8.0, 341.3, 134.8)
    
(346.9, 9.1, 91.6)
(0.1, 5.2, 102.7)
(3.3, 4.6, 113.5)
(357.7, 359.4, 122.8)
(357.7, 353.9, 127.5)
(357.7, 353.9, 127.5)
(1.0, 349.9, 132.0)
(6.2, 348.7, 134.9)
(9.9, 346.8, 134.9)
(11.6, 343.4, 134.2)
    
(5.3, 350.9, 117.0)
(5.3, 350.9, 117.0)
(7.8, 348.7, 129.8)
(8.2, 347.3, 133.8)
(10.0, 346.8, 133.0)
(13.9, 345.6, 132.5)
(13.9, 345.6, 132.5)
(18.6, 343.7, 133.0)
(22.0, 340.9, 134.5)
(23.3, 339.0, 136.1)
    
(340.4, 350.2, 129.7)
(345.4, 351.5, 130.4)
(350.4, 352.6, 128.0)
(350.4, 352.6, 128.0)
(354.5, 349.7, 125.2)
(358.8, 345.4, 126.2)
(4.4, 341.4, 128.5)
(9.3, 339.6, 131.8)
(9.3, 339.6, 131.8)
(12.8, 339.4, 135.1)
    
(337.6, 5.4, 111.4)
(344.6, 3.4, 113.3)
(351.0, 359.8, 116.8)
(354.0, 351.0, 120.7)
(354.0, 351.0, 120.7)
(355.7, 343.0, 123.4)
(359.7, 337.2, 126.7)
(7.1, 336.9, 129.4)
(7.1, 336.9, 129.4)
(11.1, 337.1, 130.3)
    
(347.2, 354.0, 109.1)
(353.2, 358.1, 104.6)
(355.9, 357.8, 102.1)
(355.9, 357.8, 102.1)
(358.8, 352.7, 103.5)
(3.2, 344.5, 107.4)
(9.9, 337.1, 113.6)
(14.8, 335.1, 117.7)
(14.8, 335.1, 117.7)
(17.7, 335.7, 120.6)
    
(347.9, 1.5, 108.2)
(349.9, 357.9, 116.5)
(350.9, 354.2, 120.0)
(355.3, 350.9, 121.0)
(355.3, 350.9, 121.0)
(1.1, 348.9, 121.8)
(6.3, 348.6, 122.5)
(10.4, 349.2, 122.8)
(10.4, 349.2, 122.8)
(11.8, 347.7, 122.4)
    
(339.5, 1.2, 107.7)
(345.2, 1.9, 109.8)
(349.3, 0.9, 109.5)
(354.0, 358.7, 108.7)
(354.0, 358.7, 108.7)
(357.8, 353.5, 110.5)
(1.9, 347.3, 113.6)
(5.2, 343.2, 116.7)
(7.2, 341.0, 119.0)
(7.2, 341.0, 119.0)
    
(348.1, 6.1, 97.9)
(352.1, 0.9, 102.1)
(357.8, 354.8, 107.6)
(357.8, 354.8, 107.6)
(2.7, 349.6, 113.2)
(5.3, 346.4, 116.6)
(7.4, 345.7, 117.2)
(11.3, 347.2, 117.1)
(11.3, 347.2, 117.1)
(16.2, 346.0, 116.8)
    
(344.1, 1.7, 96.1)
(350.0, 356.2, 98.6)
(356.1, 352.1, 101.2)
(356.1, 352.1, 101.2)
(358.0, 348.6, 103.1)
(357.9, 345.7, 104.4)
(359.2, 344.1, 104.2)
(3.1, 341.9, 102.3)
(3.1, 341.9, 102.3)
(5.1, 339.5, 101.3)
    
(343.2, 359.9, 97.8)
(344.9, 354.5, 103.6)
(348.7, 350.5, 105.2)
(355.1, 347.6, 104.1)
(359.3, 345.0, 103.1)
(359.3, 345.0, 103.1)
(1.4, 341.5, 102.9)
(1.9, 337.6, 103.5)
(3.9, 334.4, 103.1)
(6.4, 332.7, 101.8)
    
(341.1, 360.0, 93.6)
(345.0, 355.8, 96.2)
(347.0, 353.0, 97.3)
(348.8, 350.9, 97.6)
(348.8, 350.9, 97.6)
(352.2, 349.1, 96.8)
(356.0, 347.3, 96.6)
(359.3, 344.7, 97.0)
(1.6, 341.3, 97.8)
(1.6, 341.3, 97.8)
    
(332.7, 3.5, 98.2)
(338.0, 3.0, 96.4)
(341.8, 359.0, 96.7)
(342.7, 354.0, 98.5)
(343.6, 349.4, 100.6)
(343.6, 349.4, 100.6)
(344.6, 347.0, 101.9)
(345.8, 345.6, 102.6)
(348.5, 344.3, 102.3)
(351.9, 343.2, 101.6)
    
(336.7, 8.8, 92.1)
(341.4, 2.7, 95.0)
(347.0, 356.4, 99.0)
(351.8, 351.5, 102.0)
(355.2, 347.9, 104.3)
(355.2, 347.9, 104.3)
(355.5, 345.5, 105.2)
(355.2, 341.9, 106.1)
(356.7, 337.8, 106.7)
(359.7, 335.0, 106.6)
    
(339.6, 3.0, 102.0)
(339.6, 3.0, 102.0)
(344.4, 359.4, 103.4)
(347.2, 356.1, 105.1)
(349.7, 352.8, 107.2)
(351.8, 350.6, 108.3)
(351.8, 350.6, 108.3)
(354.5, 350.3, 108.3)
(357.9, 349.7, 107.9)
(0.6, 347.5, 108.0)
    
(347.1, 1.9, 96.3)
(351.9, 357.8, 99.6)
(355.7, 354.7, 104.0)
(355.7, 354.7, 104.0)
(357.5, 351.9, 106.5)
(358.8, 349.0, 107.4)
(1.0, 346.2, 107.0)
(3.8, 343.4, 105.7)
(3.8, 343.4, 105.7)
(6.8, 339.9, 104.9)
    
(335.3, 359.7, 112.9)
(335.2, 355.2, 120.8)
(335.2, 355.2, 120.8)
(337.3, 354.7, 122.3)
(342.6, 354.8, 121.6)
(348.1, 354.1, 120.8)
(351.9, 351.2, 121.3)
(351.9, 351.2, 121.3)
(354.6, 347.9, 122.0)
(356.2, 345.0, 123.2)
    
(336.4, 5.8, 109.8)
(341.5, 2.8, 110.3)
(346.7, 0.4, 110.4)
(351.7, 357.8, 111.4)
(356.0, 355.2, 113.7)
(359.0, 352.7, 117.0)
(359.0, 352.7, 117.0)
(359.3, 349.6, 120.1)
(0.4, 346.5, 121.8)
(3.1, 343.4, 122.0)
    
(337.5, 7.7, 110.2)
(339.7, 359.8, 116.5)
(339.7, 359.8, 116.5)
(342.3, 355.1, 120.7)
(345.6, 353.6, 122.1)
(350.4, 351.8, 121.9)
(350.4, 351.8, 121.9)
(355.5, 348.7, 121.8)
(0.5, 345.1, 122.5)
(4.5, 342.2, 123.4)
    
(338.5, 7.0, 109.4)
(344.8, 4.7, 110.3)
(344.8, 4.7, 110.3)
(349.0, 359.4, 112.6)
(351.6, 352.7, 115.5)
(354.6, 348.1, 117.5)
(358.6, 346.6, 117.7)
(358.6, 346.6, 117.7)
(2.8, 345.9, 116.5)
(5.9, 344.1, 115.4)
    
(337.3, 359.9, 99.0)
(339.9, 356.0, 98.3)
(346.1, 347.5, 100.6)
(355.0, 340.8, 104.4)
(355.0, 340.8, 104.4)
(0.9, 337.6, 108.1)
(0.3, 337.3, 110.9)
(359.1, 336.2, 111.1)
(0.4, 333.7, 110.3)
(0.4, 333.7, 110.3)
    
(346.6, 353.8, 104.3)
(350.9, 351.4, 103.6)
(354.5, 350.1, 102.5)
(354.5, 350.1, 102.5)
(358.2, 349.1, 100.7)
(2.2, 347.9, 99.6)
(5.7, 345.4, 99.4)
(7.7, 341.0, 100.2)
(7.7, 341.0, 100.2)
(9.4, 336.2, 102.0)
    
(344.1, 3.5, 96.3)
(347.2, 354.9, 102.1)
(350.7, 350.3, 105.0)
(350.7, 350.3, 105.0)
(352.6, 349.0, 104.9)
(354.3, 348.2, 104.0)
(357.4, 347.3, 103.6)
(2.0, 346.3, 103.4)
(2.0, 346.3, 103.4)
(4.3, 344.2, 103.5)
    
(345.4, 4.4, 104.1)
(351.3, 0.7, 105.8)
(354.6, 357.3, 106.8)
(357.9, 353.3, 107.7)
(357.9, 353.3, 107.7)
(0.7, 349.8, 108.3)
(2.2, 347.3, 108.8)
(3.5, 345.1, 108.9)
(5.5, 342.7, 109.1)
(5.5, 342.7, 109.1)
    
(345.0, 2.9, 97.3)
(350.8, 358.7, 102.4)
(352.7, 355.0, 106.6)
(352.7, 355.0, 106.6)
(354.5, 351.6, 109.0)
(357.4, 348.9, 109.7)
(1.2, 346.7, 109.8)
(4.0, 344.2, 109.8)
(4.0, 344.2, 109.8)
(5.1, 341.0, 109.9)
    
(349.2, 356.8, 103.8)
(350.4, 354.9, 108.0)
(352.1, 354.3, 109.7)
(354.9, 353.4, 110.3)
(354.9, 353.4, 110.3)
(356.6, 351.4, 110.1)
(357.9, 347.7, 110.7)
(358.7, 344.1, 112.6)
(0.1, 342.4, 113.4)
(0.1, 342.4, 113.4)
    
(343.1, 8.1, 102.5)
(347.8, 4.3, 104.6)
(347.8, 4.3, 104.6)
(352.7, 359.9, 107.1)
(357.1, 354.1, 109.6)
(1.3, 346.7, 112.3)
(4.8, 343.0, 114.7)
(4.8, 343.0, 114.7)
(7.3, 341.6, 116.6)
(9.0, 340.9, 117.0)
    
(349.3, 8.7, 109.8)
(354.2, 2.2, 114.3)
(359.2, 355.5, 116.7)
(4.8, 351.8, 116.0)
(10.6, 348.9, 114.6)
(10.6, 348.9, 114.6)
(14.6, 345.6, 113.5)
(17.0, 341.7, 113.9)
(18.5, 338.5, 115.4)
(18.7, 336.6, 117.1)
    
(349.1, 3.3, 106.3)
(354.0, 359.4, 108.5)
(356.4, 355.2, 111.0)
(358.2, 351.3, 113.3)
(358.2, 351.3, 113.3)
(0.7, 347.9, 114.9)
(4.3, 345.0, 114.8)
(7.0, 342.9, 114.0)
(10.1, 341.1, 113.2)
(11.9, 339.7, 112.7)
    
(349.1, 357.0, 98.1)
(353.0, 353.9, 106.4)
(355.2, 353.9, 111.8)
(358.3, 353.6, 112.7)
(358.3, 353.6, 112.7)
(3.1, 351.2, 113.0)
(8.3, 347.3, 114.4)
(11.7, 342.3, 115.9)
(13.8, 338.5, 117.2)
(13.8, 338.5, 117.2)
    
(344.2, 360.0, 110.7)
(349.2, 358.4, 109.6)
(349.2, 358.4, 109.6)
(352.1, 355.0, 111.1)
(354.1, 351.1, 113.5)
(356.0, 348.6, 115.2)
(359.1, 346.6, 115.3)
(359.1, 346.6, 115.3)
(2.2, 344.4, 114.3)
(6.7, 341.8, 114.2)
    
(345.4, 1.5, 107.0)
(349.5, 357.1, 111.5)
(349.5, 357.1, 111.5)
(353.3, 354.3, 115.1)
(356.2, 352.4, 116.4)
(359.5, 351.9, 115.3)
(359.5, 351.9, 115.3)
(2.5, 350.3, 114.6)
(5.2, 347.5, 114.4)
(7.7, 344.7, 115.3)
    
(355.9, 357.8, 111.6)
(355.9, 357.8, 111.6)
(2.2, 352.3, 115.3)
(6.6, 349.0, 116.6)
(9.5, 346.8, 116.7)
(13.0, 344.7, 116.4)
(13.0, 344.7, 116.4)
(17.3, 342.3, 116.2)
(20.1, 339.9, 116.0)
(22.3, 337.3, 115.6)
    
(343.4, 359.3, 111.2)
(347.4, 357.0, 109.8)
(349.7, 350.0, 113.0)
(353.4, 342.4, 117.3)
(353.4, 342.4, 117.3)
(358.4, 338.7, 121.3)
(2.4, 337.8, 123.0)
(5.0, 337.0, 122.0)
(6.9, 335.1, 121.1)
(6.9, 335.1, 121.1)
    
(341.7, 358.0, 108.2)
(345.5, 356.4, 112.6)
(350.4, 355.4, 113.8)
(357.1, 353.2, 114.1)
(357.1, 353.2, 114.1)
(2.4, 349.1, 114.8)
(6.6, 344.9, 115.5)
(10.7, 341.8, 116.0)
(14.5, 340.4, 115.7)
(14.5, 340.4, 115.7)
    
(342.8, 2.1, 102.8)
(348.2, 356.6, 106.0)
(348.2, 356.6, 106.0)
(352.8, 351.7, 110.5)
(356.3, 348.7, 114.8)
(359.9, 347.2, 117.5)
(3.4, 346.0, 117.8)
(3.4, 346.0, 117.8)
(6.0, 344.4, 116.9)
(8.1, 342.7, 116.5)
    
(353.4, 1.8, 106.7)
(357.4, 355.6, 113.5)
(357.4, 355.6, 113.5)
(0.9, 352.0, 118.4)
(3.7, 350.5, 120.5)
(6.8, 350.2, 121.3)
(11.3, 350.0, 121.3)
(11.3, 350.0, 121.3)
(13.9, 347.9, 121.2)
(15.7, 344.1, 121.8)
    
(354.1, 2.5, 106.7)
(359.2, 355.8, 110.6)
(6.7, 348.8, 115.7)
(14.0, 345.8, 120.6)
(16.8, 345.4, 122.4)
(16.8, 345.4, 122.4)
(18.7, 345.3, 122.8)
(21.0, 344.4, 122.4)
(23.4, 342.8, 121.9)
(25.2, 340.4, 121.4)
    
(328.1, 360.0, 111.3)
(332.4, 356.9, 111.6)
(336.4, 353.1, 112.6)
(341.5, 349.5, 114.0)
(341.5, 349.5, 114.0)
(347.0, 348.5, 115.3)
(350.2, 347.9, 116.0)
(351.6, 345.0, 116.4)
(353.3, 339.9, 116.5)
(353.3, 339.9, 116.5)
    
(337.8, 357.9, 111.1)
(341.1, 356.4, 111.4)
(341.1, 356.4, 111.4)
(342.5, 352.1, 112.7)
(344.2, 346.9, 114.2)
(345.6, 343.4, 114.9)
(346.9, 341.5, 114.5)
(346.9, 341.5, 114.5)
(347.8, 341.7, 113.1)
(348.2, 341.9, 111.8)
    
(336.4, 0.8, 104.8)
(341.9, 359.4, 107.3)
(345.3, 357.7, 109.4)
(348.5, 355.3, 111.8)
(352.5, 351.6, 112.3)
(352.5, 351.6, 112.3)
(357.6, 347.1, 111.9)
(1.6, 343.8, 111.8)
(4.2, 341.5, 112.4)
(5.2, 340.7, 112.9)
    
(338.9, 353.8, 112.4)
(343.8, 351.7, 113.1)
(346.5, 351.1, 112.2)
(348.6, 350.0, 111.6)
(348.6, 350.0, 111.6)
(350.7, 347.7, 111.6)
(354.0, 344.5, 112.0)
(357.3, 341.1, 112.1)
(359.6, 338.0, 111.9)
(359.6, 338.0, 111.9)
    
(336.8, 3.9, 103.8)
(341.8, 359.0, 105.4)
(347.2, 353.8, 108.0)
(352.5, 350.5, 111.1)
(352.5, 350.5, 111.1)
(356.6, 348.6, 113.9)
(359.1, 346.3, 115.4)
(1.9, 342.9, 115.7)
(1.9, 342.9, 115.7)
(4.2, 338.9, 115.1)
    
(342.1, 2.6, 105.7)
(346.2, 358.5, 108.7)
(348.7, 353.6, 111.6)
(348.7, 353.6, 111.6)
(350.8, 349.4, 113.9)
(353.0, 347.6, 114.8)
(356.4, 346.9, 114.3)
(0.5, 346.6, 113.2)
(0.5, 346.6, 113.2)
(4.3, 345.1, 112.4)
    
(334.3, 2.7, 103.9)
(340.0, 359.7, 108.7)
(344.3, 356.2, 111.8)
(349.3, 352.1, 114.0)
(353.3, 348.3, 115.3)
(353.3, 348.3, 115.3)
(357.4, 343.8, 116.4)
(0.4, 340.7, 117.0)
(3.4, 338.7, 117.5)
(6.1, 338.2, 117.0)
    
(337.7, 6.2, 101.2)
(342.5, 358.6, 108.0)
(345.4, 353.1, 112.6)
(348.4, 348.0, 116.4)
(352.7, 344.8, 117.3)
(352.7, 344.8, 117.3)
(356.5, 343.7, 117.0)
(0.9, 343.3, 116.2)
(3.4, 342.8, 115.7)
(5.2, 341.9, 115.4)
    
(329.5, 356.0, 108.6)
(337.1, 354.9, 109.5)
(344.1, 354.6, 107.9)
(348.4, 352.6, 106.6)
(351.8, 349.4, 108.0)
(351.8, 349.4, 108.0)
(354.6, 346.2, 109.9)
(356.7, 343.7, 112.0)
(358.2, 342.7, 113.9)
(0.3, 342.2, 114.9)
    
(345.0, 359.2, 109.7)
(348.7, 356.8, 110.2)
(348.7, 356.8, 110.2)
(351.6, 352.7, 112.3)
(354.8, 348.2, 115.5)
(358.3, 345.5, 118.2)
(1.6, 344.5, 119.6)
(1.6, 344.5, 119.6)
(4.0, 343.5, 119.3)
(5.5, 341.6, 118.4)
    
(333.0, 11.6, 93.2)
(335.8, 4.6, 99.4)
(335.8, 4.6, 99.4)
(339.5, 358.6, 105.3)
(343.9, 355.3, 110.8)
(346.5, 354.8, 112.6)
(348.6, 353.4, 113.1)
(348.6, 353.4, 113.1)
(351.0, 350.6, 113.8)
(353.4, 348.1, 114.9)
    
(335.0, 0.2, 92.7)
(339.6, 351.1, 100.2)
(339.6, 351.1, 100.2)
(342.2, 346.8, 105.1)
(344.8, 346.0, 106.3)
(348.3, 345.2, 106.2)
(352.1, 343.3, 105.6)
(352.1, 343.3, 105.6)
(354.2, 341.4, 105.0)
(356.0, 339.4, 104.2)
    
(340.1, 352.8, 107.6)
(340.1, 352.8, 107.6)
(343.3, 349.6, 110.4)
(346.3, 346.7, 112.6)
(349.6, 344.4, 114.1)
(353.4, 342.1, 114.6)
(353.4, 342.1, 114.6)
(357.3, 339.5, 114.5)
(0.8, 337.2, 114.4)
(3.9, 335.5, 114.1)
    
(339.8, 358.6, 104.7)
(339.8, 358.6, 104.7)
(344.4, 356.1, 105.7)
(347.3, 353.3, 106.4)
(349.9, 349.9, 107.1)
(352.5, 346.7, 107.6)
(352.5, 346.7, 107.6)
(355.2, 344.6, 107.3)
(358.1, 342.4, 106.4)
(0.7, 340.6, 105.6)
    
(335.7, 5.1, 102.5)
(339.1, 1.5, 105.4)
(339.1, 1.5, 105.4)
(343.5, 358.6, 108.0)
(348.0, 356.2, 110.4)
(351.5, 354.3, 111.5)
(353.4, 352.6, 111.6)
(353.4, 352.6, 111.6)
(354.5, 350.5, 111.7)
(355.7, 348.3, 112.0)
    
(336.2, 359.8, 105.7)
(339.9, 358.9, 105.2)
(343.0, 357.7, 105.2)
(346.1, 355.5, 106.0)
(346.1, 355.5, 106.0)
(349.2, 351.4, 107.7)
(353.1, 345.6, 110.1)
(357.1, 343.2, 111.9)
(0.6, 342.4, 113.6)
(0.6, 342.4, 113.6)
    
(335.7, 2.3, 103.0)
(338.6, 359.9, 104.2)
(341.2, 356.2, 106.5)
(345.1, 352.6, 108.6)
(349.0, 350.3, 109.6)
(349.0, 350.3, 109.6)
(353.2, 348.5, 110.0)
(357.1, 346.0, 109.9)
(360.0, 342.8, 109.9)
(2.0, 339.4, 110.3)
    
(341.7, 2.7, 107.8)
(344.0, 356.9, 110.6)
(348.1, 349.7, 114.0)
(353.1, 343.8, 117.0)
(353.1, 343.8, 117.0)
(357.0, 340.8, 119.0)
(358.7, 340.0, 119.7)
(359.6, 339.3, 119.4)
(0.5, 338.3, 118.3)
(0.5, 338.3, 118.3)
    
(332.1, 1.7, 107.6)
(338.0, 0.3, 108.3)
(338.0, 0.3, 108.3)
(341.1, 359.4, 108.7)
(342.8, 357.4, 109.5)
(345.5, 354.2, 111.6)
(349.4, 350.2, 113.7)
(349.4, 350.2, 113.7)
(353.2, 345.4, 115.6)
(355.3, 341.8, 116.6)
    
(332.2, 2.9, 104.6)
(335.4, 355.7, 109.2)
(335.4, 355.7, 109.2)
(338.6, 350.6, 113.1)
(342.1, 348.4, 114.7)
(345.8, 347.5, 114.3)
(350.0, 346.3, 113.7)
(350.0, 346.3, 113.7)
(353.7, 344.4, 112.9)
(355.6, 341.9, 112.6)
    
(331.6, 4.3, 96.6)
(336.5, 357.1, 100.9)
(342.2, 350.5, 104.7)
(347.9, 346.0, 107.8)
(351.8, 344.3, 109.7)
(351.8, 344.3, 109.7)
(354.0, 343.5, 110.4)
(356.2, 342.1, 110.4)
(358.2, 339.2, 110.2)
(359.6, 336.3, 110.0)
    
(337.4, 356.5, 102.1)
(342.7, 353.2, 105.6)
(345.5, 350.1, 108.5)
(347.9, 346.2, 111.1)
(347.9, 346.2, 111.1)
(351.3, 342.5, 112.6)
(355.7, 340.1, 113.0)
(359.2, 339.2, 112.7)
(2.1, 338.9, 112.4)
(2.1, 338.9, 112.4)
    
(332.8, 6.8, 98.8)
(337.5, 3.1, 100.8)
(341.0, 356.3, 104.5)
(341.0, 356.3, 104.5)
(344.4, 350.0, 108.6)
(348.7, 347.1, 111.8)
(353.2, 346.3, 113.1)
(357.1, 344.6, 112.8)
(357.1, 344.6, 112.8)
(0.1, 341.9, 112.5)
    
(337.7, 1.4, 101.7)
(340.4, 354.4, 108.5)
(346.1, 348.9, 113.5)
(352.2, 346.5, 116.5)
(357.3, 345.2, 118.7)
(357.3, 345.2, 118.7)
(359.3, 343.1, 119.5)
(1.1, 340.4, 119.0)
(3.5, 338.1, 118.3)
(7.0, 336.2, 118.0)
    
(340.1, 355.0, 111.6)
(340.1, 355.0, 111.6)
(344.8, 354.4, 110.9)
(348.5, 353.4, 110.8)
(351.1, 351.7, 111.8)
(353.1, 349.3, 113.0)
(353.1, 349.3, 113.0)
(356.0, 346.6, 113.6)
(359.5, 344.5, 113.3)
(3.9, 342.9, 112.4)
    
(338.5, 354.6, 107.4)
(338.5, 354.6, 107.4)
(347.6, 353.6, 112.5)
(347.6, 353.6, 112.5)
(350.9, 350.3, 113.4)
(354.1, 346.1, 114.7)
(354.1, 346.1, 114.7)
(357.3, 342.6, 115.7)
(359.5, 340.2, 116.2)
(1.3, 338.6, 116.2)
    
(347.2, 357.1, 111.7)
(347.2, 357.1, 111.7)
(350.8, 351.5, 115.2)
(355.6, 347.2, 118.2)
(0.3, 344.1, 120.3)
(4.0, 341.5, 121.3)
(4.0, 341.5, 121.3)
(6.5, 339.4, 121.5)
(8.5, 337.9, 121.8)
(11.1, 336.6, 121.9)
    
(339.3, 8.9, 108.3)
(344.4, 3.3, 114.0)
(348.7, 357.8, 117.8)
(352.6, 352.9, 121.6)
(356.1, 349.5, 123.8)
(356.1, 349.5, 123.8)
(0.0, 346.9, 124.7)
(4.1, 344.9, 125.0)
(8.5, 342.2, 125.1)
(11.9, 338.5, 124.8)
    
/n
(334.7, 1.7, 113.7)
(339.0, 359.7, 115.9)
(345.0, 359.0, 118.3)
(345.0, 359.0, 118.3)
(349.5, 357.6, 120.4)
(352.9, 355.8, 121.1)
(354.4, 352.0, 121.5)
(354.4, 352.0, 121.5)
(357.3, 348.7, 122.7)
(1.1, 346.2, 124.7)
    
(336.2, 6.1, 109.0)
(341.6, 2.8, 112.5)
(345.8, 1.8, 114.5)
(349.0, 3.1, 116.4)
(349.0, 3.1, 116.4)
(351.0, 1.1, 117.6)
(353.0, 355.7, 119.6)
(356.2, 350.5, 122.3)
(359.2, 347.5, 124.0)
(359.2, 347.5, 124.0)
    
(337.1, 0.0, 114.5)
(341.7, 359.7, 114.1)
(344.3, 358.5, 114.2)
(344.3, 358.5, 114.2)
(347.1, 357.2, 114.4)
(351.0, 355.5, 114.7)
(355.0, 352.7, 115.1)
(358.2, 349.1, 116.2)
(358.2, 349.1, 116.2)
(0.7, 346.2, 117.7)
    
(338.7, 2.9, 114.0)
(341.2, 2.1, 114.8)
(341.2, 2.1, 114.8)
(343.1, 0.2, 115.3)
(347.0, 356.5, 116.4)
(351.3, 352.8, 117.2)
(356.5, 349.3, 118.2)
(356.5, 349.3, 118.2)
(360.0, 347.5, 119.2)
(0.7, 346.4, 119.9)
    
(332.7, 0.6, 112.1)
(339.0, 355.9, 113.3)
(344.5, 352.1, 114.3)
(349.9, 349.3, 115.4)
(349.9, 349.3, 115.4)
(354.3, 347.8, 115.9)
(357.7, 346.5, 115.9)
(0.9, 345.5, 115.6)
(0.9, 345.5, 115.6)
(2.8, 343.5, 115.5)
    
(340.1, 357.7, 111.4)
(343.4, 355.3, 113.3)
(343.4, 355.3, 113.3)
(345.3, 354.1, 116.3)
(346.9, 353.6, 118.1)
(349.5, 352.3, 118.5)
(353.1, 350.9, 118.6)
(353.1, 350.9, 118.6)
(356.3, 349.4, 119.2)
(358.8, 347.1, 120.1)
    
(334.6, 0.3, 110.0)
(334.6, 0.3, 110.0)
(337.7, 357.7, 110.7)
(340.6, 355.9, 111.3)
(343.8, 355.2, 111.6)
(347.0, 353.6, 112.2)
(347.0, 353.6, 112.2)
(350.6, 351.6, 113.1)
(355.2, 350.0, 114.0)
(358.6, 348.3, 114.1)
    
(333.2, 359.2, 110.5)
(337.0, 358.7, 110.8)
(341.7, 357.8, 110.7)
(345.0, 355.3, 110.7)
(345.0, 355.3, 110.7)
(346.2, 350.5, 110.9)
(348.1, 346.9, 112.1)
(351.2, 345.5, 112.8)
(354.7, 345.1, 112.9)
(354.7, 345.1, 112.9)
    
(335.3, 0.5, 109.3)
(340.2, 1.4, 108.0)
(340.2, 1.4, 108.0)
(343.6, 0.9, 108.8)
(344.8, 357.8, 111.0)
(345.7, 353.9, 112.7)
(348.1, 349.7, 114.5)
(348.1, 349.7, 114.5)
(352.2, 349.0, 114.8)
(356.3, 350.3, 114.0)
    
(337.6, 9.4, 108.0)
(339.7, 3.1, 111.6)
(342.1, 356.7, 114.7)
(345.5, 351.7, 117.0)
(348.7, 348.4, 117.6)
(348.7, 348.4, 117.6)
(351.3, 346.8, 117.9)
(352.8, 346.7, 117.9)
(353.9, 346.9, 117.8)
(354.4, 346.6, 117.2)
    
(339.9, 9.7, 98.9)
(343.1, 3.4, 102.9)
(346.0, 356.1, 107.0)
(346.0, 356.1, 107.0)
(349.0, 349.6, 111.0)
(351.3, 345.8, 112.8)
(352.7, 344.8, 112.9)
(353.8, 344.6, 112.7)
(353.8, 344.6, 112.7)
(355.5, 343.7, 112.6)
    
(338.5, 3.6, 106.1)
(342.0, 0.3, 106.9)
(342.0, 0.3, 106.9)
(346.8, 355.7, 108.1)
(353.0, 350.8, 109.2)
(359.1, 346.3, 109.8)
(359.1, 346.3, 109.8)
(3.6, 343.4, 110.6)
(5.4, 342.3, 111.0)
(6.2, 341.2, 110.2)
    
(339.4, 359.7, 109.2)
(339.4, 359.7, 109.2)
(341.0, 357.0, 111.1)
(343.5, 354.0, 111.9)
(348.6, 351.4, 112.5)
(348.6, 351.4, 112.5)
(353.7, 350.6, 112.4)
(357.3, 350.1, 112.6)
(359.9, 348.9, 113.5)
(0.9, 345.0, 114.6)
    
(341.4, 1.5, 109.4)
(346.0, 356.9, 113.2)
(350.1, 355.1, 115.1)
(350.1, 355.1, 115.1)
(352.6, 353.1, 116.1)
(354.8, 349.4, 117.3)
(357.5, 346.2, 118.2)
(0.7, 344.8, 118.4)
(0.7, 344.8, 118.4)
(2.7, 343.3, 118.3)
    
(335.9, 359.4, 111.0)
(340.2, 357.6, 110.9)
(340.2, 357.6, 110.9)
(344.8, 356.3, 111.0)
(349.3, 355.2, 111.2)
(353.1, 353.8, 111.7)
(355.3, 352.4, 112.5)
(355.3, 352.4, 112.5)
(356.6, 350.6, 113.2)
(358.5, 348.4, 113.6)
    
(330.9, 0.9, 108.4)
(334.4, 356.6, 110.3)
(338.9, 353.0, 112.4)
(344.9, 350.5, 114.8)
(344.9, 350.5, 114.8)
(348.3, 349.8, 116.3)
(349.6, 348.6, 117.5)
(351.0, 347.0, 117.7)
(353.9, 345.6, 117.6)
(353.9, 345.6, 117.6)
    
(335.0, 3.7, 109.5)
(338.7, 2.3, 111.1)
(341.9, 0.8, 111.6)
(341.9, 0.8, 111.6)
(344.6, 358.7, 112.3)
(348.4, 356.2, 113.1)
(352.1, 353.8, 114.0)
(354.3, 351.9, 114.8)
(354.3, 351.9, 114.8)
(355.7, 350.2, 115.1)
    
(331.7, 6.4, 99.5)
(336.0, 0.1, 106.2)
(336.0, 0.1, 106.2)
(340.7, 356.6, 111.0)
(344.1, 353.4, 114.0)
(347.3, 349.3, 116.1)
(350.6, 346.4, 117.4)
(350.6, 346.4, 117.4)
(352.4, 344.5, 117.3)
(353.3, 343.2, 116.6)
    
(335.0, 2.0, 110.7)
(338.2, 359.2, 111.7)
(341.5, 355.9, 113.7)
(341.5, 355.9, 113.7)
(344.5, 352.9, 115.9)
(347.6, 351.0, 117.3)
(350.4, 349.5, 117.5)
(352.3, 347.5, 117.3)
(353.9, 345.6, 117.1)
(353.9, 345.6, 117.1)
    
(338.2, 0.3, 110.9)
(342.7, 357.3, 112.3)
(342.7, 357.3, 112.3)
(348.0, 353.8, 113.3)
(352.0, 350.6, 114.7)
(353.9, 348.3, 116.1)
(355.0, 345.8, 117.9)
(355.0, 345.8, 117.9)
(356.1, 344.6, 118.4)
(357.3, 343.5, 117.8)
    
(335.7, 5.4, 108.7)
(340.2, 359.5, 111.5)
(343.0, 355.1, 112.8)
(346.4, 352.4, 113.7)
(350.3, 351.6, 113.7)
(350.3, 351.6, 113.7)
(353.2, 350.8, 113.3)
(355.2, 348.8, 113.3)
(356.8, 346.8, 113.7)
(358.5, 344.8, 114.4)
    
(337.1, 8.9, 108.2)
(340.9, 2.0, 111.5)
(345.6, 355.8, 114.5)
(345.6, 355.8, 114.5)
(350.6, 352.9, 116.1)
(354.0, 352.4, 116.1)
(356.1, 352.0, 115.7)
(358.3, 350.4, 115.3)
(0.7, 347.5, 115.2)
(0.7, 347.5, 115.2)
    
(343.0, 3.5, 101.8)
(343.0, 3.5, 101.8)
(347.4, 359.5, 104.3)
(350.5, 354.3, 108.1)
(353.2, 348.9, 112.6)
(356.6, 345.4, 115.8)
(356.6, 345.4, 115.8)
(0.7, 343.3, 116.5)
(4.7, 341.6, 115.8)
(8.0, 340.1, 115.0)
    
(342.0, 356.8, 104.3)
(345.1, 354.4, 106.7)
(347.3, 353.0, 109.1)
(350.2, 352.0, 110.9)
(353.6, 350.1, 111.6)
(353.6, 350.1, 111.6)
(357.1, 346.3, 112.2)
(0.7, 342.9, 112.9)
(4.4, 340.5, 113.7)
(7.0, 339.2, 114.2)
    
(334.9, 1.2, 108.7)
(339.7, 1.7, 108.8)
(343.6, 1.5, 109.1)
(343.6, 1.5, 109.1)
(347.9, 359.3, 110.3)
(351.1, 354.8, 111.8)
(354.8, 349.7, 113.7)
(359.2, 346.2, 115.5)
(359.2, 346.2, 115.5)
(2.3, 345.0, 115.9)
    
(337.2, 359.5, 108.9)
(340.3, 356.2, 111.2)
(340.3, 356.2, 111.2)
(342.8, 353.5, 113.2)
(345.3, 352.4, 114.5)
(348.6, 351.9, 115.3)
(352.3, 350.6, 115.5)
(352.3, 350.6, 115.5)
(355.6, 348.3, 115.4)
(357.2, 345.6, 115.7)
    
(336.7, 358.0, 110.9)
(339.9, 357.6, 110.3)
(342.8, 357.1, 110.0)
(346.2, 356.2, 110.6)
(349.6, 354.6, 112.1)
(349.6, 354.6, 112.1)
(352.4, 351.9, 113.5)
(354.8, 349.2, 114.6)
(356.6, 347.5, 114.8)
(358.2, 346.5, 113.9)
    
(343.8, 2.5, 107.8)
(345.2, 359.5, 109.5)
(346.2, 356.7, 110.6)
(347.7, 354.2, 112.1)
(347.7, 354.2, 112.1)
(349.7, 352.8, 113.6)
(351.6, 351.6, 114.5)
(352.7, 350.8, 114.6)
(353.8, 350.1, 114.3)
(353.8, 350.1, 114.3)
    
(338.4, 2.0, 105.2)
(342.3, 359.7, 106.4)
(342.3, 359.7, 106.4)
(346.5, 355.7, 108.8)
(351.5, 351.9, 111.3)
(356.0, 349.5, 113.3)
(358.3, 347.8, 114.5)
(358.3, 347.8, 114.5)
(359.6, 345.9, 114.4)
(0.4, 345.2, 114.0)
    
(340.0, 0.6, 105.2)
(344.2, 359.1, 105.0)
(348.4, 356.5, 105.6)
(351.9, 352.5, 106.8)
(354.6, 349.5, 108.2)
(354.6, 349.5, 108.2)
(357.7, 348.7, 109.6)
(360.0, 349.5, 110.5)
(1.3, 349.2, 110.4)
(2.1, 347.4, 110.7)
    
(340.9, 2.1, 101.2)
(344.9, 359.3, 103.0)
(347.5, 357.1, 104.8)
(348.7, 354.7, 106.7)
(348.7, 354.7, 106.7)
(350.8, 353.0, 108.0)
(353.8, 352.2, 108.5)
(357.0, 351.5, 108.6)
(358.8, 350.1, 108.4)
(358.8, 350.1, 108.4)
    
(333.8, 356.9, 110.9)
(338.0, 355.3, 111.2)
(338.0, 355.3, 111.2)
(341.2, 354.3, 110.3)
(345.3, 354.0, 109.5)
(349.0, 353.3, 109.3)
(349.0, 353.3, 109.3)
(352.0, 352.4, 109.4)
(354.5, 350.8, 110.4)
(357.0, 348.6, 111.1)
    
(339.6, 357.4, 108.7)
(343.1, 355.2, 109.9)
(347.4, 353.4, 110.6)
(352.0, 351.8, 110.9)
(355.7, 350.2, 110.7)
(355.7, 350.2, 110.7)
(357.8, 348.5, 110.6)
(358.6, 346.8, 110.7)
(359.3, 345.4, 110.9)
(0.5, 344.5, 110.7)
    
(340.7, 0.2, 108.2)
(344.9, 358.3, 109.8)
(349.1, 356.9, 110.9)
(352.5, 354.9, 111.5)
(352.5, 354.9, 111.5)
(355.7, 351.7, 112.4)
(357.7, 348.7, 113.6)
(359.0, 347.4, 114.0)
(359.7, 347.7, 113.3)
(359.7, 347.7, 113.3)
    
(336.2, 359.7, 114.1)
(338.9, 355.7, 117.0)
(338.9, 355.7, 117.0)
(342.6, 354.2, 118.2)
(346.9, 353.4, 118.6)
(350.5, 351.5, 118.7)
(351.9, 349.1, 118.8)
(351.9, 349.1, 118.8)
(353.1, 345.9, 119.1)
(354.8, 344.3, 119.0)
    
(335.6, 4.0, 109.1)
(340.1, 1.6, 110.1)
(345.0, 359.1, 110.8)
(348.9, 356.3, 112.3)
(352.5, 353.4, 114.7)
(352.5, 353.4, 114.7)
(355.0, 350.1, 116.5)
(357.0, 347.5, 117.4)
(359.4, 345.0, 117.7)
(0.7, 344.4, 117.1)
    
(341.2, 2.0, 106.9)
(344.2, 355.9, 112.7)
(347.9, 351.3, 115.6)
(352.7, 348.1, 117.3)
(352.7, 348.1, 117.3)
(357.4, 347.7, 116.9)
(0.5, 347.3, 115.2)
(1.5, 345.3, 114.1)
(2.0, 344.1, 114.5)
(2.0, 344.1, 114.5)
    
(344.7, 0.5, 107.2)
(345.7, 357.1, 110.5)
(348.4, 353.4, 113.0)
(348.4, 353.4, 113.0)
(353.5, 349.9, 114.9)
(359.3, 347.2, 115.3)
(2.8, 345.5, 115.2)
(2.8, 345.5, 115.2)
(4.6, 344.8, 114.5)
(4.9, 344.1, 113.9)
    
(346.6, 359.3, 113.3)
(348.8, 356.4, 115.4)
(350.5, 353.2, 116.9)
(352.8, 350.4, 117.7)
(356.3, 347.9, 118.4)
(356.3, 347.9, 118.4)
(359.4, 347.6, 118.4)
(2.0, 348.0, 117.6)
(3.8, 347.7, 116.3)
(4.9, 347.1, 115.0)
    
(339.6, 0.3, 111.9)
(344.0, 357.7, 114.3)
(347.8, 354.9, 116.1)
(349.7, 352.1, 117.0)
(352.2, 349.9, 117.9)
(352.2, 349.9, 117.9)
(355.9, 349.0, 118.6)
(359.6, 348.4, 119.1)
(2.4, 347.1, 119.2)
(4.0, 345.6, 118.7)
    
(336.9, 357.3, 112.8)
(344.3, 353.8, 113.8)
(350.6, 352.2, 114.7)
(350.6, 352.2, 114.7)
(354.0, 352.2, 115.4)
(356.1, 352.2, 115.9)
(357.5, 351.1, 116.3)
(357.5, 351.1, 116.3)
(358.7, 349.5, 116.6)
(0.2, 348.5, 116.9)
    
(345.4, 358.3, 113.4)
(345.4, 358.3, 113.4)
(349.2, 355.9, 113.8)
(352.3, 352.7, 114.7)
(354.6, 350.1, 115.5)
(354.6, 350.1, 115.5)
(357.5, 348.2, 116.3)
(0.5, 347.1, 116.8)
(2.7, 346.0, 116.9)
(4.4, 344.2, 117.4)
    
(335.9, 6.5, 110.7)
(342.8, 359.2, 114.7)
(348.9, 354.3, 118.0)
(354.7, 352.0, 120.3)
(354.7, 352.0, 120.3)
(359.4, 351.5, 121.3)
(2.5, 351.2, 121.2)
(4.5, 350.4, 120.6)
(5.5, 349.5, 120.1)
(5.5, 349.5, 120.1)
    
(340.7, 0.7, 113.3)
(346.2, 358.0, 115.2)
(351.6, 354.8, 118.7)
(354.4, 353.6, 120.1)
(354.4, 353.6, 120.1)
(358.5, 351.9, 121.0)
(358.5, 351.9, 121.0)
(0.0, 351.2, 120.8)
(2.0, 350.5, 120.7)
(2.0, 350.5, 120.7)
    
(347.3, 1.8, 116.7)
(351.9, 358.0, 119.4)
(351.9, 358.0, 119.4)
(356.0, 355.2, 120.6)
(358.5, 353.2, 120.4)
(0.3, 352.1, 120.0)
(0.3, 352.1, 120.0)
(2.7, 351.4, 119.7)
(5.1, 350.6, 119.3)
(7.2, 349.9, 119.0)
    
(346.0, 0.8, 114.8)
(350.6, 358.8, 114.9)
(353.6, 356.7, 114.8)
(357.2, 353.3, 115.2)
(0.2, 350.9, 116.0)
(0.2, 350.9, 116.0)
(2.5, 349.5, 116.2)
(4.8, 349.1, 116.2)
(6.2, 349.1, 115.8)
(7.5, 349.5, 115.3)
    
(331.7, 2.0, 116.9)
(338.7, 359.8, 116.3)
(344.9, 357.9, 116.5)
(351.2, 355.7, 117.0)
(351.2, 355.7, 117.0)
(354.9, 353.8, 117.5)
(357.1, 352.1, 118.1)
(359.0, 351.0, 118.7)
(1.3, 349.6, 119.5)
(1.3, 349.6, 119.5)
    
(337.3, 4.2, 113.8)
(343.9, 359.7, 115.6)
(343.9, 359.7, 115.6)
(348.2, 355.8, 116.6)
(352.2, 352.8, 117.6)
(356.1, 350.9, 118.4)
(358.7, 349.9, 118.6)
(358.7, 349.9, 118.6)
(0.9, 349.0, 118.3)
(2.6, 348.6, 117.8)
    
(338.1, 359.4, 114.7)
(342.7, 357.4, 116.4)
(346.9, 355.7, 118.0)
(349.7, 354.2, 119.0)
(352.5, 352.1, 120.1)
(352.5, 352.1, 120.1)
(354.8, 349.5, 120.8)
(356.9, 347.4, 121.3)
(359.4, 346.0, 120.9)
(1.3, 346.0, 119.5)
    
(334.4, 2.5, 116.7)
(339.7, 0.7, 115.9)
(344.9, 357.6, 115.8)
(344.9, 357.6, 115.8)
(349.7, 353.4, 117.2)
(353.0, 350.3, 119.0)
(356.0, 348.5, 120.0)
(358.2, 348.9, 119.4)
(358.2, 348.9, 119.4)
(359.6, 350.0, 117.3)
    
(336.5, 0.1, 114.2)
(341.8, 355.2, 117.3)
(341.8, 355.2, 117.3)
(345.9, 350.9, 120.8)
(349.4, 349.7, 121.7)
(353.0, 349.6, 121.3)
(355.7, 349.9, 120.8)
(355.7, 349.9, 120.8)
(357.7, 350.0, 120.4)
(359.0, 349.8, 119.9)
    
(340.0, 4.6, 113.3)
(345.0, 359.8, 115.9)
(350.3, 355.6, 118.3)
(354.9, 353.4, 119.7)
(354.9, 353.4, 119.7)
(357.6, 352.9, 120.1)
(359.4, 353.0, 120.0)
(0.5, 352.9, 119.3)
(1.3, 353.2, 118.4)
(1.3, 353.2, 118.4)
    
(342.1, 358.9, 114.5)
(347.7, 358.2, 113.2)
(353.1, 356.4, 112.8)
(353.1, 356.4, 112.8)
(358.0, 354.0, 113.7)
(1.1, 352.0, 114.5)
(3.3, 350.1, 115.7)
(5.3, 349.9, 116.7)
(5.3, 349.9, 116.7)
(7.4, 350.2, 116.3)
    
(332.1, 358.4, 115.5)
(336.5, 357.0, 118.6)
(339.5, 355.3, 119.3)
(344.9, 352.5, 119.4)
(349.9, 349.8, 119.3)
(349.9, 349.8, 119.3)
(353.6, 348.5, 118.7)
(355.8, 348.8, 118.0)
(356.8, 349.8, 117.4)
(357.5, 350.5, 116.7)
    
(333.8, 4.0, 115.1)
(338.4, 2.8, 116.0)
(341.1, 1.9, 116.5)
(341.1, 1.9, 116.5)
(343.0, 0.7, 116.8)
(346.1, 359.3, 116.9)
(349.9, 358.6, 116.1)
(354.8, 358.4, 114.6)
(357.2, 358.8, 113.5)
(357.2, 358.8, 113.5)
    
(335.4, 5.3, 103.0)
(339.6, 359.9, 110.7)
(339.6, 359.9, 110.7)
(343.2, 356.6, 114.8)
(347.3, 353.8, 116.5)
(352.2, 351.8, 115.2)
(355.8, 350.4, 113.2)
(355.8, 350.4, 113.2)
(357.9, 349.4, 111.9)
(358.7, 348.7, 111.2)
    
(335.4, 359.7, 114.4)
(335.4, 359.7, 114.4)
(341.4, 353.2, 120.9)
(346.8, 350.6, 121.2)
(353.3, 349.2, 118.5)
(356.6, 349.3, 116.4)
(356.6, 349.3, 116.4)
(358.3, 350.0, 115.1)
(359.5, 350.6, 114.2)
(0.7, 351.1, 113.3)
    
(327.9, 6.0, 108.7)
(332.1, 2.5, 110.1)
(337.8, 359.2, 111.9)
(343.5, 356.7, 113.3)
(347.0, 354.4, 114.0)
(347.0, 354.4, 114.0)
(350.3, 352.5, 114.7)
(354.3, 350.7, 115.3)
(357.1, 349.4, 115.3)
(359.3, 348.0, 115.4)
    
(333.5, 1.4, 113.6)
(339.0, 0.4, 113.9)
(343.0, 0.1, 114.8)
(346.2, 359.5, 116.1)
(349.0, 358.3, 117.4)
(349.0, 358.3, 117.4)
(353.1, 356.7, 117.9)
(357.0, 354.8, 117.8)
(0.3, 353.2, 117.2)
(2.6, 352.4, 116.4)
    
(334.7, 1.5, 110.0)
(338.5, 356.3, 112.6)
(342.1, 352.3, 115.4)
(342.1, 352.3, 115.4)
(345.8, 349.5, 117.8)
(348.8, 348.2, 118.3)
(353.9, 346.4, 118.3)
(357.2, 346.3, 117.5)
(357.2, 346.3, 117.5)
(359.8, 346.9, 116.0)
    
(338.7, 5.1, 103.1)
(338.7, 5.1, 103.1)
(342.4, 2.2, 106.9)
(346.7, 357.8, 110.0)
(350.8, 353.6, 111.8)
(354.1, 350.1, 112.2)
(354.1, 350.1, 112.2)
(356.4, 348.5, 111.5)
(358.4, 348.0, 110.4)
(0.4, 347.5, 109.5)
    
(340.4, 355.8, 105.1)
(344.4, 353.7, 107.2)
(347.0, 352.1, 108.1)
(349.4, 352.0, 107.6)
(349.4, 352.0, 107.6)
(351.7, 351.8, 107.2)
(353.9, 350.8, 107.4)
(356.5, 349.3, 107.7)
(359.3, 348.1, 107.9)
(359.3, 348.1, 107.9)
    
(342.3, 5.9, 100.4)
(346.1, 5.3, 99.9)
(349.6, 3.6, 101.1)
(349.6, 3.6, 101.1)
(353.2, 1.2, 103.2)
(355.8, 358.9, 104.6)
(357.6, 356.5, 105.0)
(359.1, 354.3, 104.9)
(359.1, 354.3, 104.9)
(0.4, 352.9, 105.1)
    
(321.0, 10.1, 96.7)
(323.5, 9.0, 96.8)
(326.7, 5.1, 99.2)
(331.1, 0.3, 102.3)
(336.4, 356.4, 105.2)
(336.4, 356.4, 105.2)
(340.1, 354.4, 107.2)
(343.1, 352.7, 107.9)
(344.9, 350.8, 107.5)
(345.5, 348.9, 108.0)
    
(333.9, 4.3, 102.5)
(337.4, 0.0, 105.1)
(342.7, 354.4, 107.7)
(348.0, 350.4, 108.8)
(353.2, 347.0, 109.0)
(353.2, 347.0, 109.0)
(355.7, 344.9, 108.5)
(356.4, 344.1, 108.1)
(356.1, 345.1, 107.4)
(355.9, 347.4, 106.7)
    
(335.9, 4.2, 103.7)
(341.0, 358.3, 106.4)
(347.9, 352.0, 108.7)
(357.5, 347.9, 109.1)
(357.5, 347.9, 109.1)
(2.6, 346.6, 107.5)
(4.0, 345.8, 104.9)
(3.5, 344.5, 103.4)
(3.5, 343.2, 102.5)
(3.5, 343.2, 102.5)
    
(333.6, 356.8, 111.0)
(338.6, 353.4, 111.3)
(338.6, 353.4, 111.3)
(344.0, 350.8, 110.8)
(349.0, 348.3, 109.5)
(352.4, 346.9, 108.4)
(355.9, 344.8, 107.7)
(355.9, 344.8, 107.7)
(358.0, 343.8, 107.5)
(359.5, 343.7, 106.6)
    
(337.8, 4.0, 103.8)
(341.4, 359.9, 105.2)
(345.6, 356.0, 107.0)
(350.6, 352.6, 108.3)
(355.5, 349.9, 108.6)
(355.5, 349.9, 108.6)
(357.9, 348.4, 108.0)
(358.5, 347.7, 107.4)
(358.5, 347.4, 107.1)
(358.7, 346.9, 106.7)
    
(346.0, 358.9, 108.7)
(349.9, 356.3, 109.0)
(354.3, 353.7, 108.6)
(354.3, 353.7, 108.6)
(357.3, 351.9, 108.0)
(359.0, 351.0, 107.2)
(359.9, 350.3, 106.3)
(0.3, 350.3, 105.4)
(0.3, 350.3, 105.4)
(1.0, 350.7, 103.8)
    
(342.6, 356.5, 109.0)
(342.6, 356.5, 109.0)
(347.3, 353.5, 110.3)
(350.8, 350.9, 111.1)
(352.9, 349.9, 110.9)
(354.6, 349.9, 110.0)
(354.6, 349.9, 110.0)
(355.9, 350.2, 108.9)
(356.7, 350.3, 108.1)
(357.3, 349.6, 107.6)
    
(343.5, 358.8, 105.3)
(343.5, 358.8, 105.3)
(348.3, 354.6, 107.1)
(352.9, 351.8, 108.4)
(355.9, 351.3, 108.2)
(357.1, 351.8, 106.8)
(357.1, 351.8, 106.8)
(357.9, 351.7, 105.4)
(358.8, 350.5, 105.0)
(359.4, 349.1, 104.7)
    
(347.8, 357.1, 104.1)
(350.8, 355.7, 105.2)
(354.0, 354.3, 106.2)
(357.3, 353.1, 107.1)
(357.3, 353.1, 107.1)
(359.9, 352.3, 107.8)
(1.2, 351.9, 107.7)
(1.9, 352.0, 107.1)
(2.5, 351.9, 106.5)
(2.5, 351.9, 106.5)
    
(344.0, 357.9, 106.6)
(349.8, 357.2, 108.9)
(349.8, 357.2, 108.9)
(356.0, 357.2, 108.8)
(0.1, 355.1, 107.3)
(1.8, 351.6, 106.7)
(2.3, 348.8, 107.1)
(2.3, 348.8, 107.1)
(3.1, 347.5, 107.8)
(4.0, 346.9, 108.3)
    
(348.2, 5.1, 106.7)
(348.2, 5.1, 106.7)
(352.3, 5.2, 105.3)
(355.1, 1.7, 104.3)
(356.0, 356.4, 104.9)
(356.9, 351.9, 106.8)
(356.9, 351.9, 106.8)
(359.2, 350.4, 107.2)
(1.8, 350.4, 106.2)
(3.6, 350.6, 104.7)
    
(342.2, 2.3, 101.9)
(343.6, 359.9, 103.2)
(345.1, 357.2, 104.4)
(346.7, 354.9, 105.4)
(348.8, 353.6, 106.2)
(348.8, 353.6, 106.2)
(351.1, 352.9, 106.9)
(352.9, 352.4, 107.3)
(354.4, 352.2, 107.2)
(354.4, 352.2, 107.2)
    
(342.4, 358.3, 108.3)
(347.6, 355.6, 109.2)
(347.6, 355.6, 109.2)
(349.9, 354.2, 109.2)
(351.0, 353.1, 108.9)
(352.1, 351.5, 108.4)
(352.8, 351.2, 107.6)
(352.8, 351.2, 107.6)
(353.2, 351.4, 107.0)
(353.7, 351.8, 106.7)
    
(338.6, 356.9, 107.7)
(343.4, 353.2, 108.1)
(343.4, 353.2, 108.1)
(348.1, 349.8, 109.5)
(352.4, 347.5, 110.9)
(355.1, 347.1, 111.3)
(356.1, 348.0, 110.7)
(356.1, 348.0, 110.7)
(356.5, 349.3, 109.4)
(356.8, 351.0, 107.6)
    
(347.4, 359.9, 106.4)
(350.2, 357.0, 107.2)
(350.2, 357.0, 107.2)
(352.1, 354.1, 108.0)
(353.9, 351.1, 108.8)
(356.0, 349.5, 109.3)
(358.2, 348.8, 109.2)
(358.2, 348.8, 109.2)
(359.4, 348.6, 108.7)
(0.4, 348.5, 108.2)
    
(332.4, 2.6, 108.7)
(338.7, 356.9, 109.5)
(338.7, 356.9, 109.5)
(344.5, 352.9, 110.3)
(350.7, 350.3, 111.0)
(355.3, 348.2, 111.3)
(358.2, 345.6, 110.6)
(358.2, 345.6, 110.6)
(0.1, 344.4, 109.3)
(1.3, 344.7, 108.1)
    
(337.8, 358.0, 113.0)
(337.8, 358.0, 113.0)
(342.8, 355.8, 114.2)
(347.8, 351.7, 114.3)
(351.4, 347.5, 113.6)
(354.1, 345.0, 112.4)
(354.1, 345.0, 112.4)
(356.6, 343.5, 110.6)
(358.9, 343.1, 109.5)
(1.1, 343.1, 108.4)
    
(338.5, 359.3, 111.4)
(338.5, 359.3, 111.4)
(344.3, 355.4, 113.7)
(349.8, 353.3, 114.7)
(354.6, 351.7, 114.4)
(358.1, 349.8, 113.1)
(358.1, 349.8, 113.1)
(1.0, 347.5, 111.1)
(2.8, 346.1, 109.4)
(3.5, 345.4, 108.3)
    
(330.9, 1.3, 106.8)
(337.3, 358.3, 106.8)
(342.5, 355.6, 107.7)
(346.5, 352.7, 108.9)
(346.5, 352.7, 108.9)
(349.5, 348.9, 110.8)
(352.9, 345.2, 112.7)
(356.2, 342.6, 113.4)
(356.2, 342.6, 113.4)
(358.7, 342.0, 112.6)
    
(342.1, 3.2, 106.0)
(346.4, 359.4, 108.5)
(350.5, 354.8, 110.8)
(356.6, 349.0, 112.9)
(0.7, 345.9, 113.1)
(0.7, 345.9, 113.1)
(3.8, 344.4, 112.3)
(5.3, 344.9, 111.1)
(6.4, 345.6, 109.8)
(7.0, 345.5, 109.4)
    
(345.5, 6.6, 95.8)
(349.3, 5.4, 97.3)
(352.6, 2.2, 99.1)
(352.6, 2.2, 99.1)
(355.3, 357.3, 100.5)
(357.9, 352.1, 102.0)
(0.6, 350.0, 102.0)
(3.2, 348.9, 101.3)
(3.2, 348.9, 101.3)
(5.4, 347.7, 100.7)
    
(349.5, 358.6, 105.7)
(354.2, 357.0, 106.4)
(357.0, 355.3, 106.9)
(357.0, 355.3, 106.9)
(359.6, 353.9, 107.1)
(1.8, 353.8, 106.4)
(4.0, 354.6, 105.4)
(5.7, 354.9, 104.8)
(6.4, 354.1, 104.6)
(6.4, 354.1, 104.6)
    
(326.5, 5.8, 106.8)
(331.6, 2.3, 108.1)
(337.7, 358.3, 109.5)
(344.7, 355.4, 110.3)
(349.3, 353.1, 110.5)
(349.3, 353.1, 110.5)
(353.0, 350.0, 110.5)
(355.5, 347.2, 110.4)
(357.0, 344.8, 110.2)
(357.7, 343.3, 109.9)
    
(326.5, 1.5, 107.3)
(331.0, 356.6, 108.7)
(338.9, 351.6, 110.4)
(350.4, 350.0, 111.1)
(350.4, 350.0, 111.1)
(358.6, 349.9, 110.7)
(360.0, 348.4, 109.2)
(359.0, 347.0, 107.2)
(358.1, 346.9, 105.8)
(358.1, 346.9, 105.8)
    
(340.4, 347.7, 123.2)
(342.9, 351.4, 119.7)
(342.9, 351.4, 119.7)
(349.2, 352.0, 117.7)
(349.2, 352.0, 117.7)
(352.7, 348.2, 118.0)
(358.6, 344.5, 117.9)
(3.2, 343.8, 116.0)
(3.2, 343.8, 116.0)
(4.2, 345.3, 113.2)
    
(330.8, 5.0, 107.9)
(337.8, 2.9, 108.6)
(337.8, 2.9, 108.6)
(344.6, 0.6, 109.3)
(349.4, 357.7, 110.1)
(352.0, 353.9, 110.9)
(354.8, 350.0, 111.9)
(354.8, 350.0, 111.9)
(358.1, 347.7, 112.2)
(0.9, 347.2, 111.8)
    
(334.1, 6.8, 113.6)
(338.8, 7.1, 112.7)
(341.7, 3.9, 113.6)
(344.9, 358.4, 114.7)
(350.6, 353.0, 115.6)
(350.6, 353.0, 115.6)
(357.6, 348.6, 116.8)
(2.6, 347.5, 116.5)
(6.3, 347.4, 115.5)
(7.4, 347.1, 114.4)
    
(335.0, 10.9, 112.4)
(338.4, 358.5, 114.1)
(342.5, 345.6, 116.3)
(356.4, 333.7, 119.1)
(356.4, 333.7, 119.1)
(7.3, 330.4, 117.8)
(11.5, 330.8, 115.9)
(11.8, 332.5, 114.6)
(11.8, 334.4, 113.4)
(11.8, 334.4, 113.4)
    
(333.5, 359.4, 118.9)
(342.8, 353.6, 118.6)
(342.8, 353.6, 118.6)
(350.6, 349.7, 117.7)
(0.1, 345.3, 117.5)
(3.5, 344.6, 116.8)
(5.2, 344.6, 115.5)
(5.2, 344.6, 115.5)
(6.0, 345.3, 114.1)
(6.5, 346.1, 113.2)
    
(336.2, 353.2, 120.1)
(343.2, 352.8, 119.5)
(348.8, 350.4, 119.0)
(353.2, 346.4, 118.8)
(356.1, 343.0, 118.3)
(356.1, 343.0, 118.3)
(358.3, 341.5, 117.8)
(0.7, 341.5, 117.1)
(2.4, 342.3, 115.6)
(3.6, 342.8, 114.0)
    
(324.5, 351.4, 130.0)
(332.3, 348.1, 130.3)
(343.0, 345.2, 129.6)
(350.2, 342.4, 127.4)
(350.2, 342.4, 127.4)
(355.7, 339.8, 124.6)
(359.4, 339.5, 121.4)
(1.0, 341.5, 118.2)
(2.0, 343.6, 115.3)
(2.0, 343.6, 115.3)
    
(332.2, 356.5, 122.7)
(338.3, 353.1, 122.0)
(345.4, 350.0, 121.3)
(345.4, 350.0, 121.3)
(351.4, 348.7, 121.1)
(354.9, 347.6, 120.6)
(358.0, 345.4, 119.9)
(359.6, 344.2, 118.8)
(359.6, 344.2, 118.8)
(1.1, 344.4, 117.4)
    
(341.1, 350.9, 123.4)
(346.4, 347.8, 124.6)
(351.7, 346.2, 125.9)
(357.1, 346.6, 125.5)
(1.0, 347.5, 123.3)
(1.0, 347.5, 123.3)
(2.6, 347.7, 120.5)
(3.7, 347.8, 117.7)
(4.5, 347.5, 116.4)
(5.3, 346.7, 115.7)
    
(338.2, 358.0, 122.3)
(343.2, 357.5, 123.5)
(349.0, 357.6, 123.0)
(349.0, 357.6, 123.0)
(353.8, 356.5, 121.5)
(358.5, 354.7, 119.6)
(2.2, 353.6, 118.2)
(4.8, 354.0, 117.0)
(4.8, 354.0, 117.0)
(6.2, 355.1, 115.9)
    
(344.9, 358.0, 121.3)
(349.9, 355.8, 120.6)
(349.9, 355.8, 120.6)
(353.1, 353.0, 120.1)
(354.8, 350.3, 120.1)
(357.1, 348.0, 121.0)
(358.9, 347.6, 121.5)
(358.9, 347.6, 121.5)
(0.3, 347.8, 121.6)
(1.0, 348.7, 120.9)
    
(336.2, 356.7, 120.9)
(340.8, 357.7, 119.3)
(347.4, 357.6, 118.3)
(355.2, 356.1, 117.8)
(355.2, 356.1, 117.8)
(359.5, 353.2, 117.9)
(3.2, 349.6, 118.2)
(4.7, 347.5, 117.7)
(5.9, 347.0, 117.0)
(5.9, 347.0, 117.0)
    
(345.4, 353.9, 123.2)
(351.8, 352.5, 122.6)
(351.8, 352.5, 122.6)
(354.6, 351.2, 121.6)
(355.9, 348.9, 121.3)
(358.0, 347.0, 121.3)
(0.2, 346.2, 121.1)
(0.2, 346.2, 121.1)
(2.6, 345.5, 120.6)
(4.5, 345.3, 119.5)
    
/n
