    
    
    
    
    
    
    
    
    
0.2949946
0.3072776
0.2881688
0.2592939
0
0.2397266
0.2310213
0.1937881
0.1576783
    
0.4374287
0.3850076
0.3439275
0.3027504
0.2824218
0.2321936
0.1905364
0
0.1458226
    
0.2755771
0.2778403
0.2582691
0.2533678
0
0.2366832
0.233124
0.2096669
0.1817404
    
0.323727
0.2927718
0.2718791
0
0.2468324
0.2264575
0.1750819
0.1457871
0.1308889
    
0.3439203
0.3401343
0.3454459
0.3086966
0.2669715
0
0.2173684
0.1850247
0.1397283
    
0.3178239
0.3206333
0.3152259
0.3082751
0.3090365
0.2856628
0.2560779
0
0.1988058
    
0.3171965
0.3198433
0.3174183
0.3197746
0.2772848
0.2346881
0
0.204596
0.1875468
    
0.3426409
0.3526268
0.3334847
0.312901
0
0.2758469
0.2496555
0.2024453
0.1724141
    
0.3942814
0.3657362
0.3298005
0.2783781
0.2396857
0.1953163
0.1783715
0
0.1616217
    
0.2858715
0.2723687
0.2652636
0.2705204
0.2532361
0.2328405
0
0.2028428
0.1729496
    
0.3254252
0.3188286
0.3089851
0.3052589
0.2640632
0
0.2321222
0.2116633
0.1690102
    
0.3794478
0.3754546
0.2988741
0.2809915
0.2234175
0.1917786
0.1749233
0.1485577
0
    
0.4697134
0.4443452
0.3408422
0
0.2646126
0.2134213
0.1891016
0.15549
0.1336396
    
0.3797513
0.3662296
0.3408902
0.3173566
0.296923
0.2173449
0
0.1774887
0.1596458
    
0.3548284
0.3446228
0.3329102
0.3278735
0.315717
0.2423689
0.1968782
0
0.1623285
    
0.3400911
0.3661439
0.3434396
0.3058594
0.2587055
0.2294138
0.1834239
0
0.1553596
    
0.3314328
0.3311031
0.3190351
0.3013403
0.2718688
0.2507029
0.2062177
0.1720007
0
    
0.3385215
0.3453874
0.3375247
0.3152475
0.3026392
0.2527724
0.2069184
0.1635592
0.1335987
    
0.3090075
0
0.3092456
0.2851669
0.270371
0.2422836
0.2224154
0.1787533
0.1531409
    
0.3083816
0.2915449
0.2831617
0.2715479
0
0.260863
0.2137858
0.1842532
0.1687589
    
0.3247169
0.3201015
0.3169437
0
0.2830531
0.2560848
0.2255278
0.1745169
0.1429952
    
0.3415734
0.3204273
0.3073754
0.2740908
0.2441369
0.217609
0.1943634
0
0.1589159
    
0.3980733
0.3725798
0.3188626
0.238452
0.1972296
0.1729507
0.1640659
0
0.1453745
    
0.342544
0.3338872
0.2857112
0.2476911
0
0.2328819
0.1970438
0.1584713
0.1424566
    
0.3466053
0.3418515
0.3068964
0.2756712
0.2545173
0.2447476
0.2072898
0.1707738
0.1417679
    
0.336084
0.3355502
0.3107069
0.2868257
0.259439
0.2032695
0.1765
0.1587894
0.1436686
    
0.3479248
0
0.342144
0.2846178
0.2395538
0.221581
0.1939501
0.1761447
0.1555306
    
0.3739035
0.3824494
0.37513
0
0.3450258
0.2603301
0.2186537
0.1960456
0.1793685
    
0.3253821
0.3024562
0.2874056
0.2835997
0
0.290162
0.2606604
0.2266021
0.1895036
    
0.3928473
0.3553118
0.3092026
0.2731428
0
0.2406512
0.1998804
0.1715387
0.1521264
    
0.3489874
0.3580798
0.3529198
0
0.3124381
0.2684389
0.2217642
0.1920145
0.1450959
    
0
0.3514446
0.3720434
0.3386443
0.293817
0.2407285
0.2026031
0.1589203
0.1357851
    
0.3791544
0.3992977
0.3568572
0.3208426
0.2691527
0
0.2296344
0.1724032
0.135083
    
0.397192
0.3832541
0.3496973
0.2936596
0
0.2620235
0.1922446
0.155801
0.1317168
    
0.3785172
0.3577635
0.3358829
0.3086647
0.2457917
0.1993791
0
0.1753969
0.1424308
    
0.3724557
0.3509403
0.2963571
0.2667072
0.2456076
0.2397891
0.2090313
0.179347
0
    
0.3278186
0.3050613
0.2830068
0.2573372
0.2138581
0.1913627
0.1748903
0
0.1663047
    
0
0.324704
0.3184544
0.2918328
0.2707995
0.2475208
0.2279192
0.1849698
0.1576801
    
0.3703581
0.3432974
0.3109856
0
0.2768507
0.2485331
0.212499
0.1859651
0.1658653
    
0.3930267
0.360969
0.3360505
0
0.2918745
0.2641371
0.2003337
0.1629024
0.1485806
    
0.3487446
0.3374184
0
0.3409426
0.3109417
0.2807893
0.2443391
0.2145127
0.1719307
    
0.4113325
0.397908
0.3739843
0.3022898
0.2534874
0
0.2235366
0.2032812
0.1615589
    
0.3547137
0.3374366
0.302745
0.2898084
0
0.2764515
0.2473625
0.1844202
0.1452607
    
0.2821142
0.2755603
0.2706291
0.2822151
0
0.2766471
0.2691905
0.2230508
0.1929289
    
0.3224423
0.3151896
0.297087
0.2897012
0.2699876
0.2178917
0
0.2007628
0.1845307
    
0.358501
0.3500407
0.3305138
0.3163401
0.2781409
0.2496087
0
0.2088285
0.1819504
    
0.3125391
0.3286331
0.3192102
0.3013407
0.2662421
0.2325163
0.1795757
0.1512108
0
    
0.3878104
0.3465197
0.3085406
0.2740208
0.248851
0.1998953
0.1703082
0
0.1421023
    
0.3522841
0
0.3517294
0.3242649
0.2826
0.206148
0.1648643
0.1509218
0.1343188
    
0.4035277
0.4017562
0.3605612
0.3208102
0.2693032
0.2332117
0.1791536
0.1507241
0
    
0.3201809
0.3214287
0
0.3016071
0.2741791
0.2344108
0.208956
0.1894837
0.1765633
    
0.2666079
0.2569079
0.2526762
0.2389167
0.2231629
0.2050655
0.1678729
0
0.1440958
    
0.1875292
0.1885011
0.1804346
0.1774568
0.1692494
0.1408017
0
0.1212415
0.109433
    
0.3500077
0.3184302
0.2852607
0.2487211
0
0.2254645
0.2073756
0.1701999
0.1459074
    
0.3024662
0.2980654
0.2973746
0.2780412
0.2534376
0
0.2213512
0.1964632
0.1724378
    
0.3477476
0.3540823
0.3543836
0.3009641
0
0.2495773
0.2018478
0.1733283
0.1435488
    
0.3901008
0.3817542
0.3345342
0
0.296993
0.2517399
0.2214394
0.168699
0.1359105
    
0.3815796
0.3629109
0.3176295
0
0.2855111
0.2572408
0.241575
0.2063616
0.1803409
    
0.357412
0.3432975
0.3256756
0.2667958
0.2256658
0
0.1944828
0.1784632
0.1475453
    
0.4049761
0.3988927
0.3648525
0.3301355
0.2662078
0
0.233446
0.2039681
0.1947443
    
0.3724325
0.3566529
0.3282907
0.3139085
0.2628548
0
0.2185057
0.1718233
0.1377826
    
0
0.3526739
0.3251943
0.3044187
0.254761
0.2215469
0.1918754
0.1759358
0.1452726
    
0
0.3460938
0.3251845
0.3240988
0.2762642
0.2328149
0.1925902
0.1583432
0.1390042
    
0
0.3682349
0.3321076
0.2880829
0.2493032
0.2025916
0.1909799
0.1595393
0.1346901
    
0.3504228
0
0.359273
0.3488989
0.3180979
0.288878
0.2318024
0.1964287
0.1694331
    
0.3705605
0.3378357
0
0.3078924
0.3001581
0.2593951
0.2270965
0.1849609
0.1539588
    
0.3706355
0.3626268
0.3384876
0.3249482
0
0.2564574
0.2049764
0.1682453
0.1489466
    
0.4075096
0.3858413
0.3549083
0.3267603
0.2436779
0
0.1938238
0.1623042
0.1481132
    
0.4090518
0.3952919
0.3369896
0.2862165
0.2298164
0.1893711
0
0.1387601
0.1241953
    
0.4270719
0.4099456
0.3685348
0.2960075
0.2361162
0.1744989
0
0.1499526
0.1342891
    
0.3233683
0.3229932
0.2882705
0.2609105
0.2268902
0.2041466
0.1694266
0
0.155652
    
0.3099681
0.2867311
0.2757656
0.2649069
0.2657199
0.2407684
0
0.2164681
0.1847793
    
0.3470485
0.3480311
0.3621959
0.3381158
0.3038575
0.2528035
0.2094434
0.1516213
0
    
0
0.3442282
0.3188356
0.2853509
0.2472353
0.1936915
0.1621301
0.1546384
0
    
0.3698128
0.3699284
0.3425967
0
0.3137637
0.270909
0.2445056
0.1807678
0.1403255
    
0.3205341
0.3204901
0.3163542
0
0.2780563
0.2418591
0.2022399
0.1775446
0.1445535
    
0.3349641
0.3222899
0.2997655
0.2895935
0.2501288
0
0.2164958
0.1822491
0.1634593
    
0.3988938
0.3925688
0
0.3257068
0.2782205
0.2372541
0.212759
0.1771233
0.1538222
    
0.3445766
0.3710907
0.3548287
0.3238948
0.2946986
0.2199455
0
0.1756188
0.1431175
    
0.3426147
0.338134
0.3070682
0.2805394
0.246925
0.2094745
0
0.183143
0.1499186
    
0.3268923
0.3153423
0.3088732
0.3168582
0.2876083
0.247289
0.2308616
0.1572165
0
    
0.3491794
0.3522042
0
0.319814
0.2948394
0.2621889
0.2564135
0.1933159
0.1715582
    
0.3831937
0.3641635
0.3337736
0.297994
0.2393481
0.1976715
0.1573339
0.1462165
0
    
0.3381546
0
0.3260663
0.3063427
0.2912013
0.2444838
0.2092703
0.175181
0.1535768
    
0.3618976
0
0.3471583
0.3348141
0.3115004
0.2779194
0.2025085
0.1547046
0.1188395
    
0.3617498
0.3484713
0
0.3345709
0.2947327
0.2574304
0.2328648
0.1854778
0.1543554
    
0.3585666
0.3489605
0.3243996
0
0.300327
0.2424221
0.2040371
0.1779897
0.1484124
    
0.3181333
0.3213296
0
0.2856431
0.2629211
0.2377044
0.2238256
0.1866087
0.1568177
    
0.342168
0.3297138
0.3045128
0
0.2871968
0.2393081
0.2031547
0.1702789
0.1507038
    
0.3893362
0.3821346
0.363468
0
0.3079027
0.2655137
0.238419
0.1974888
0.1558873
    
0.3609882
0.3524074
0.333822
0
0.2824925
0.2496556
0.2140101
0.1881675
0.1459896
    
0.324328
0.3138337
0.3050402
0.2837868
0
0.2581406
0.214407
0.1823061
0.1574317
    
0.3702657
0.3734439
0.3304015
0.2957514
0
0.2628693
0.2349066
0.1808993
0.1495656
    
0.3771766
0.3725946
0.3698511
0.3276118
0.2885316
0
0.2496134
0.2217528
0.1739006
    
0.3936369
0.3861809
0.3653222
0
0.3376847
0.2638989
0.2430477
0.192495
0.164065
    
0.4009257
0.3826873
0.3526654
0.3068241
0.2454646
0
0.1981757
0.1675019
0.1323905
    
0.3399454
0.3389742
0.3292361
0.3210022
0.2641789
0.2246323
0
0.1946775
0.1779308
    
0.3475075
0.3102437
0.286838
0.2666526
0.2181728
0.1833884
0
0.1506349
0.1252324
    
0.3297581
0.3112723
0.2786431
0.2633583
0.2379473
0.2219477
0
0.199119
0.1765037
    
/n
0.3433231
0.3371309
0.3126923
0.2889516
0
0.2333989
0.1947951
0.1611373
0.1468736
    
0.3325299
0.3342102
0
0.320234
0.2950871
0.2381526
0.208706
0.1846881
0.1721442
    
0.3474729
0.3158533
0.2798977
0.245604
0
0.2292475
0.204978
0.1792538
0.1548897
    
0.3192162
0.2955544
0
0.2729408
0.2625466
0.2224217
0.1871752
0.1481148
0.1313836
    
0.370949
0.3493304
0
0.3297086
0.2666098
0.2216013
0.1883494
0.1746342
0.1375359
    
0
0.2843164
0.2762904
0.2504851
0.2324512
0.218229
0.1896998
0.1659844
0.1622183
    
0.3234937
0.3128463
0.2914942
0.2596212
0.2327003
0.1934135
0.1698186
0
0.1510979
    
0.3991534
0
0.3843195
0.3691888
0.2815861
0.2310173
0.1842055
0.1568588
0.1233829
    
0.3560887
0.3558781
0.3202124
0.2931165
0.265337
0.2413023
0.201893
0.1768428
0.1634459
    
0.3663618
0.3521802
0.3300506
0.2959817
0.265402
0.2131655
0.1862262
0
0.169781
    
0.3102425
0.3006914
0.2644769
0.2409397
0.2232315
0.2048491
0.1623315
0.1341775
0.1156014
    
0.2955491
0
0.3003941
0.2724929
0.2436385
0.2023082
0.1820346
0.1491551
0.1209912
    
0.3429711
0
0.3166709
0.286705
0.2314184
0.2132981
0.1952231
0.18252
0.1472275
    
0.3548764
0.3629726
0
0.3788851
0.3340175
0.2873601
0.2314404
0.1918459
0.1480046
    
0.3594963
0.3176456
0.2871135
0.2599005
0.2433332
0.2015077
0.1696631
0.1407109
0
    
0.2871518
0.2791764
0
0.2628659
0.2544541
0.2255944
0.2005873
0.1737336
0.1535748
    
0.3483472
0.3169292
0.2747974
0
0.243527
0.2274697
0.1886473
0.1570318
0.1362082
    
0.3571189
0.346647
0.2853943
0.2424192
0
0.2087525
0.1886597
0.1580746
0.1421568
    
0.3426976
0.3277662
0.2868533
0
0.2581326
0.2013372
0.1705204
0.1391651
0.1206181
    
0.3321756
0.3181538
0.3101914
0.2794296
0.2525963
0
0.224735
0.1955044
0.1562311
    
0.3545175
0.3365001
0.3165095
0.2610441
0.2252906
0
0.1973599
0.2096999
0.1290983
    
0.371997
0.3564928
0
0.3183899
0.2998228
0.2504674
0.214764
0.1859202
0.1644777
    
0.3071226
0
0.2960626
0.2779103
0.2335771
0.2083853
0.1940933
0.1812618
0.151828
    
0.3171011
0.3131764
0.2989909
0.2884815
0.244119
0.2172241
0
0.1891953
0.1670719
    
0.3460134
0
0.3084044
0.282661
0.2379981
0.2080372
0.1867453
0.1756855
0.1496613
    
0.3681321
0
0.359312
0.317418
0.2757672
0.2388542
0.2063145
0.164091
0.1366556
    
0.3810833
0.3505846
0.3144636
0.2737639
0.2159969
0.1815951
0.1613225
0.1463889
0.1383762
    
0.3769189
0
0.3749832
0.3377858
0.3044589
0.2607231
0.2298118
0.1769247
0.1422432
    
0.3935513
0
0.3693462
0.3386672
0.300839
0.2682861
0.2176544
0.1860882
0.1596607
    
0.3450029
0.3360068
0.3250814
0
0.3214573
0.2793734
0.2324649
0.187795
0.1593611
    
0.3629378
0
0.370218
0.3258171
0.2904971
0.2493466
0.226566
0.1892155
0.1646139
    
0.4088479
0.3916881
0.3738942
0.3058918
0.2582368
0.2215396
0
0.1949464
0.1575884
    
0.3559791
0.3413156
0.3025762
0.276195
0.2441335
0
0.2208473
0.192758
0.1587843
    
0.3066978
0.3093596
0.3052826
0.2795417
0.2583692
0.2374972
0
0.2211875
0.1910419
    
0
0.2985883
0.2890927
0.280792
0.2693765
0.2228591
0.1955601
0.170648
0
    
0
0.3201913
0.3251449
0.2992411
0.2682254
0.2466529
0.2085094
0.1836877
0.1580167
    
0.3641232
0.3403116
0.3131983
0.2839913
0.2667615
0.2222302
0.1889155
0
0.1642103
    
0.3169306
0.3144339
0.297566
0.2581839
0.239287
0.1950169
0.1683201
0.1472801
0
    
0.3122666
0.3108961
0.303743
0.2825995
0.2595197
0.2138672
0.1843073
0.1624983
0
    
0.3397589
0.3192389
0.3062989
0.2883819
0.2597987
0.2018373
0.1666533
0.1395971
0
    
0
0.319708
0.3016062
0.2821455
0.2621276
0.2479726
0.2045617
0.172855
0
    
0.33107
0.3338986
0.2961023
0.257595
0.2254665
0.2116327
0.1827895
0.1598147
0.1377741
    
0.291885
0.275851
0
0.2554197
0.2437481
0.2158937
0.1964801
0.1745965
0.1577914
    
0.3006815
0.2830161
0.2695985
0.2410122
0.2204247
0.2013324
0
0.1850905
0.1495957
    
0.3144461
0.2983501
0.2913325
0.2476329
0.213264
0.1818472
0
0.1577273
0.127975
    
0.3252915
0.3198493
0.2827773
0.2457115
0.2197407
0.1872185
0.169554
0.155086
0
    
0.3532531
0.3339752
0.3108488
0.2736399
0
0.244223
0.1868671
0.1458821
0.119236
    
0.353945
0.3336188
0.3041638
0
0.2856681
0.2392161
0.2011347
0.1690772
0.1487273
    
0.3625864
0.3567656
0
0.3229969
0.2990651
0.2513669
0.2169668
0.1805967
0.1580548
    
0
0.341229
0.3295072
0.2781799
0.2491992
0.223479
0.1932754
0.1748934
0.1590611
    
0.3307361
0
0.327345
0.3267812
0.2860018
0.2571562
0.2289389
0.2018653
0.1652155
    
0.361264
0
0.3559341
0.3410174
0.2798123
0.2577707
0.1999667
0.1852241
0.1526738
    
0.3416541
0
0.3487749
0.3482548
0.2942875
0.2499355
0.2093875
0.1783436
0.1647371
    
0.4007006
0
0.3817178
0.3682718
0.3078372
0.2532369
0.1979892
0.1608147
0.124239
    
0.347314
0
0.3479459
0.3533155
0.2902235
0.2553259
0.2332584
0.2137055
0.1753741
    
0
0.3508022
0.3594008
0.3167515
0.291073
0.2590148
0.2407345
0.1510824
0.1244513
    
0.3237925
0.3130381
0.2923758
0.2618942
0.23783
0.2002448
0.1727683
0
0.1476532
    
0
0.2840647
0.2793823
0.247306
0.2278128
0.2077574
0.1892678
0.154697
0.1352676
    
0.3204115
0.2979652
0.2752975
0.2389744
0.2130758
0.1771387
0.1595231
0.141712
0
    
0.307105
0.2967192
0
0.2913691
0.249226
0.2249651
0.1925894
0.1774047
0.1494075
    
0.2982675
0.2782116
0.2683246
0
0.2597926
0.2496192
0.2050066
0.1736373
0.1508285
    
0.3250003
0.3253307
0.2780216
0.24108
0
0.2123111
0.2008971
0.1589932
0.13064
    
0.3002268
0.2805097
0.27043
0
0.2474431
0.2305787
0.1918047
0.169255
0.1503595
    
0.3477149
0.333643
0.3125222
0.307343
0.2688937
0.2282292
0
0.1830735
0.1613669
    
0.3088425
0.2804944
0.2580894
0.2342144
0.2280703
0.1895614
0.1673204
0
0.1404738
    
0.3048993
0.2838468
0.2513647
0.2281347
0.2132285
0.1969248
0.1677083
0.1450426
0
    
0.293968
0.3093612
0.2884249
0.2599347
0.2300004
0.177603
0.1488166
0
0.1294096
    
0
0.3013304
0.2873171
0.2756278
0.2279922
0.1870347
0.1639984
0.1349916
0.1184534
    
0.3394758
0.3332687
0.2988696
0.2619242
0.2315781
0.2075633
0.1730077
0.1657144
0
    
0.3127035
0
0.3022576
0.2744706
0.2467441
0.2043156
0.1795679
0.1601271
0.1494998
    
0.2574019
0.2449522
0.2325336
0
0.2216527
0.2208654
0.1934458
0.1720854
0.1482566
    
0.3160589
0.3019037
0.2793422
0.2708671
0.2389772
0
0.2119055
0.1860651
0.1695299
    
0.3239383
0.2903887
0.2675658
0.2225805
0
0.1939053
0.1731903
0.1638634
0.141852
    
0.2662245
0.2599564
0.242112
0.2300885
0.2129294
0.2092905
0.1859521
0
0.1702622
    
0.3686819
0.3062927
0.2670689
0.2376192
0.2229101
0.199838
0
0.1814607
0.160182
    
0.4829193
0.4059187
0.3705137
0.329695
0.3065414
0.2469683
0
0.2024572
0.1698047
    
0
0.4397503
0.4012058
0.3588838
0.2726273
0.2169407
0.1710954
0.1465181
0.1153853
    
0.4458205
0
0.4343136
0.3889794
0.3378721
0.2534912
0.2012597
0.152773
0.1294502
    
0.3986882
0.3628062
0.2923681
0.2584163
0
0.2334525
0.2173702
0.1815658
0.1594177
    
0.4543388
0.4132177
0
0.3550735
0.2823519
0.2364482
0.1855543
0.1595261
0.1370038
    
0.4487102
0.410455
0.3678053
0.3244529
0.2375537
0
0.1857769
0.151002
0.1410848
    
0.4070594
0.3551857
0.3223901
0.288711
0.2660123
0
0.2167491
0.1859203
0.1570779
    
0.4406929
0.3721886
0.3056403
0.2500571
0.2298865
0.1933383
0
0.1704565
0.1471431
    
0.3630751
0.3425202
0.310722
0.2927677
0
0.2397678
0.2051349
0.1767218
0.1624547
    
0.3676215
0.3446762
0.3247163
0.2717815
0.2296946
0.1927423
0.1699643
0.1403065
0
    
0
0.3675147
0.3190325
0.2894119
0.2447414
0.2500668
0.2057404
0.1711144
0.130149
    
0.3158634
0.306592
0.2664393
0
0.2392227
0.2180119
0.2099478
0.1793263
0.1555605
    
0.2969763
0.2904464
0.2780143
0.2793329
0
0.2519516
0.234511
0.188682
0.1603602
    
0.291318
0.2873702
0.2570816
0
0.2358267
0.2102294
0.1920357
0.1622755
0.1454683
    
0.2929437
0.2843212
0.2630547
0.242439
0
0.2025618
0.1754074
0.1605168
0.1335686
    
0.2928722
0.2802026
0.270229
0
0.2351632
0.210923
0.1970071
0.1694167
0.1498071
    
0.2619708
0.2534077
0.244193
0
0.2143021
0.1952778
0.1731204
0.1643855
0.1484044
    
0.2930235
0.2893043
0
0.258153
0.2395415
0.2263178
0.2209741
0.1934103
0.1652824
    
0
0.2358443
0.2306305
0.2221048
0.2143659
0.1889907
0.1699537
0.1548405
0.1482745
    
0.2886136
0
0.2682182
0.2391827
0.2095494
0.1743931
0.1543738
0.1446304
0.1423887
    
0.2937794
0.2739664
0
0.2234424
0.1952105
0.1787271
0.1757145
0.1553731
0.13933
    
0.3026344
0.2802545
0.258966
0.2374378
0.2182529
0
0.1817745
0.1557143
0.1333303
    
0.2808216
0.2740802
0.2495676
0.2187973
0.1910267
0.1714892
0
0.1450918
0.1255306
    
0.3103636
0.2868643
0.2519422
0.2137165
0
0.1919193
0.1795892
0.1734503
0.1499843
    
0.2766597
0.2687758
0.2716327
0.2650945
0.2208616
0.1868005
0.1653036
0.1550856
0
    
/n
