    
    
    
    
    
    
    
    
    
(33.6, 168.8, 51.3)
(30.7, 180.7, 57.0)
(27.5, 192.6, 62.4)
(22.2, 203.4, 65.9)
(13.4, 212.4, 66.7)
(13.4, 212.4, 66.7)
(7.0, 218.8, 68.4)
(4.0, 223.4, 71.9)
(3.4, 226.8, 75.9)
(2.3, 228.8, 78.7)
    
(353.4, 183.5, 47.8)
(0.7, 197.1, 56.7)
(3.2, 209.9, 64.3)
(3.4, 220.4, 70.2)
(2.9, 228.6, 74.2)
(359.6, 236.4, 77.6)
(357.0, 241.6, 79.1)
(355.6, 245.1, 78.8)
(355.6, 245.1, 78.8)
(354.6, 246.3, 76.0)
    
(30.7, 172.4, 59.8)
(26.3, 185.5, 63.4)
(20.2, 197.4, 65.1)
(10.6, 205.6, 66.8)
(2.0, 211.2, 70.3)
(2.0, 211.2, 70.3)
(0.5, 214.1, 73.4)
(2.9, 218.1, 76.7)
(5.5, 223.7, 80.2)
(5.3, 228.3, 82.7)
    
(31.3, 175.2, 68.7)
(28.0, 190.3, 73.6)
(19.7, 203.2, 74.5)
(12.8, 213.1, 74.3)
(12.8, 213.1, 74.3)
(8.9, 220.1, 75.0)
(5.5, 224.9, 76.1)
(2.9, 226.4, 76.7)
(1.8, 227.6, 76.8)
(2.9, 229.3, 77.8)
    
(20.0, 174.1, 59.0)
(18.7, 189.2, 60.0)
(15.6, 203.9, 61.6)
(11.1, 217.8, 65.0)
(7.6, 226.2, 69.8)
(4.8, 231.1, 74.3)
(4.8, 231.1, 74.3)
(1.4, 233.8, 76.7)
(357.8, 236.0, 77.2)
(356.1, 237.4, 75.9)
    
(20.3, 169.7, 62.2)
(16.6, 182.5, 64.6)
(12.4, 194.9, 64.7)
(3.9, 205.8, 64.2)
(359.4, 212.0, 68.4)
(1.0, 217.7, 76.0)
(3.3, 225.1, 82.9)
(3.2, 232.6, 85.4)
(3.2, 232.6, 85.4)
(0.7, 237.6, 82.9)
    
(7.2, 172.9, 58.8)
(4.6, 184.5, 59.8)
(0.8, 197.7, 60.2)
(0.0, 208.2, 63.1)
(0.7, 216.5, 70.0)
(359.7, 222.8, 75.4)
(358.2, 227.4, 76.9)
(358.2, 227.4, 76.9)
(357.4, 231.2, 76.3)
(356.3, 235.0, 74.4)
    
(13.7, 171.9, 59.6)
(12.7, 186.2, 61.6)
(8.4, 202.1, 63.4)
(4.6, 213.2, 68.6)
(2.7, 221.6, 75.0)
(2.7, 221.6, 75.0)
(2.7, 227.8, 79.6)
(3.1, 234.0, 81.4)
(1.8, 239.5, 79.1)
(359.6, 244.2, 76.1)
    
(349.3, 180.5, 51.7)
(0.3, 191.8, 58.1)
(9.0, 203.5, 65.1)
(13.6, 214.5, 71.6)
(13.2, 223.1, 74.8)
(7.4, 229.6, 74.8)
(2.2, 233.1, 74.0)
(359.3, 236.5, 73.4)
(359.3, 236.5, 73.4)
(359.1, 239.4, 72.6)
    
(29.1, 173.4, 56.7)
(29.1, 183.5, 61.6)
(25.4, 192.5, 65.4)
(21.0, 201.1, 68.1)
(16.8, 210.3, 70.6)
(14.1, 218.5, 73.7)
(12.3, 225.1, 77.7)
(12.3, 225.1, 77.7)
(12.4, 229.0, 81.3)
(12.9, 231.3, 83.9)
    
(11.3, 178.4, 58.6)
(15.8, 188.0, 64.3)
(15.1, 199.3, 68.0)
(12.7, 209.8, 71.2)
(9.9, 219.5, 74.0)
(7.9, 226.2, 76.2)
(7.9, 226.2, 76.2)
(7.2, 230.9, 77.7)
(6.6, 235.2, 77.8)
(5.7, 238.0, 75.8)
    
(3.0, 181.1, 52.9)
(12.6, 191.8, 61.3)
(18.7, 206.1, 70.3)
(19.0, 216.5, 74.8)
(16.2, 225.5, 76.6)
(12.2, 230.2, 75.8)
(7.7, 232.9, 75.1)
(4.0, 234.7, 74.3)
(2.8, 236.2, 73.2)
(2.8, 236.2, 73.2)
    
(359.7, 178.5, 47.8)
(5.0, 197.6, 58.5)
(7.8, 214.9, 70.5)
(7.7, 226.1, 76.8)
(7.7, 226.1, 76.8)
(5.5, 233.1, 77.4)
(3.5, 237.6, 75.4)
(1.1, 241.4, 73.0)
(359.6, 244.2, 71.0)
(0.1, 245.3, 70.0)
    
(5.9, 171.3, 61.6)
(11.3, 183.4, 63.0)
(11.6, 199.0, 63.2)
(10.6, 212.5, 65.0)
(12.2, 222.4, 69.5)
(13.8, 230.2, 76.7)
(13.0, 232.3, 78.3)
(13.0, 232.3, 78.3)
(10.6, 233.3, 75.7)
(7.0, 235.5, 71.5)
    
(15.0, 165.3, 50.3)
(18.2, 172.6, 54.7)
(16.5, 184.8, 58.7)
(11.3, 197.6, 61.6)
(9.7, 209.5, 65.3)
(11.0, 220.4, 70.3)
(12.1, 226.9, 72.6)
(11.9, 231.2, 73.5)
(11.9, 231.2, 73.5)
(9.8, 234.1, 73.7)
    
(0.8, 179.1, 60.0)
(4.2, 186.3, 65.2)
(6.6, 198.9, 70.2)
(8.0, 211.6, 75.1)
(7.5, 221.9, 78.8)
(4.9, 228.5, 80.6)
(0.5, 232.6, 81.2)
(358.7, 235.8, 80.4)
(358.7, 235.8, 80.4)
(359.3, 239.2, 78.6)
    
(20.2, 173.8, 61.9)
(16.2, 186.5, 66.1)
(10.9, 197.7, 67.7)
(10.5, 207.4, 70.9)
(12.5, 215.6, 75.6)
(14.5, 222.2, 79.8)
(14.1, 228.9, 82.5)
(12.5, 234.3, 82.8)
(10.0, 238.6, 81.1)
(10.0, 238.6, 81.1)
    
(348.6, 172.9, 47.4)
(358.8, 176.2, 54.7)
(6.8, 185.2, 62.0)
(11.1, 196.2, 69.5)
(11.8, 206.7, 75.1)
(10.5, 216.9, 79.2)
(6.9, 225.3, 79.8)
(1.9, 231.8, 78.0)
(358.4, 236.2, 75.5)
(356.9, 239.1, 74.3)
    
(20.4, 181.5, 59.5)
(18.0, 190.9, 65.1)
(18.0, 190.9, 65.1)
(15.6, 200.3, 70.2)
(15.1, 208.4, 74.3)
(14.8, 216.7, 78.6)
(13.8, 223.8, 82.0)
(12.8, 229.4, 84.0)
(9.4, 232.9, 84.0)
(4.8, 234.8, 82.0)
    
(15.1, 175.0, 60.0)
(14.6, 185.5, 63.7)
(11.0, 195.6, 66.4)
(7.6, 204.6, 69.9)
(6.8, 212.0, 74.6)
(6.8, 212.0, 74.6)
(8.5, 218.6, 79.8)
(8.4, 223.6, 81.1)
(6.1, 227.4, 79.5)
(2.5, 231.2, 76.5)
    
(13.9, 179.5, 66.2)
(12.9, 188.5, 71.8)
(9.6, 200.1, 73.8)
(6.2, 212.5, 74.3)
(6.2, 212.5, 74.3)
(6.3, 222.2, 76.4)
(7.4, 230.4, 79.6)
(7.4, 236.2, 82.0)
(5.3, 239.2, 81.2)
(1.8, 241.1, 78.1)
    
(19.3, 175.8, 70.9)
(17.9, 189.5, 73.1)
(13.1, 202.1, 73.2)
(9.1, 212.9, 73.5)
(5.2, 220.4, 75.9)
(1.8, 225.6, 78.0)
(359.5, 229.4, 80.0)
(359.2, 232.3, 80.6)
(359.2, 232.3, 80.6)
(358.2, 234.7, 79.2)
    
(342.9, 183.8, 49.5)
(354.4, 194.2, 61.1)
(6.5, 205.6, 73.1)
(11.7, 215.6, 81.4)
(8.3, 221.4, 82.1)
(2.6, 224.9, 79.7)
(357.4, 228.0, 77.0)
(354.9, 230.3, 75.6)
(354.9, 230.3, 75.6)
(355.1, 231.9, 76.0)
    
(10.9, 173.6, 64.1)
(17.3, 185.6, 69.6)
(20.3, 198.6, 74.5)
(16.6, 208.9, 77.5)
(11.9, 215.7, 78.6)
(11.9, 215.7, 78.6)
(9.3, 221.9, 79.9)
(8.2, 225.9, 79.6)
(7.5, 228.4, 78.2)
(5.9, 230.0, 76.3)
    
(1.9, 170.5, 62.8)
(6.8, 181.5, 68.8)
(11.4, 193.0, 73.6)
(10.2, 204.2, 76.2)
(7.5, 212.4, 77.6)
(5.3, 219.1, 79.3)
(4.8, 225.2, 81.7)
(5.0, 229.8, 83.0)
(3.3, 233.0, 81.3)
(0.0, 234.9, 78.3)
    
(9.0, 177.6, 59.6)
(14.7, 187.8, 64.6)
(16.3, 199.1, 70.6)
(16.1, 209.6, 76.2)
(15.5, 219.0, 81.0)
(11.0, 226.3, 83.5)
(7.2, 229.6, 82.2)
(4.9, 231.8, 80.2)
(3.5, 233.9, 78.8)
(2.8, 236.2, 78.1)
    
(9.7, 175.1, 64.0)
(11.0, 189.1, 69.0)
(11.0, 189.1, 69.0)
(12.9, 203.3, 74.1)
(13.9, 212.9, 77.3)
(12.9, 218.9, 78.4)
(10.9, 223.5, 78.9)
(8.6, 226.8, 79.2)
(5.7, 230.0, 78.9)
(3.7, 232.3, 77.6)
    
(5.9, 171.0, 60.2)
(358.3, 185.1, 63.2)
(358.9, 198.6, 66.8)
(8.1, 210.2, 73.2)
(8.1, 210.2, 73.2)
(16.1, 220.9, 80.3)
(14.4, 227.2, 81.9)
(9.2, 232.0, 80.7)
(5.2, 236.1, 79.0)
(4.5, 239.1, 77.2)
    
(21.5, 166.1, 52.7)
(17.5, 176.9, 61.7)
(9.2, 188.2, 64.5)
(360.0, 199.2, 63.9)
(356.4, 208.1, 65.0)
(356.4, 208.1, 65.0)
(359.0, 214.9, 70.8)
(2.8, 220.3, 77.6)
(3.4, 225.0, 82.7)
(0.5, 228.2, 83.9)
    
(11.6, 178.2, 66.4)
(9.6, 193.8, 71.8)
(6.9, 206.3, 76.8)
(5.2, 215.3, 80.4)
(5.0, 222.9, 82.3)
(5.0, 222.9, 82.3)
(3.9, 229.1, 81.6)
(1.6, 234.2, 79.3)
(0.0, 238.0, 76.8)
(359.7, 240.4, 75.8)
    
(1.1, 173.7, 64.0)
(0.4, 184.9, 67.0)
(2.7, 196.5, 71.5)
(5.2, 208.8, 76.7)
(5.2, 208.8, 76.7)
(5.2, 220.2, 79.0)
(2.4, 230.0, 78.8)
(359.6, 236.5, 77.3)
(357.3, 240.6, 76.6)
(355.8, 242.1, 75.2)
    
(5.2, 177.8, 58.6)
(5.2, 177.8, 58.6)
(4.3, 189.4, 64.1)
(2.8, 203.4, 69.5)
(1.5, 216.1, 74.0)
(1.4, 225.5, 76.9)
(0.9, 232.0, 78.1)
(359.3, 236.3, 77.2)
(357.7, 239.0, 75.8)
(356.6, 240.7, 74.7)
    
(9.7, 171.8, 59.5)
(8.8, 183.9, 66.0)
(6.4, 198.9, 70.0)
(1.9, 213.1, 70.5)
(359.8, 224.3, 71.5)
(1.8, 231.1, 73.9)
(1.8, 231.1, 73.9)
(5.3, 235.0, 77.0)
(5.5, 237.8, 77.1)
(3.6, 239.4, 74.5)
    
(11.2, 174.1, 65.3)
(11.8, 188.0, 72.3)
(9.7, 203.9, 76.3)
(3.5, 218.9, 78.0)
(359.2, 229.3, 77.4)
(359.2, 229.3, 77.4)
(359.6, 236.4, 78.3)
(0.8, 239.6, 78.4)
(1.7, 241.0, 78.0)
(1.2, 242.3, 77.4)
    
(6.3, 174.9, 56.0)
(11.6, 187.2, 66.2)
(12.6, 200.4, 74.2)
(9.4, 213.5, 78.9)
(3.0, 225.2, 79.9)
(358.3, 232.2, 78.7)
(356.0, 235.5, 78.2)
(356.0, 235.5, 78.2)
(355.8, 237.4, 78.8)
(356.4, 240.0, 78.6)
    
(4.2, 177.3, 62.8)
(12.6, 189.9, 72.1)
(13.6, 202.3, 79.8)
(8.1, 211.5, 81.6)
(0.8, 219.5, 80.1)
(356.4, 227.3, 77.5)
(355.3, 235.3, 75.9)
(357.5, 240.8, 76.4)
(359.3, 244.1, 77.5)
(359.3, 244.1, 77.5)
    
(11.3, 173.9, 62.8)
(10.5, 188.5, 65.1)
(11.1, 200.6, 67.6)
(11.4, 211.1, 70.5)
(9.9, 219.4, 72.4)
(7.3, 224.6, 73.2)
(4.8, 228.5, 73.5)
(3.1, 231.9, 73.7)
(3.1, 231.9, 73.7)
(1.7, 235.0, 74.1)
    
(8.2, 178.0, 67.8)
(8.2, 178.0, 67.8)
(9.7, 189.9, 71.1)
(10.1, 200.2, 74.7)
(10.9, 208.3, 78.9)
(10.4, 215.2, 82.5)
(8.1, 221.7, 84.8)
(5.0, 227.6, 84.6)
(1.9, 231.5, 82.5)
(358.2, 234.4, 80.0)
    
(6.1, 178.0, 59.9)
(12.0, 190.3, 67.3)
(16.6, 201.6, 74.8)
(16.5, 211.4, 80.3)
(16.5, 211.4, 80.3)
(13.8, 219.2, 83.3)
(10.5, 224.7, 83.8)
(7.6, 228.5, 83.6)
(5.3, 231.2, 83.3)
(3.3, 233.4, 82.2)
    
(9.3, 175.4, 65.9)
(10.5, 188.8, 69.6)
(9.2, 202.0, 70.6)
(7.3, 214.9, 72.6)
(7.3, 214.9, 72.6)
(7.1, 224.2, 74.2)
(7.3, 231.6, 76.3)
(5.2, 234.9, 75.9)
(2.4, 236.5, 73.6)
(359.6, 238.2, 70.5)
    
(11.0, 177.8, 65.3)
(8.3, 188.1, 70.3)
(5.7, 198.0, 73.9)
(5.7, 198.0, 73.9)
(5.1, 208.4, 77.0)
(5.5, 218.4, 79.6)
(5.0, 227.3, 80.3)
(3.5, 234.1, 79.3)
(0.8, 238.8, 77.2)
(358.3, 240.8, 75.5)
    
(2.8, 173.9, 62.9)
(5.8, 189.6, 66.7)
(8.1, 205.7, 71.3)
(9.1, 220.0, 74.8)
(6.7, 229.3, 76.1)
(4.0, 234.9, 76.3)
(4.0, 234.9, 76.3)
(3.6, 239.3, 76.8)
(3.7, 243.8, 76.2)
(1.8, 247.2, 73.0)
    
(13.4, 172.8, 59.4)
(14.8, 185.6, 64.0)
(9.6, 197.5, 67.4)
(3.9, 206.2, 69.3)
(2.4, 214.0, 71.4)
(2.4, 214.0, 71.4)
(4.4, 222.5, 73.8)
(5.6, 230.3, 74.6)
(3.2, 235.3, 71.8)
(0.8, 237.4, 68.5)
    
(22.0, 169.1, 59.5)
(19.1, 177.2, 66.1)
(9.3, 185.6, 67.8)
(3.0, 194.1, 66.8)
(2.0, 203.3, 68.6)
(2.0, 203.3, 68.6)
(4.9, 212.0, 72.9)
(8.3, 220.6, 78.0)
(8.5, 226.3, 80.1)
(6.9, 230.5, 79.8)
    
(10.6, 178.2, 69.3)
(7.1, 188.7, 70.7)
(3.8, 199.1, 71.5)
(1.0, 208.1, 73.0)
(359.7, 216.0, 75.9)
(0.1, 222.4, 79.4)
(359.6, 227.2, 80.4)
(359.6, 227.2, 80.4)
(358.0, 231.3, 79.5)
(356.4, 234.9, 77.7)
    
(9.2, 173.8, 62.6)
(11.0, 184.2, 68.1)
(8.5, 196.5, 70.2)
(3.0, 208.7, 70.7)
(359.1, 218.9, 71.6)
(359.0, 226.4, 74.0)
(359.9, 233.3, 76.9)
(359.9, 233.3, 76.9)
(0.4, 238.4, 77.9)
(0.1, 242.9, 77.2)
    
(7.6, 173.6, 63.0)
(6.2, 183.5, 65.1)
(6.1, 194.2, 68.9)
(7.0, 205.1, 74.3)
(7.9, 215.8, 79.2)
(6.9, 224.9, 81.9)
(4.1, 231.6, 81.5)
(0.7, 235.1, 78.7)
(358.2, 237.3, 75.8)
(358.2, 237.3, 75.8)
    
(11.1, 171.4, 61.0)
(15.9, 186.1, 68.5)
(13.2, 200.7, 73.1)
(8.7, 211.8, 74.7)
(5.8, 219.7, 76.2)
(4.0, 225.0, 78.6)
(3.4, 228.7, 79.5)
(2.3, 232.3, 78.8)
(2.3, 232.3, 78.8)
(0.6, 235.1, 77.0)
    
(6.1, 187.7, 62.2)
(5.8, 200.4, 66.0)
(5.8, 200.4, 66.0)
(9.1, 213.6, 71.5)
(12.6, 226.3, 77.0)
(13.6, 236.5, 79.9)
(10.9, 240.7, 77.8)
(6.5, 243.0, 73.7)
(3.2, 244.9, 70.5)
(2.3, 246.9, 69.6)
    
(0.8, 170.4, 60.3)
(359.1, 187.0, 61.5)
(358.7, 201.8, 64.5)
(1.0, 212.9, 69.2)
(2.8, 222.2, 73.8)
(3.2, 228.9, 76.0)
(1.4, 234.8, 75.0)
(358.6, 238.3, 71.4)
(355.9, 240.9, 67.9)
(355.9, 240.9, 67.9)
    
(11.8, 172.7, 47.7)
(2.8, 185.7, 54.3)
(0.6, 196.0, 61.2)
(0.6, 196.0, 61.2)
(2.5, 204.1, 68.7)
(4.8, 210.5, 74.8)
(4.6, 215.8, 79.0)
(3.1, 219.9, 81.4)
(0.7, 223.7, 82.9)
(357.3, 226.8, 83.7)
    
(30.0, 185.8, 53.4)
(26.6, 189.2, 62.7)
(25.9, 195.0, 69.7)
(24.6, 203.3, 76.6)
(21.6, 211.2, 81.8)
(17.7, 217.7, 86.0)
(14.1, 221.6, 89.6)
(12.9, 222.9, 92.4)
(12.9, 222.9, 92.4)
(12.7, 223.4, 94.7)
    
(36.4, 173.8, 58.2)
(35.6, 181.4, 60.6)
(33.2, 190.4, 62.9)
(30.4, 198.0, 64.5)
(27.9, 204.7, 67.5)
(24.9, 209.5, 71.1)
(22.3, 211.4, 73.6)
(22.3, 211.4, 73.6)
(20.5, 211.7, 74.6)
(19.4, 211.9, 74.8)
    
(12.9, 171.5, 64.4)
(15.2, 184.9, 69.6)
(13.4, 196.9, 72.5)
(8.1, 206.6, 72.6)
(5.9, 214.4, 72.1)
(5.9, 214.4, 72.1)
(6.2, 220.8, 72.7)
(7.2, 226.5, 72.8)
(6.4, 230.2, 72.4)
(5.0, 232.2, 71.7)
    
(18.6, 172.1, 57.6)
(15.6, 183.6, 61.4)
(10.9, 193.8, 65.1)
(7.6, 202.3, 69.3)
(6.7, 209.4, 73.9)
(6.0, 215.6, 77.6)
(6.0, 215.6, 77.6)
(4.2, 220.4, 79.3)
(1.0, 224.4, 79.0)
(357.3, 227.4, 78.3)
    
(358.1, 176.7, 58.7)
(357.6, 187.8, 62.1)
(0.1, 198.9, 67.6)
(3.1, 210.7, 74.2)
(3.6, 220.5, 78.1)
(3.6, 220.5, 78.1)
(1.8, 227.7, 78.7)
(358.8, 232.0, 76.4)
(355.3, 234.8, 73.2)
(353.0, 236.1, 71.0)
    
(8.8, 175.8, 63.4)
(6.2, 190.9, 66.8)
(1.8, 205.7, 69.2)
(359.4, 216.9, 71.8)
(359.4, 216.9, 71.8)
(359.8, 225.3, 75.2)
(0.8, 231.8, 77.5)
(1.6, 236.7, 78.7)
(0.3, 239.6, 76.0)
(357.3, 241.1, 71.8)
    
(8.9, 165.9, 65.8)
(16.6, 179.2, 73.9)
(15.9, 193.1, 78.0)
(10.2, 204.5, 77.9)
(10.2, 204.5, 77.9)
(4.8, 213.7, 76.8)
(1.9, 220.9, 76.4)
(2.6, 226.1, 77.6)
(2.9, 229.9, 78.6)
(1.5, 233.2, 78.0)
    
(13.3, 175.6, 70.0)
(10.1, 191.0, 70.1)
(9.5, 204.2, 71.9)
(9.7, 215.3, 75.9)
(10.4, 221.7, 79.6)
(10.0, 225.9, 81.0)
(10.0, 225.9, 81.0)
(8.8, 229.4, 79.4)
(6.2, 233.5, 75.7)
(3.3, 237.1, 70.9)
    
(8.3, 165.4, 66.3)
(12.1, 181.0, 69.8)
(14.1, 197.9, 73.5)
(13.0, 212.1, 77.0)
(10.6, 222.0, 79.5)
(8.4, 228.1, 80.6)
(8.4, 228.1, 80.6)
(7.0, 233.3, 80.1)
(6.0, 239.0, 77.9)
(5.5, 244.9, 74.3)
    
(12.9, 172.4, 66.5)
(17.2, 186.4, 70.7)
(17.0, 200.3, 74.3)
(14.4, 211.7, 76.5)
(10.9, 222.0, 78.0)
(9.0, 230.0, 78.2)
(9.0, 230.0, 78.2)
(6.8, 236.1, 77.3)
(5.2, 239.6, 75.1)
(4.4, 240.5, 72.7)
    
(14.4, 181.7, 70.3)
(14.4, 181.7, 70.3)
(15.2, 194.5, 75.1)
(12.7, 207.2, 76.6)
(9.1, 218.5, 76.2)
(7.9, 226.1, 76.1)
(7.4, 231.3, 76.3)
(6.7, 234.9, 76.7)
(5.4, 237.8, 77.2)
(3.9, 240.1, 76.3)
    
(12.4, 181.4, 68.7)
(12.4, 181.4, 68.7)
(9.8, 194.8, 71.9)
(8.3, 205.5, 75.5)
(8.9, 215.9, 79.7)
(8.8, 224.8, 81.8)
(6.3, 231.7, 81.0)
(2.7, 236.1, 78.7)
(359.2, 238.5, 76.3)
(357.1, 239.8, 74.4)
    
(3.1, 184.9, 65.2)
(3.1, 184.9, 65.2)
(4.5, 198.4, 69.8)
(5.4, 210.8, 71.8)
(5.0, 220.3, 73.2)
(2.8, 226.9, 73.4)
(2.3, 230.5, 72.5)
(2.5, 233.7, 72.6)
(1.8, 236.3, 71.7)
(0.2, 237.9, 69.7)
    
(359.0, 170.0, 64.3)
(1.1, 179.3, 67.4)
(1.1, 179.3, 67.4)
(5.7, 190.7, 71.0)
(9.9, 202.9, 74.3)
(11.9, 214.2, 76.2)
(11.0, 224.0, 76.3)
(9.9, 230.2, 76.1)
(8.6, 233.8, 75.5)
(6.9, 235.8, 74.4)
    
(13.3, 170.1, 60.3)
(15.4, 183.9, 64.7)
(13.2, 196.8, 67.9)
(13.2, 196.8, 67.9)
(10.0, 207.1, 69.1)
(8.2, 216.7, 71.6)
(7.7, 224.3, 74.1)
(8.5, 230.4, 76.1)
(8.3, 234.1, 76.0)
(4.9, 236.4, 73.6)
    
(13.4, 158.4, 59.3)
(12.4, 173.6, 64.4)
(8.7, 189.4, 67.7)
(6.7, 202.8, 70.0)
(8.1, 214.2, 74.8)
(8.1, 214.2, 74.8)
(9.8, 221.2, 78.0)
(9.2, 225.4, 78.1)
(6.0, 228.3, 75.8)
(2.4, 231.0, 72.8)
    
(11.5, 170.2, 64.0)
(11.0, 186.9, 66.7)
(9.4, 202.5, 70.4)
(9.0, 215.6, 74.4)
(9.3, 226.7, 79.3)
(9.3, 232.9, 80.0)
(9.3, 232.9, 80.0)
(8.3, 236.9, 77.0)
(6.5, 239.6, 73.7)
(5.6, 241.8, 71.7)
    
(8.3, 179.9, 65.9)
(7.8, 197.9, 68.9)
(6.0, 215.1, 70.8)
(5.1, 228.3, 71.8)
(4.2, 237.6, 73.2)
(3.8, 242.0, 74.6)
(3.3, 243.5, 75.2)
(3.3, 243.5, 75.2)
(1.8, 244.0, 73.6)
(0.6, 245.4, 70.8)
    
(5.9, 172.8, 62.7)
(10.1, 186.3, 67.3)
(15.0, 203.0, 72.8)
(15.8, 219.2, 77.0)
(13.1, 230.1, 77.8)
(9.2, 236.3, 75.1)
(5.9, 239.1, 72.4)
(5.9, 239.1, 72.4)
(4.2, 240.9, 70.5)
(4.8, 241.6, 70.7)
    
(5.7, 175.8, 60.8)
(9.6, 187.4, 66.6)
(12.2, 199.2, 73.0)
(12.6, 208.8, 78.1)
(11.2, 216.3, 81.8)
(8.5, 221.4, 82.6)
(4.4, 225.0, 81.4)
(1.4, 227.4, 79.2)
(1.4, 227.4, 79.2)
(359.5, 229.9, 77.8)
    
(16.9, 173.5, 60.5)
(20.0, 182.7, 66.9)
(18.6, 191.6, 70.7)
(15.4, 200.2, 72.7)
(11.1, 208.0, 74.4)
(8.1, 216.2, 77.0)
(7.4, 222.9, 80.0)
(7.4, 222.9, 80.0)
(6.5, 228.2, 82.8)
(4.8, 231.4, 83.4)
    
(15.4, 167.7, 63.9)
(11.5, 179.1, 66.6)
(8.8, 191.0, 67.9)
(9.1, 203.7, 69.8)
(10.0, 216.9, 72.7)
(11.1, 228.9, 75.4)
(11.3, 236.7, 77.4)
(10.2, 241.1, 77.8)
(8.4, 243.0, 75.9)
(8.4, 243.0, 75.9)
    
(8.2, 184.5, 68.4)
(8.2, 184.5, 68.4)
(10.3, 197.4, 74.7)
(12.0, 209.4, 79.0)
(11.4, 220.0, 81.8)
(9.8, 227.4, 81.4)
(7.0, 231.1, 79.9)
(4.3, 233.3, 77.9)
(2.6, 236.0, 76.7)
(2.6, 236.0, 76.7)
    
(19.0, 171.9, 65.3)
(19.2, 184.7, 71.5)
(15.6, 197.8, 76.1)
(12.5, 210.8, 77.8)
(12.5, 210.8, 77.8)
(9.4, 222.9, 78.4)
(6.9, 232.8, 77.8)
(6.2, 241.1, 77.6)
(6.9, 245.2, 77.0)
(6.1, 247.2, 75.8)
    
(12.8, 180.9, 66.3)
(10.9, 192.7, 69.1)
(8.3, 204.0, 71.3)
(6.9, 214.7, 75.0)
(6.9, 214.7, 75.0)
(5.9, 222.8, 78.2)
(4.9, 229.0, 79.6)
(2.2, 232.9, 79.2)
(358.8, 235.8, 77.2)
(356.1, 237.4, 75.5)
    
(9.7, 174.3, 64.4)
(12.7, 186.5, 69.2)
(11.7, 198.8, 73.5)
(8.7, 209.5, 76.3)
(5.7, 219.4, 78.3)
(3.2, 227.4, 79.4)
(3.2, 227.4, 79.4)
(1.6, 233.4, 79.3)
(1.0, 237.1, 78.0)
(359.8, 240.1, 76.1)
    
(357.8, 169.1, 62.8)
(1.9, 187.5, 65.7)
(8.6, 204.3, 72.3)
(8.6, 204.3, 72.3)
(11.0, 216.2, 77.6)
(10.4, 224.9, 80.3)
(8.1, 231.3, 79.0)
(5.2, 237.2, 75.5)
(3.2, 241.3, 72.6)
(2.3, 243.9, 70.6)
    
(6.7, 170.2, 55.5)
(5.6, 180.5, 59.7)
(6.4, 194.1, 62.4)
(7.7, 208.8, 64.9)
(8.6, 222.1, 67.8)
(10.0, 233.0, 71.7)
(10.2, 238.4, 73.3)
(10.2, 238.4, 73.3)
(9.5, 241.3, 72.9)
(8.4, 242.8, 71.1)
    
(9.6, 179.2, 63.1)
(16.6, 190.5, 67.9)
(19.8, 203.1, 73.0)
(18.7, 214.3, 76.3)
(16.1, 224.0, 78.3)
(13.9, 231.6, 79.0)
(12.2, 236.3, 78.0)
(12.2, 236.3, 78.0)
(9.9, 239.3, 76.3)
(7.6, 241.3, 73.5)
    
(10.5, 167.1, 67.8)
(10.0, 177.9, 70.1)
(4.5, 190.4, 68.5)
(0.4, 202.5, 67.3)
(3.0, 213.4, 70.5)
(8.8, 221.5, 76.6)
(11.2, 227.9, 80.4)
(7.7, 233.2, 80.0)
(3.7, 235.9, 76.1)
(3.7, 235.9, 76.1)
    
(9.4, 173.7, 56.9)
(10.2, 185.9, 64.4)
(8.9, 198.6, 70.3)
(8.9, 198.6, 70.3)
(7.4, 210.2, 73.9)
(6.0, 220.8, 75.9)
(4.6, 229.8, 76.3)
(4.7, 238.5, 76.6)
(5.7, 243.3, 76.6)
(6.3, 246.3, 76.6)
    
(6.3, 178.3, 63.4)
(6.3, 194.6, 67.1)
(7.2, 209.8, 70.1)
(7.8, 222.7, 73.8)
(7.6, 232.9, 76.6)
(7.3, 239.4, 78.0)
(6.0, 243.8, 77.4)
(3.6, 246.0, 74.7)
(0.1, 248.1, 70.1)
(0.1, 248.1, 70.1)
    
(3.4, 186.9, 62.8)
(7.0, 195.4, 68.1)
(7.0, 195.4, 68.1)
(10.1, 204.1, 71.5)
(11.8, 213.7, 73.2)
(11.1, 223.8, 74.5)
(10.5, 230.4, 74.7)
(10.9, 234.6, 74.7)
(10.9, 236.3, 73.4)
(9.4, 236.9, 71.5)
    
(14.2, 175.9, 58.8)
(8.1, 191.5, 61.4)
(8.1, 191.5, 61.4)
(3.8, 206.0, 62.6)
(4.5, 218.7, 65.4)
(7.5, 229.8, 70.1)
(9.6, 238.7, 74.2)
(8.1, 243.6, 73.5)
(4.4, 246.5, 69.7)
(0.5, 248.4, 64.5)
    
(4.3, 174.2, 62.0)
(9.2, 188.2, 67.0)
(13.2, 201.2, 73.5)
(13.2, 201.2, 73.5)
(15.3, 213.4, 78.8)
(14.0, 224.4, 80.8)
(10.4, 233.6, 79.7)
(6.7, 241.6, 77.6)
(6.0, 246.0, 75.8)
(6.2, 248.3, 74.7)
    
(7.6, 170.7, 57.1)
(10.1, 182.9, 64.3)
(9.7, 196.4, 69.8)
(6.9, 209.9, 72.8)
(6.9, 209.9, 72.8)
(5.3, 222.2, 73.9)
(6.3, 229.7, 73.9)
(6.8, 234.7, 73.6)
(6.1, 238.1, 72.7)
(4.6, 239.9, 71.7)
    
(9.2, 179.9, 63.7)
(8.5, 191.2, 68.5)
(6.2, 203.8, 71.7)
(6.2, 203.8, 71.7)
(4.0, 214.4, 72.6)
(3.8, 222.9, 73.5)
(4.8, 229.6, 75.2)
(5.5, 235.5, 77.1)
(5.4, 240.4, 76.5)
(4.2, 244.2, 73.5)
    
(6.5, 183.2, 60.6)
(8.8, 195.0, 65.0)
(9.3, 206.5, 70.3)
(8.8, 216.4, 74.3)
(8.8, 216.4, 74.3)
(8.7, 225.3, 77.4)
(7.4, 232.3, 77.9)
(4.9, 237.7, 76.4)
(2.8, 241.5, 73.4)
(1.4, 244.1, 70.4)
    
(7.2, 171.7, 58.3)
(7.4, 185.5, 62.9)
(7.8, 199.2, 68.7)
(8.4, 211.4, 73.2)
(8.4, 211.4, 73.2)
(8.2, 222.0, 75.3)
(7.5, 231.7, 75.0)
(7.4, 239.6, 74.9)
(9.0, 244.2, 74.5)
(9.5, 246.2, 73.5)
    
(12.9, 174.7, 65.5)
(13.0, 189.0, 68.1)
(13.4, 203.6, 71.1)
(12.3, 217.3, 73.1)
(12.3, 217.3, 73.1)
(10.5, 227.1, 74.3)
(10.0, 233.9, 75.5)
(9.7, 238.7, 76.1)
(7.9, 242.2, 75.2)
(5.1, 244.1, 72.3)
    
(8.0, 183.3, 64.7)
(4.9, 195.6, 65.4)
(5.4, 205.9, 68.6)
(8.1, 215.5, 73.1)
(9.6, 225.0, 77.1)
(9.6, 225.0, 77.1)
(8.9, 233.4, 78.7)
(6.5, 239.6, 77.1)
(4.2, 244.2, 74.1)
(2.1, 247.4, 71.4)
    
(5.2, 166.3, 60.4)
(11.4, 179.3, 66.4)
(11.7, 195.1, 70.2)
(8.8, 209.5, 70.8)
(6.5, 221.1, 71.1)
(6.5, 221.1, 71.1)
(6.0, 229.6, 72.5)
(5.2, 235.8, 74.6)
(4.6, 238.7, 74.8)
(3.6, 241.4, 72.9)
    
(15.2, 173.8, 68.3)
(12.8, 188.7, 70.7)
(10.8, 203.9, 71.5)
(9.9, 218.8, 73.4)
(10.2, 230.5, 75.5)
(10.7, 239.4, 77.6)
(10.7, 239.4, 77.6)
(10.6, 246.0, 78.5)
(10.1, 251.1, 78.5)
(8.7, 254.2, 75.7)
    
(0.3, 184.5, 59.7)
(2.1, 195.7, 65.6)
(6.1, 206.8, 72.4)
(8.8, 218.7, 78.1)
(8.8, 218.7, 78.1)
(7.9, 230.5, 80.0)
(4.5, 238.9, 77.6)
(1.2, 246.4, 73.7)
(0.7, 250.3, 71.0)
(0.9, 252.1, 69.7)
    
(8.0, 176.2, 59.9)
(8.3, 191.8, 64.8)
(7.1, 208.1, 67.5)
(6.1, 223.0, 70.3)
(5.1, 234.4, 73.2)
(4.1, 240.7, 74.7)
(4.1, 240.7, 74.7)
(2.7, 245.0, 73.7)
(1.3, 247.9, 71.4)
(359.9, 250.0, 67.8)
    
(10.7, 174.9, 63.4)
(11.0, 186.8, 64.7)
(11.7, 198.3, 67.4)
(13.0, 209.1, 72.2)
(14.1, 219.5, 77.5)
(12.2, 227.1, 79.2)
(8.7, 232.5, 77.9)
(8.7, 232.5, 77.9)
(4.7, 237.5, 75.0)
(2.7, 242.3, 71.9)
    
(14.6, 180.1, 60.3)
(17.6, 194.2, 64.7)
(15.6, 206.6, 67.6)
(12.0, 216.5, 70.2)
(10.2, 223.2, 73.8)
(8.4, 227.0, 76.3)
(6.0, 230.0, 76.5)
(6.0, 230.0, 76.5)
(2.2, 232.3, 74.5)
(357.8, 233.6, 70.7)
    
(0.4, 178.8, 56.8)
(7.4, 189.6, 63.7)
(12.1, 199.4, 70.2)
(13.0, 207.5, 74.4)
(9.7, 215.4, 76.7)
(6.1, 222.5, 77.9)
(4.4, 229.3, 78.5)
(4.4, 229.3, 78.5)
(3.3, 235.0, 78.6)
(1.8, 239.3, 76.9)
    
/n
(9.3, 176.8, 56.1)
(9.2, 189.8, 60.8)
(9.2, 201.7, 67.9)
(7.9, 211.1, 75.2)
(7.3, 218.0, 81.8)
(7.3, 218.0, 81.8)
(6.1, 223.0, 84.8)
(3.6, 227.2, 84.2)
(0.8, 230.5, 80.8)
(359.5, 232.7, 78.3)
    
(0.8, 168.4, 56.4)
(1.0, 180.4, 60.1)
(2.8, 192.9, 63.8)
(2.8, 192.9, 63.8)
(6.4, 204.3, 68.8)
(8.4, 213.5, 74.3)
(7.7, 219.2, 76.5)
(5.8, 224.0, 76.8)
(3.1, 228.3, 75.7)
(0.9, 232.4, 74.1)
    
(7.7, 173.0, 60.5)
(15.5, 185.2, 68.9)
(17.4, 197.7, 74.7)
(14.5, 207.9, 76.5)
(11.6, 215.5, 76.3)
(11.6, 215.5, 76.3)
(11.0, 221.3, 76.9)
(11.0, 226.0, 78.6)
(10.8, 229.3, 78.8)
(9.2, 231.9, 77.0)
    
(11.9, 178.6, 59.7)
(15.6, 189.4, 64.6)
(16.0, 199.0, 68.3)
(16.0, 199.0, 68.3)
(14.6, 208.2, 70.5)
(12.2, 217.4, 71.7)
(11.4, 224.3, 72.1)
(10.5, 229.2, 72.6)
(9.1, 231.9, 71.5)
(7.7, 234.4, 69.8)
    
(9.2, 176.8, 57.9)
(15.7, 189.8, 66.8)
(18.6, 203.6, 74.0)
(18.6, 203.6, 74.0)
(18.3, 217.3, 77.3)
(14.7, 227.0, 76.7)
(10.8, 233.3, 75.0)
(8.9, 236.9, 74.2)
(8.5, 239.7, 75.1)
(7.6, 241.4, 74.7)
    
(12.8, 186.4, 63.4)
(12.8, 186.4, 63.4)
(15.8, 194.4, 72.0)
(18.2, 203.5, 78.5)
(18.2, 212.2, 81.6)
(15.8, 219.8, 82.4)
(11.8, 226.2, 82.0)
(8.8, 230.9, 81.6)
(6.7, 234.1, 81.9)
(5.0, 236.7, 82.6)
    
(13.8, 182.8, 66.1)
(11.8, 193.0, 70.4)
(11.1, 204.4, 73.9)
(11.7, 214.9, 75.9)
(11.4, 223.7, 76.7)
(9.8, 230.4, 76.2)
(8.0, 234.6, 75.2)
(6.8, 237.6, 74.2)
(6.8, 237.6, 74.2)
(5.7, 240.3, 72.8)
    
(8.1, 172.5, 58.9)
(8.8, 189.1, 63.5)
(8.8, 189.1, 63.5)
(10.4, 206.2, 68.7)
(12.8, 223.0, 74.8)
(12.5, 233.5, 77.5)
(11.1, 240.7, 77.8)
(9.4, 244.6, 76.3)
(7.0, 247.2, 73.1)
(4.9, 248.7, 69.4)
    
(4.7, 177.6, 60.6)
(14.3, 185.7, 69.0)
(21.2, 196.3, 76.6)
(20.0, 207.7, 80.4)
(16.5, 217.4, 79.9)
(12.7, 226.0, 78.1)
(9.6, 232.8, 75.7)
(9.2, 236.7, 74.8)
(10.1, 239.0, 74.8)
(10.6, 241.3, 74.5)
    
(10.8, 169.3, 61.2)
(11.6, 182.9, 61.8)
(13.2, 196.0, 64.5)
(16.4, 206.1, 68.8)
(19.4, 213.7, 73.9)
(19.6, 219.5, 76.2)
(14.9, 223.9, 74.1)
(9.0, 228.8, 70.7)
(9.0, 228.8, 70.7)
(5.5, 234.1, 67.8)
    
(14.7, 179.6, 63.8)
(15.4, 190.5, 66.7)
(13.7, 200.8, 68.0)
(12.2, 209.5, 69.5)
(11.9, 217.1, 70.1)
(12.7, 224.4, 70.6)
(13.1, 231.0, 70.3)
(11.8, 235.2, 68.8)
(10.0, 237.3, 66.6)
(8.1, 238.6, 64.8)
    
(10.1, 183.0, 63.2)
(8.8, 193.1, 64.9)
(8.8, 193.1, 64.9)
(10.3, 202.8, 67.9)
(12.0, 211.4, 71.3)
(11.6, 219.6, 73.7)
(8.3, 225.7, 73.8)
(4.5, 230.9, 72.8)
(2.7, 234.3, 72.2)
(1.6, 236.7, 71.5)
    
(5.2, 173.3, 69.9)
(9.9, 185.9, 74.1)
(9.9, 185.9, 74.1)
(11.2, 198.9, 75.9)
(7.6, 210.2, 74.7)
(5.4, 216.4, 72.8)
(5.8, 221.0, 73.4)
(7.1, 224.4, 74.9)
(7.8, 227.7, 75.5)
(5.3, 230.0, 73.2)
    
(1.1, 167.6, 55.2)
(359.9, 178.2, 57.3)
(2.9, 188.4, 61.1)
(2.9, 188.4, 61.1)
(8.0, 199.8, 67.4)
(10.5, 210.8, 72.5)
(10.1, 219.8, 74.7)
(6.4, 226.2, 73.8)
(1.6, 230.7, 70.9)
(359.5, 232.5, 68.8)
    
(11.6, 170.9, 69.2)
(20.9, 184.4, 75.7)
(22.6, 197.4, 79.1)
(19.4, 208.3, 78.7)
(16.5, 217.3, 78.1)
(16.2, 224.4, 79.1)
(16.7, 229.3, 81.0)
(15.4, 232.4, 81.4)
(13.0, 234.4, 79.9)
(13.0, 234.4, 79.9)
    
(8.4, 176.5, 64.6)
(8.1, 186.3, 67.9)
(9.1, 195.4, 71.2)
(9.1, 195.4, 71.2)
(9.5, 203.7, 74.1)
(9.1, 212.1, 76.2)
(8.0, 219.2, 77.0)
(6.1, 225.2, 76.4)
(4.0, 229.3, 75.1)
(2.8, 231.5, 73.6)
    
(7.3, 183.9, 64.4)
(13.4, 195.1, 72.4)
(15.2, 205.4, 78.6)
(12.6, 213.8, 80.3)
(12.6, 213.8, 80.3)
(9.1, 221.1, 79.1)
(7.3, 228.0, 77.9)
(6.2, 232.9, 76.9)
(4.7, 235.9, 75.1)
(2.9, 238.3, 73.3)
    
(357.9, 175.8, 59.1)
(5.3, 189.5, 62.3)
(12.9, 201.1, 69.0)
(16.4, 209.1, 75.3)
(15.8, 215.1, 78.8)
(15.8, 215.1, 78.8)
(11.7, 220.2, 78.5)
(5.8, 225.6, 75.2)
(2.0, 229.9, 71.4)
(0.3, 233.4, 69.4)
    
(12.1, 175.6, 63.1)
(14.0, 190.4, 66.7)
(15.8, 204.6, 71.4)
(16.3, 215.5, 75.8)
(16.3, 215.5, 75.8)
(14.7, 223.8, 79.3)
(13.0, 228.8, 80.8)
(11.2, 232.8, 80.7)
(9.2, 235.3, 78.6)
(7.0, 237.0, 75.3)
    
(8.4, 166.8, 64.9)
(14.8, 177.9, 69.0)
(16.1, 189.2, 72.7)
(14.7, 200.0, 76.3)
(12.7, 210.0, 79.5)
(11.7, 219.0, 80.7)
(11.7, 219.0, 80.7)
(10.4, 226.8, 80.7)
(8.2, 232.7, 78.7)
(5.6, 236.2, 76.3)
    
(15.0, 173.9, 65.3)
(16.6, 188.8, 69.0)
(19.4, 201.7, 73.6)
(21.9, 212.9, 79.4)
(21.6, 220.4, 82.3)
(19.0, 226.3, 82.4)
(19.0, 226.3, 82.4)
(15.9, 231.1, 80.3)
(15.1, 236.7, 76.6)
(13.9, 238.9, 74.1)
    
(11.3, 169.5, 66.6)
(14.9, 184.2, 71.9)
(16.1, 199.5, 76.6)
(16.1, 199.5, 76.6)
(14.5, 212.4, 79.8)
(13.0, 223.2, 81.9)
(12.1, 230.9, 82.9)
(12.0, 236.5, 83.1)
(11.2, 241.1, 82.1)
(9.1, 244.9, 79.5)
    
(14.0, 174.1, 65.4)
(17.0, 185.1, 70.6)
(17.0, 185.1, 70.6)
(18.7, 196.3, 75.4)
(17.3, 206.3, 78.6)
(14.7, 213.0, 79.4)
(12.5, 218.6, 79.2)
(10.9, 223.4, 79.0)
(9.1, 227.5, 78.4)
(6.7, 230.2, 77.0)
    
(18.6, 168.8, 67.8)
(18.9, 179.5, 72.2)
(16.4, 191.9, 74.2)
(12.8, 203.9, 74.1)
(9.7, 215.1, 73.8)
(9.6, 222.5, 75.2)
(11.2, 227.3, 77.9)
(11.2, 227.3, 77.9)
(11.8, 230.8, 79.7)
(10.0, 233.5, 78.8)
    
(4.1, 179.1, 67.5)
(14.0, 191.6, 73.4)
(14.0, 191.6, 73.4)
(16.7, 203.2, 77.4)
(12.7, 213.8, 78.7)
(7.4, 221.8, 77.7)
(3.9, 227.9, 76.5)
(2.8, 232.6, 75.4)
(3.1, 236.7, 75.4)
(3.2, 239.4, 74.6)
    
(3.4, 174.8, 65.8)
(11.7, 186.6, 71.6)
(11.7, 186.6, 71.6)
(15.7, 200.0, 76.4)
(13.8, 212.2, 78.2)
(10.6, 221.6, 78.0)
(10.0, 228.4, 77.3)
(10.3, 232.2, 77.0)
(8.5, 234.5, 75.8)
(5.2, 236.3, 73.0)
    
(6.6, 176.5, 68.0)
(8.9, 191.6, 69.4)
(12.3, 205.4, 72.4)
(15.5, 216.3, 75.4)
(17.2, 224.1, 77.5)
(15.6, 228.0, 76.9)
(12.1, 230.4, 74.7)
(8.6, 233.1, 72.1)
(5.6, 236.7, 69.6)
(4.1, 240.8, 67.1)
    
(11.2, 173.2, 59.9)
(14.0, 184.3, 66.4)
(14.0, 184.3, 66.4)
(15.3, 196.9, 70.9)
(12.3, 209.6, 72.3)
(9.4, 221.1, 72.2)
(9.0, 229.1, 71.9)
(11.6, 234.6, 72.2)
(11.9, 237.4, 71.5)
(9.9, 239.1, 69.2)
    
(354.8, 179.0, 61.8)
(1.2, 189.7, 65.4)
(1.2, 189.7, 65.4)
(11.3, 198.2, 71.2)
(17.7, 207.3, 76.5)
(18.8, 215.6, 78.6)
(14.8, 223.5, 76.7)
(8.6, 229.9, 72.7)
(5.0, 234.9, 69.7)
(4.8, 238.2, 68.7)
    
(11.2, 170.3, 60.0)
(13.0, 181.0, 63.6)
(13.2, 191.1, 66.9)
(13.3, 201.5, 69.8)
(13.3, 201.5, 69.8)
(12.2, 213.6, 72.2)
(11.2, 224.4, 73.0)
(11.1, 231.5, 72.2)
(10.8, 235.4, 71.3)
(9.2, 237.8, 69.9)
    
(358.8, 178.2, 65.3)
(359.7, 190.1, 67.1)
(359.7, 190.1, 67.1)
(7.7, 201.0, 73.1)
(12.6, 211.0, 77.7)
(13.2, 219.6, 79.2)
(10.4, 226.7, 77.4)
(5.2, 233.1, 73.9)
(2.0, 237.7, 70.9)
(1.3, 240.3, 69.2)
    
(6.3, 168.7, 64.4)
(10.9, 184.3, 67.7)
(16.5, 198.5, 72.5)
(20.8, 211.9, 77.0)
(19.5, 221.2, 79.3)
(15.7, 227.4, 79.1)
(11.2, 232.5, 77.6)
(11.2, 232.5, 77.6)
(7.3, 237.1, 74.7)
(5.2, 240.6, 71.3)
    
(18.5, 174.4, 68.1)
(18.9, 188.8, 71.4)
(15.3, 203.0, 71.9)
(13.1, 213.6, 72.7)
(13.5, 221.6, 75.4)
(14.1, 227.1, 77.7)
(14.1, 227.1, 77.7)
(13.8, 231.3, 78.2)
(11.1, 234.9, 76.1)
(7.5, 238.2, 72.3)
    
(15.2, 173.0, 66.4)
(15.0, 181.8, 71.3)
(14.0, 192.5, 74.2)
(12.1, 203.1, 75.3)
(10.4, 212.3, 76.3)
(9.5, 219.9, 77.3)
(8.9, 226.5, 78.5)
(8.9, 226.5, 78.5)
(8.7, 232.2, 79.3)
(7.6, 236.5, 78.6)
    
(10.4, 180.0, 69.5)
(10.4, 180.0, 69.5)
(6.9, 189.7, 71.2)
(5.8, 199.3, 71.8)
(7.7, 208.4, 74.1)
(11.0, 216.2, 77.9)
(11.4, 221.4, 79.9)
(8.7, 225.4, 80.5)
(4.5, 228.8, 79.2)
(4.5, 228.8, 79.2)
    
(9.0, 173.9, 68.2)
(9.0, 173.9, 68.2)
(9.0, 184.3, 69.5)
(9.8, 195.5, 71.1)
(10.9, 205.7, 72.9)
(10.8, 213.6, 74.9)
(9.6, 219.5, 76.4)
(7.3, 224.1, 77.1)
(4.9, 228.0, 76.6)
(2.7, 231.0, 74.3)
    
(12.6, 168.0, 65.2)
(15.2, 181.3, 70.7)
(12.5, 195.1, 73.1)
(8.3, 207.0, 74.3)
(8.9, 215.7, 75.3)
(12.2, 223.1, 78.2)
(11.8, 227.8, 79.2)
(8.0, 231.4, 77.4)
(8.0, 231.4, 77.4)
(4.6, 234.5, 74.1)
    
(9.7, 170.4, 63.8)
(9.0, 184.0, 65.6)
(9.0, 197.4, 66.6)
(11.4, 208.0, 69.5)
(12.3, 215.6, 72.7)
(12.3, 221.4, 75.6)
(10.3, 225.0, 76.4)
(6.8, 228.2, 75.4)
(3.8, 231.4, 73.3)
(3.8, 231.4, 73.3)
    
(13.5, 173.5, 64.9)
(13.7, 182.0, 68.4)
(14.7, 191.7, 71.1)
(15.5, 202.6, 73.6)
(14.9, 212.9, 75.2)
(13.7, 221.6, 75.4)
(12.0, 227.2, 74.7)
(10.2, 230.9, 73.9)
(8.0, 233.0, 73.1)
(8.0, 233.0, 73.1)
    
(13.0, 165.9, 66.6)
(11.2, 179.5, 69.7)
(8.2, 193.0, 70.4)
(8.4, 204.8, 71.8)
(10.1, 215.6, 75.1)
(10.7, 224.1, 77.6)
(8.6, 228.8, 77.4)
(5.4, 231.8, 75.2)
(2.2, 233.5, 72.7)
(2.2, 233.5, 72.7)
    
(11.2, 178.3, 66.1)
(11.2, 178.3, 66.1)
(13.2, 188.0, 72.3)
(11.4, 198.3, 74.8)
(8.2, 208.2, 75.4)
(6.7, 217.0, 75.4)
(7.2, 224.6, 76.5)
(7.2, 229.2, 77.8)
(5.7, 232.0, 77.4)
(5.7, 232.0, 77.4)
    
(2.5, 170.2, 65.5)
(6.9, 181.0, 70.4)
(10.4, 193.6, 74.7)
(10.4, 204.5, 76.2)
(8.1, 212.8, 75.9)
(6.0, 218.6, 74.8)
(5.4, 223.0, 75.4)
(5.6, 226.4, 75.7)
(4.6, 229.3, 74.7)
(2.3, 231.9, 71.8)
    
(9.1, 181.8, 62.4)
(12.3, 191.3, 68.5)
(12.0, 201.1, 72.2)
(12.0, 201.1, 72.2)
(10.5, 209.5, 72.8)
(8.5, 217.0, 72.8)
(7.2, 222.9, 73.1)
(6.6, 227.7, 73.9)
(5.9, 231.3, 74.1)
(5.0, 234.1, 73.2)
    
(17.0, 178.5, 63.9)
(18.6, 188.6, 67.4)
(16.1, 198.5, 69.9)
(12.2, 207.0, 72.1)
(10.1, 213.5, 74.1)
(9.5, 219.2, 75.5)
(9.3, 225.0, 75.8)
(9.3, 225.0, 75.8)
(8.9, 230.2, 74.8)
(7.3, 233.8, 73.0)
    
(11.2, 176.2, 66.8)
(9.4, 189.3, 68.1)
(8.2, 201.2, 69.7)
(8.3, 211.8, 72.6)
(8.8, 219.8, 75.9)
(8.9, 225.9, 77.9)
(7.9, 230.3, 77.4)
(7.9, 230.3, 77.4)
(6.1, 233.1, 74.8)
(3.1, 234.7, 71.4)
    
(0.4, 178.1, 61.3)
(3.4, 188.5, 62.7)
(10.0, 198.2, 67.9)
(14.6, 205.8, 73.3)
(15.1, 211.1, 75.9)
(10.3, 215.7, 75.3)
(4.7, 220.1, 72.3)
(0.9, 224.9, 69.4)
(0.0, 229.1, 67.2)
(0.0, 229.1, 67.2)
    
(5.7, 169.1, 55.9)
(6.1, 183.8, 62.5)
(6.7, 197.1, 68.4)
(7.8, 208.8, 74.7)
(9.3, 218.5, 80.7)
(9.3, 218.5, 80.7)
(10.1, 227.1, 84.6)
(8.2, 232.4, 85.2)
(4.4, 234.9, 83.0)
(0.4, 236.5, 79.9)
    
(15.5, 174.8, 68.4)
(13.7, 189.8, 71.3)
(9.7, 204.8, 71.9)
(7.5, 217.0, 72.4)
(7.5, 217.0, 72.4)
(9.7, 227.2, 75.5)
(11.7, 234.0, 79.1)
(12.0, 238.5, 80.9)
(10.8, 241.4, 80.9)
(7.5, 243.6, 78.7)
    
(3.9, 167.0, 61.4)
(9.5, 179.7, 65.0)
(12.9, 194.5, 68.7)
(12.9, 194.5, 68.7)
(13.6, 207.6, 71.9)
(13.2, 218.0, 74.4)
(12.5, 225.6, 75.7)
(11.0, 231.5, 75.6)
(8.5, 235.5, 74.2)
(5.7, 238.3, 71.6)
    
(12.1, 184.2, 71.3)
(12.1, 184.2, 71.3)
(11.9, 196.8, 73.4)
(9.5, 209.9, 73.7)
(9.9, 218.3, 72.7)
(10.3, 224.1, 73.6)
(9.6, 227.4, 74.1)
(7.7, 230.2, 73.3)
(5.1, 233.3, 71.3)
(2.7, 236.6, 68.5)
    
(12.3, 174.0, 68.2)
(13.5, 184.1, 74.6)
(13.5, 184.1, 74.6)
(12.3, 195.8, 77.5)
(8.8, 209.0, 78.1)
(6.5, 218.9, 77.5)
(6.9, 226.2, 78.1)
(6.9, 231.4, 79.6)
(5.5, 234.7, 79.9)
(2.5, 236.4, 78.6)
    
(6.4, 176.6, 66.7)
(9.2, 188.6, 69.4)
(9.2, 188.6, 69.4)
(10.3, 202.3, 71.8)
(9.5, 215.7, 73.7)
(8.8, 224.7, 74.3)
(8.6, 231.7, 75.6)
(7.3, 235.6, 75.6)
(6.1, 237.9, 75.0)
(4.0, 240.0, 73.7)
    
(3.0, 173.9, 67.2)
(3.1, 185.7, 67.5)
(3.1, 185.7, 67.5)
(6.6, 198.6, 70.1)
(10.8, 211.9, 73.6)
(12.1, 222.1, 75.9)
(10.7, 229.5, 76.1)
(7.8, 234.0, 74.0)
(4.2, 237.1, 72.0)
(1.8, 239.5, 70.8)
    
(8.7, 171.9, 65.6)
(11.3, 187.8, 68.3)
(11.3, 187.8, 68.3)
(11.7, 202.9, 71.5)
(12.7, 216.5, 75.3)
(13.2, 226.8, 79.5)
(13.5, 233.6, 81.5)
(12.5, 236.8, 79.7)
(8.3, 238.6, 74.6)
(3.4, 240.2, 70.0)
    
(1.9, 170.1, 65.9)
(12.3, 178.9, 69.0)
(12.3, 178.9, 69.0)
(18.4, 190.5, 72.1)
(18.6, 203.3, 73.5)
(14.1, 212.6, 73.0)
(10.4, 219.5, 72.1)
(9.9, 225.3, 72.4)
(10.8, 230.0, 73.3)
(10.0, 233.7, 72.0)
    
(16.3, 177.2, 66.8)
(16.3, 177.2, 66.8)
(20.4, 188.9, 70.8)
(20.6, 202.7, 74.1)
(16.8, 214.7, 75.3)
(14.2, 225.5, 76.0)
(13.8, 234.5, 77.1)
(13.9, 242.0, 78.0)
(12.9, 245.0, 76.2)
(11.4, 246.9, 73.9)
    
(10.3, 173.5, 71.4)
(12.1, 185.2, 73.3)
(13.4, 197.6, 74.1)
(15.0, 208.7, 75.6)
(15.2, 217.2, 77.4)
(14.1, 224.0, 79.1)
(11.9, 229.1, 79.3)
(9.3, 233.1, 77.5)
(9.3, 233.1, 77.5)
(7.5, 235.6, 74.3)
    
(15.4, 181.8, 67.8)
(15.4, 181.8, 67.8)
(14.5, 193.0, 70.0)
(13.2, 203.7, 71.2)
(12.3, 212.4, 73.1)
(11.5, 219.1, 74.5)
(10.3, 225.0, 75.6)
(9.5, 229.3, 75.2)
(8.4, 231.8, 73.6)
(6.1, 233.7, 71.1)
    
(9.8, 174.6, 65.4)
(8.2, 187.6, 70.1)
(6.4, 200.2, 72.3)
(8.0, 211.1, 73.1)
(9.6, 218.7, 74.1)
(7.8, 224.4, 74.9)
(5.3, 227.8, 74.2)
(3.6, 230.7, 72.7)
(1.1, 233.0, 70.4)
(1.1, 233.0, 70.4)
    
(12.0, 181.3, 70.0)
(11.4, 192.3, 71.8)
(11.4, 202.7, 72.6)
(11.4, 202.7, 72.6)
(11.7, 213.2, 74.0)
(13.3, 220.5, 75.1)
(14.4, 226.5, 76.3)
(14.2, 230.1, 76.1)
(12.5, 233.0, 75.3)
(9.3, 235.5, 71.6)
    
(16.8, 176.3, 63.3)
(13.2, 186.0, 66.9)
(9.3, 194.1, 69.7)
(8.9, 201.5, 72.7)
(8.9, 201.5, 72.7)
(10.4, 209.3, 75.3)
(10.8, 217.6, 76.8)
(9.3, 223.7, 76.2)
(7.3, 227.8, 74.3)
(4.7, 231.0, 72.2)
    
(6.2, 172.0, 67.1)
(6.3, 186.1, 68.5)
(9.3, 198.8, 72.1)
(11.6, 207.8, 75.8)
(11.5, 214.6, 78.1)
(11.5, 214.6, 78.1)
(10.1, 220.5, 79.5)
(7.7, 226.5, 80.1)
(5.8, 230.5, 78.9)
(4.1, 232.8, 76.4)
    
(8.0, 181.2, 65.8)
(7.8, 189.9, 69.3)
(6.9, 197.9, 72.2)
(6.9, 205.9, 74.7)
(6.9, 205.9, 74.7)
(6.9, 213.3, 76.7)
(5.3, 220.0, 77.5)
(3.0, 225.5, 76.1)
(1.8, 229.5, 74.9)
(0.8, 232.6, 74.3)
    
(10.4, 167.9, 61.4)
(15.4, 179.4, 66.0)
(13.8, 192.3, 69.9)
(9.6, 204.1, 72.0)
(7.6, 214.7, 74.6)
(9.4, 222.7, 77.6)
(10.1, 228.8, 79.7)
(10.1, 228.8, 79.7)
(8.2, 232.6, 78.9)
(5.6, 235.6, 76.7)
    
(9.9, 175.9, 66.6)
(10.1, 187.5, 70.9)
(8.1, 198.3, 71.4)
(6.5, 207.3, 71.5)
(5.0, 214.2, 72.5)
(3.9, 219.6, 74.2)
(2.7, 223.6, 75.9)
(0.5, 226.8, 76.7)
(0.5, 226.8, 76.7)
(358.5, 228.6, 76.1)
    
(16.4, 183.3, 71.0)
(17.3, 194.6, 76.4)
(14.2, 204.1, 78.3)
(11.0, 211.6, 77.9)
(9.7, 218.0, 77.0)
(9.2, 223.9, 76.6)
(8.0, 228.8, 76.1)
(5.8, 232.5, 74.9)
(3.1, 235.1, 73.3)
(3.1, 235.1, 73.3)
    
(6.0, 177.3, 67.2)
(1.8, 188.3, 67.2)
(3.0, 199.3, 69.1)
(6.5, 208.7, 73.9)
(8.9, 216.7, 78.6)
(8.6, 222.7, 81.1)
(5.3, 226.2, 79.6)
(1.0, 229.2, 76.0)
(1.0, 229.2, 76.0)
(357.5, 231.9, 72.5)
    
(7.2, 188.7, 65.6)
(7.2, 188.7, 65.6)
(4.3, 199.6, 68.0)
(5.2, 208.5, 70.7)
(8.0, 216.7, 74.8)
(8.1, 223.2, 76.3)
(6.0, 227.8, 74.8)
(2.7, 231.6, 71.6)
(0.5, 234.2, 69.6)
(359.5, 236.0, 68.7)
    
(355.4, 168.6, 63.7)
(3.9, 180.1, 66.5)
(11.7, 192.5, 71.8)
(15.1, 203.2, 75.4)
(13.6, 211.6, 76.4)
(8.2, 218.0, 74.5)
(4.3, 223.0, 72.0)
(2.9, 226.5, 71.2)
(2.5, 229.5, 71.2)
(2.5, 229.5, 71.2)
    
(7.2, 169.7, 64.9)
(10.6, 181.4, 70.5)
(10.6, 181.4, 70.5)
(12.6, 194.4, 74.7)
(11.9, 204.9, 77.2)
(8.9, 212.8, 78.2)
(6.3, 217.2, 78.6)
(3.9, 220.2, 79.0)
(1.3, 222.8, 78.8)
(358.8, 225.8, 77.8)
    
(12.7, 181.4, 66.1)
(9.8, 189.6, 69.0)
(6.4, 197.7, 69.9)
(4.3, 204.9, 70.4)
(4.3, 204.9, 70.4)
(3.4, 210.8, 72.1)
(4.0, 216.2, 75.7)
(3.6, 220.4, 78.1)
(1.7, 224.0, 78.4)
(358.7, 226.8, 76.4)
    
(359.7, 173.4, 60.2)
(6.1, 183.4, 64.2)
(11.5, 191.5, 70.2)
(13.8, 199.4, 76.7)
(14.5, 207.1, 81.7)
(11.9, 214.8, 83.4)
(11.9, 214.8, 83.4)
(8.0, 221.6, 82.0)
(4.8, 227.3, 79.5)
(4.1, 231.5, 77.2)
    
(8.8, 180.1, 63.2)
(12.8, 191.1, 70.1)
(12.4, 201.5, 74.4)
(8.9, 211.0, 75.6)
(5.2, 218.4, 74.0)
(5.2, 218.4, 74.0)
(2.7, 223.5, 71.9)
(1.5, 226.6, 71.4)
(0.8, 227.9, 73.3)
(360.0, 228.9, 74.1)
    
(10.0, 168.4, 62.5)
(10.0, 177.5, 66.4)
(9.0, 186.9, 67.4)
(7.5, 194.9, 68.5)
(5.6, 201.5, 70.0)
(4.2, 206.6, 72.3)
(3.7, 210.6, 75.6)
(3.3, 214.0, 78.0)
(3.3, 214.0, 78.0)
(2.5, 217.6, 79.0)
    
(5.7, 185.3, 75.8)
(7.4, 200.3, 83.1)
(5.3, 211.3, 85.1)
(1.8, 218.8, 85.1)
(358.3, 223.4, 85.8)
(355.2, 226.3, 87.2)
(354.0, 228.5, 89.0)
(354.0, 228.5, 89.0)
(353.2, 230.8, 89.9)
(352.1, 232.7, 89.2)
    
(356.8, 176.1, 60.3)
(6.7, 194.9, 67.7)
(10.0, 208.3, 73.6)
(10.2, 219.1, 79.7)
(9.1, 227.5, 84.3)
(9.3, 235.2, 87.6)
(8.7, 240.3, 86.4)
(8.7, 240.3, 86.4)
(6.6, 243.0, 82.3)
(4.0, 244.6, 77.3)
    
(12.4, 179.7, 71.7)
(12.4, 179.7, 71.7)
(11.9, 198.9, 77.0)
(9.1, 216.2, 79.9)
(6.5, 230.2, 81.5)
(5.9, 237.1, 82.6)
(4.2, 240.7, 83.0)
(1.4, 241.9, 81.9)
(358.2, 242.6, 79.2)
(355.2, 243.7, 75.2)
    
(351.6, 171.6, 61.3)
(355.5, 185.6, 68.6)
(355.5, 185.6, 68.6)
(359.3, 201.3, 76.1)
(0.3, 216.3, 81.8)
(358.8, 229.3, 83.8)
(357.3, 236.5, 83.2)
(355.8, 240.3, 82.0)
(354.0, 240.9, 79.0)
(351.0, 240.6, 75.5)
    
(2.5, 178.5, 57.5)
(8.7, 192.4, 71.5)
(8.7, 204.5, 82.2)
(5.4, 212.2, 87.0)
(1.7, 218.0, 89.5)
(1.7, 218.0, 89.5)
(359.2, 223.2, 91.8)
(357.8, 227.9, 93.5)
(355.6, 231.0, 93.6)
(352.2, 232.7, 92.6)
    
(0.4, 188.1, 62.4)
(1.5, 204.2, 70.7)
(5.7, 220.1, 80.9)
(5.7, 220.1, 80.9)
(10.7, 234.3, 88.7)
(12.1, 243.1, 92.3)
(9.0, 247.2, 91.7)
(6.1, 248.3, 89.7)
(4.7, 248.2, 87.9)
(3.3, 247.3, 86.9)
    
(353.5, 176.6, 58.0)
(357.0, 192.4, 64.7)
(358.8, 204.6, 72.6)
(1.0, 214.9, 80.4)
(0.9, 224.5, 85.7)
(359.5, 230.4, 85.1)
(359.5, 230.4, 85.1)
(357.4, 233.7, 82.6)
(353.7, 235.8, 79.7)
(351.2, 237.7, 78.4)
    
(16.8, 181.0, 63.0)
(19.2, 198.3, 68.8)
(18.3, 210.0, 74.1)
(16.9, 218.5, 79.6)
(15.6, 224.7, 84.4)
(13.9, 230.2, 88.3)
(13.9, 230.2, 88.3)
(11.7, 233.4, 88.5)
(7.8, 235.6, 86.2)
(2.5, 237.1, 82.7)
    
(356.8, 175.5, 65.4)
(7.5, 192.1, 76.1)
(11.9, 207.4, 82.5)
(10.2, 218.1, 84.5)
(6.6, 224.3, 84.0)
(3.8, 229.2, 84.5)
(2.3, 232.4, 85.2)
(2.3, 232.4, 85.2)
(1.8, 235.3, 84.8)
(0.7, 237.4, 83.4)
    
(8.6, 180.9, 65.9)
(8.4, 193.2, 71.9)
(8.0, 204.0, 78.2)
(7.0, 212.9, 83.2)
(4.9, 221.9, 86.8)
(4.9, 221.9, 86.8)
(1.4, 228.1, 86.9)
(358.6, 232.1, 85.8)
(356.0, 234.6, 83.6)
(352.5, 236.5, 81.8)
    
(8.1, 181.3, 65.2)
(7.9, 194.7, 70.3)
(7.0, 206.6, 75.5)
(8.8, 216.9, 80.8)
(9.4, 225.0, 84.5)
(7.4, 230.5, 84.8)
(4.1, 233.6, 82.7)
(359.6, 235.6, 79.6)
(355.4, 236.6, 76.6)
(355.4, 236.6, 76.6)
    
(7.1, 180.4, 66.5)
(7.1, 180.4, 66.5)
(12.0, 194.9, 72.8)
(9.2, 206.3, 75.3)
(4.7, 214.2, 76.2)
(3.7, 219.4, 78.8)
(4.7, 225.2, 83.6)
(3.6, 230.0, 85.6)
(1.2, 232.9, 83.8)
(356.5, 234.6, 79.1)
    
(15.3, 178.8, 66.3)
(17.8, 190.5, 73.5)
(20.1, 200.9, 78.8)
(18.3, 208.8, 80.9)
(18.3, 208.8, 80.9)
(14.1, 215.3, 80.9)
(10.7, 220.6, 79.9)
(8.2, 226.3, 79.5)
(6.3, 230.2, 79.4)
(3.7, 232.9, 79.3)
    
(16.7, 176.0, 62.4)
(14.9, 185.1, 66.5)
(11.1, 194.1, 69.6)
(7.5, 202.7, 71.3)
(6.4, 211.5, 73.5)
(6.4, 211.5, 73.5)
(6.6, 219.4, 76.7)
(7.7, 226.6, 79.3)
(7.7, 231.3, 79.8)
(5.5, 234.0, 78.2)
    
(16.2, 182.4, 71.1)
(15.1, 192.0, 76.2)
(14.0, 201.5, 80.8)
(14.3, 209.8, 83.0)
(14.3, 209.8, 83.0)
(14.5, 217.6, 84.0)
(12.7, 223.7, 83.9)
(8.8, 228.6, 83.4)
(5.5, 231.7, 82.5)
(3.2, 234.0, 82.2)
    
(5.7, 177.4, 60.7)
(4.9, 186.8, 66.4)
(6.1, 195.8, 71.5)
(6.1, 204.4, 76.0)
(3.8, 212.6, 78.6)
(3.8, 212.6, 78.6)
(1.8, 218.3, 79.4)
(1.1, 221.7, 79.3)
(359.4, 224.1, 79.3)
(355.8, 225.5, 77.8)
    
(12.1, 175.9, 62.9)
(13.3, 183.9, 70.0)
(12.5, 192.3, 75.6)
(10.0, 201.3, 78.8)
(10.0, 201.3, 78.8)
(6.3, 209.1, 78.3)
(2.9, 215.6, 76.7)
(1.2, 220.9, 75.8)
(1.5, 223.7, 76.4)
(1.3, 225.2, 76.9)
    
(8.4, 181.4, 62.9)
(8.4, 190.3, 66.4)
(9.2, 197.5, 71.9)
(10.4, 203.3, 77.7)
(10.4, 203.3, 77.7)
(10.4, 208.0, 81.4)
(8.1, 212.3, 82.9)
(4.3, 215.9, 81.7)
(0.5, 219.5, 79.5)
(358.6, 222.3, 78.4)
    
(6.5, 173.3, 66.4)
(10.6, 182.0, 73.0)
(12.6, 191.5, 78.0)
(12.6, 191.5, 78.0)
(9.7, 199.8, 79.6)
(5.1, 207.1, 79.4)
(2.8, 213.6, 79.5)
(3.7, 220.0, 81.2)
(4.2, 224.7, 82.7)
(2.5, 228.0, 82.4)
    
(7.2, 180.0, 70.1)
(7.2, 180.0, 70.1)
(3.8, 187.5, 71.9)
(2.7, 194.6, 73.0)
(3.2, 201.0, 74.9)
(3.5, 206.5, 77.1)
(1.7, 210.9, 77.8)
(358.4, 214.4, 77.2)
(355.2, 217.4, 76.1)
(352.7, 220.0, 75.2)
    
(1.7, 184.6, 66.5)
(0.6, 194.4, 70.2)
(0.6, 194.4, 70.2)
(2.8, 202.0, 75.4)
(4.5, 208.2, 80.0)
(3.7, 212.3, 82.0)
(360.0, 215.4, 81.3)
(355.7, 218.0, 79.3)
(352.7, 220.5, 78.0)
(351.8, 222.8, 78.1)
    
(3.7, 185.3, 56.1)
(6.1, 193.0, 64.7)
(7.9, 199.9, 72.5)
(7.9, 199.9, 72.5)
(5.7, 204.7, 76.5)
(1.3, 208.6, 77.6)
(357.2, 212.1, 77.3)
(355.1, 216.0, 77.5)
(354.3, 218.8, 78.1)
(353.2, 220.9, 78.4)
    
(13.4, 172.4, 65.5)
(11.3, 184.9, 66.6)
(9.4, 194.4, 70.3)
(8.0, 201.3, 74.3)
(6.9, 207.2, 77.9)
(5.2, 212.5, 79.6)
(5.2, 212.5, 79.6)
(2.4, 216.9, 78.5)
(359.4, 220.2, 75.8)
(356.8, 222.2, 73.4)
    
(9.6, 183.2, 67.6)
(7.5, 194.0, 71.3)
(7.6, 202.0, 76.1)
(8.1, 208.9, 81.9)
(7.0, 214.2, 85.4)
(4.9, 218.8, 85.8)
(2.1, 222.8, 83.4)
(2.1, 222.8, 83.4)
(358.4, 226.0, 80.5)
(355.2, 228.2, 77.6)
    
(3.5, 171.4, 65.9)
(8.0, 184.1, 69.8)
(12.6, 195.0, 74.8)
(14.4, 201.7, 79.2)
(11.8, 206.4, 82.0)
(11.8, 206.4, 82.0)
(7.7, 210.1, 83.0)
(3.9, 214.3, 82.4)
(2.2, 219.1, 80.3)
(1.5, 222.7, 78.7)
    
(16.1, 180.7, 72.9)
(10.8, 189.7, 73.2)
(8.2, 197.9, 73.9)
(8.9, 206.5, 77.3)
(11.4, 214.3, 81.5)
(9.9, 219.3, 83.7)
(5.7, 221.5, 84.1)
(1.1, 223.2, 83.5)
(355.8, 225.5, 82.5)
(355.8, 225.5, 82.5)
    
/n
