    
    
    
    
    
    
    
    
(28.2, 154.7, 111.8)
(23.6, 160.7, 115.8)
(23.6, 160.7, 115.8)
(20.2, 164.6, 118.1)
(16.3, 165.3, 118.6)
(11.3, 162.9, 119.0)
(8.7, 161.6, 120.7)
(8.7, 161.6, 120.7)
(8.5, 163.3, 123.5)
(8.4, 166.8, 126.2)
    
(22.2, 183.6, 126.7)
(18.8, 183.5, 123.7)
(14.9, 182.4, 122.0)
(11.5, 182.9, 121.9)
(11.2, 187.8, 124.3)
(11.2, 187.8, 124.3)
(11.0, 192.7, 127.9)
(8.5, 193.4, 129.6)
(4.6, 191.1, 129.1)
(3.8, 190.3, 127.8)
    
(14.1, 151.6, 96.3)
(13.3, 155.5, 100.6)
(13.3, 155.5, 100.6)
(12.3, 165.1, 103.6)
(12.5, 175.1, 107.0)
(13.1, 186.4, 112.9)
(12.2, 195.2, 119.1)
(12.2, 195.2, 119.1)
(10.1, 197.1, 122.4)
(4.4, 190.9, 120.2)
    
(31.3, 166.3, 112.5)
(31.3, 166.3, 112.5)
(30.0, 166.6, 109.6)
(27.3, 167.3, 111.8)
(25.5, 167.4, 116.9)
(25.1, 170.6, 121.1)
(25.1, 170.6, 121.1)
(25.0, 176.4, 125.7)
(24.2, 183.4, 129.3)
(22.1, 186.1, 128.6)
    
(27.0, 154.0, 107.4)
(27.0, 154.0, 107.4)
(29.5, 158.7, 114.1)
(30.4, 161.9, 119.6)
(29.7, 161.5, 122.1)
(26.5, 160.8, 121.5)
(26.5, 160.8, 121.5)
(23.7, 162.2, 121.2)
(21.5, 166.2, 122.0)
(18.9, 169.8, 124.0)
    
(27.6, 156.7, 99.9)
(27.6, 156.7, 99.9)
(24.7, 159.2, 102.7)
(26.2, 162.9, 106.6)
(30.6, 167.7, 111.6)
(31.4, 169.5, 114.7)
(31.4, 169.5, 114.7)
(29.5, 168.8, 115.1)
(26.9, 167.6, 114.6)
(24.1, 167.4, 114.5)
    
(25.7, 158.4, 105.7)
(28.2, 165.2, 113.8)
(28.2, 165.2, 113.8)
(28.2, 170.6, 119.8)
(24.4, 173.9, 120.8)
(20.5, 176.7, 120.2)
(20.5, 176.7, 120.2)
(17.5, 179.6, 120.0)
(16.6, 182.3, 121.1)
(16.6, 184.2, 122.9)
    
(325.3, 18.2, 147.4)
(335.4, 10.9, 154.3)
(347.1, 7.2, 160.4)
(347.1, 7.2, 160.4)
(356.0, 4.2, 165.6)
(2.4, 0.5, 169.1)
(8.8, 355.3, 170.4)
(13.5, 352.7, 169.6)
(14.9, 353.4, 168.0)
(14.9, 353.4, 168.0)
    
(342.9, 6.2, 125.5)
(343.4, 2.8, 128.0)
(345.0, 1.9, 129.1)
(347.7, 1.1, 129.0)
(347.7, 1.1, 129.0)
(350.7, 358.0, 130.1)
(353.8, 352.9, 132.0)
(0.3, 345.4, 133.4)
(2.8, 342.4, 134.0)
(2.8, 342.4, 134.0)
    
(343.2, 10.6, 119.5)
(348.6, 4.4, 119.8)
(353.5, 356.8, 121.4)
(355.3, 349.7, 123.3)
(356.3, 344.5, 124.8)
(356.3, 344.5, 124.8)
(358.1, 341.6, 125.6)
(1.2, 341.8, 126.6)
(2.8, 343.1, 128.1)
(2.3, 341.4, 128.7)
    
(342.7, 9.1, 114.8)
(345.3, 4.6, 117.5)
(345.3, 4.6, 117.5)
(348.3, 0.4, 119.2)
(352.7, 356.4, 120.4)
(357.9, 352.1, 121.6)
(2.2, 346.7, 121.8)
(2.2, 346.7, 121.8)
(4.8, 340.4, 121.3)
(5.8, 335.1, 121.1)
    
(345.7, 359.3, 129.7)
(352.1, 356.8, 128.5)
(359.1, 355.1, 126.1)
(4.8, 351.8, 124.9)
(9.2, 347.3, 125.2)
(9.2, 347.3, 125.2)
(13.3, 342.9, 127.1)
(17.1, 339.9, 127.7)
(22.1, 338.2, 127.0)
(24.4, 337.0, 125.4)
    
(359.0, 9.9, 123.9)
(1.6, 4.7, 124.8)
(5.3, 356.7, 126.5)
(12.0, 349.6, 127.8)
(12.0, 349.6, 127.8)
(18.0, 344.6, 127.8)
(24.0, 341.6, 128.0)
(26.5, 341.8, 128.7)
(25.8, 341.4, 129.2)
(25.8, 341.4, 129.2)
    
(353.0, 342.1, 147.4)
(359.2, 339.7, 145.6)
(359.2, 339.7, 145.6)
(5.9, 344.2, 143.9)
(9.6, 346.5, 141.3)
(12.1, 345.8, 138.0)
(12.1, 345.8, 138.0)
(14.5, 341.7, 134.9)
(17.1, 337.4, 132.2)
(20.8, 335.8, 130.9)
    
(328.5, 12.9, 117.1)
(333.0, 4.0, 121.1)
(337.4, 357.7, 123.3)
(337.4, 357.7, 123.3)
(343.4, 354.7, 124.1)
(348.7, 352.9, 125.1)
(352.6, 350.5, 126.5)
(353.9, 345.7, 128.4)
(353.9, 345.7, 128.4)
(354.2, 337.8, 130.3)
    
(354.1, 339.1, 136.8)
(1.9, 328.2, 135.1)
(1.9, 328.2, 135.1)
(8.1, 324.2, 132.8)
(15.9, 323.9, 129.9)
(23.1, 322.3, 125.7)
(23.1, 314.6, 118.5)
(23.1, 314.6, 118.5)
(20.4, 309.0, 114.1)
(21.2, 306.3, 111.9)
    
(354.9, 6.5, 110.9)
(357.2, 359.1, 112.8)
(0.0, 352.8, 114.3)
(0.0, 352.8, 114.3)
(2.8, 348.4, 115.2)
(5.1, 345.8, 115.2)
(7.4, 344.2, 114.2)
(9.4, 343.7, 113.3)
(9.4, 343.7, 113.3)
(10.9, 344.1, 112.6)
    
(335.1, 347.1, 125.5)
(335.1, 347.1, 125.5)
(342.4, 346.0, 123.1)
(347.4, 346.9, 119.8)
(350.3, 348.0, 117.0)
(350.3, 348.0, 117.0)
(350.4, 348.2, 115.9)
(350.3, 347.1, 115.9)
(351.6, 345.4, 116.4)
(354.6, 344.2, 117.1)
    
(324.8, 23.6, 113.5)
(327.3, 22.1, 115.0)
(330.0, 19.9, 116.9)
(330.0, 19.9, 116.9)
(331.9, 16.1, 119.1)
(333.5, 12.1, 120.7)
(334.4, 9.3, 121.7)
(335.5, 7.1, 122.4)
(335.5, 7.1, 122.4)
(336.3, 5.7, 122.8)
    
(327.5, 16.5, 113.7)
(329.3, 9.7, 119.1)
(332.0, 3.0, 124.3)
(332.0, 3.0, 124.3)
(334.8, 355.6, 128.9)
(338.0, 350.7, 130.1)
(342.7, 347.8, 129.4)
(347.2, 346.7, 127.8)
(347.2, 346.7, 127.8)
(350.4, 345.5, 126.3)
    
(355.3, 5.7, 119.2)
(359.4, 1.0, 121.2)
(4.0, 356.7, 124.0)
(4.0, 356.7, 124.0)
(8.8, 352.3, 127.0)
(11.6, 347.1, 129.0)
(12.7, 341.1, 129.9)
(13.1, 337.0, 129.3)
(13.1, 337.0, 129.3)
(13.7, 335.4, 128.0)
    
(329.0, 12.1, 107.9)
(332.2, 6.9, 108.6)
(332.2, 6.9, 108.6)
(335.2, 4.2, 109.5)
(338.5, 3.4, 111.1)
(342.3, 2.6, 113.0)
(345.0, 0.7, 114.5)
(345.0, 0.7, 114.5)
(344.8, 357.0, 115.5)
(342.7, 351.4, 116.7)
    
(321.1, 11.0, 121.9)
(326.5, 359.2, 129.6)
(326.5, 359.2, 129.6)
(333.7, 354.7, 131.0)
(339.6, 350.9, 131.2)
(343.7, 346.3, 129.5)
(344.8, 344.9, 127.7)
(344.8, 344.9, 127.7)
(344.7, 345.6, 126.9)
(345.0, 346.9, 126.5)
    
(334.3, 10.4, 137.4)
(338.5, 7.4, 138.8)
(341.7, 4.6, 140.5)
(345.9, 1.7, 142.7)
(345.9, 1.7, 142.7)
(350.3, 358.3, 144.9)
(354.1, 355.2, 146.4)
(357.8, 353.4, 147.0)
(359.8, 352.1, 146.4)
(359.8, 352.1, 146.4)
    
(2.9, 354.3, 155.9)
(2.9, 354.3, 155.9)
(4.0, 352.5, 155.7)
(6.0, 349.1, 154.5)
(9.2, 346.1, 153.4)
(12.1, 345.0, 152.3)
(12.1, 345.0, 152.3)
(13.7, 346.0, 151.9)
(14.5, 347.4, 151.6)
(13.7, 346.6, 150.5)
    
(324.9, 358.5, 153.5)
(328.1, 355.9, 155.4)
(328.1, 355.9, 155.4)
(332.9, 358.2, 153.5)
(339.1, 1.9, 152.7)
(344.5, 2.7, 152.4)
(348.2, 0.4, 152.0)
(348.2, 0.4, 152.0)
(350.2, 357.2, 151.7)
(350.7, 354.6, 151.8)
    
(348.7, 19.3, 132.3)
(352.0, 6.5, 138.1)
(352.0, 6.5, 138.1)
(352.4, 351.5, 144.8)
(351.1, 348.6, 148.8)
(349.7, 352.7, 147.6)
(350.1, 359.1, 142.7)
(350.1, 359.1, 142.7)
(352.4, 4.1, 139.4)
(353.4, 4.3, 139.0)
    
(343.4, 345.1, 142.0)
(349.5, 339.6, 143.8)
(352.3, 335.7, 143.9)
(352.7, 334.5, 142.8)
(352.7, 334.5, 142.8)
(352.4, 335.2, 141.1)
(352.8, 337.4, 139.7)
(354.4, 337.9, 139.4)
(357.1, 336.8, 139.8)
(357.1, 336.8, 139.8)
    
(26.7, 155.1, 139.2)
(15.3, 143.7, 135.8)
(12.0, 145.9, 137.9)
(12.0, 145.9, 137.9)
(14.8, 162.0, 146.5)
(13.1, 174.6, 153.7)
(7.1, 181.8, 156.2)
(3.3, 183.7, 156.6)
(3.3, 183.7, 156.6)
(2.0, 184.5, 155.6)
    
(28.7, 168.2, 116.9)
(27.0, 172.3, 119.4)
(23.4, 174.6, 119.7)
(20.3, 177.8, 119.9)
(20.3, 177.8, 119.9)
(18.1, 180.6, 120.6)
(16.0, 182.5, 121.2)
(14.0, 182.8, 121.2)
(14.0, 182.8, 121.2)
(12.4, 182.6, 120.7)
    
(33.3, 174.3, 117.4)
(33.3, 174.3, 117.4)
(29.7, 183.1, 120.8)
(26.5, 190.3, 119.5)
(24.4, 193.9, 117.2)
(21.1, 196.3, 116.0)
(21.1, 196.3, 116.0)
(17.3, 196.1, 116.3)
(15.3, 195.2, 115.6)
(15.2, 194.7, 114.2)
    
(39.4, 166.2, 108.8)
(38.9, 173.1, 113.4)
(37.2, 178.1, 116.5)
(37.2, 178.1, 116.5)
(35.2, 181.6, 117.9)
(33.1, 183.2, 117.5)
(30.7, 183.6, 116.4)
(27.8, 184.3, 114.6)
(27.8, 184.3, 114.6)
(26.3, 187.0, 113.8)
    
(21.2, 169.8, 109.8)
(17.7, 171.6, 109.8)
(14.4, 173.5, 109.9)
(12.3, 176.2, 110.2)
(12.3, 176.2, 110.2)
(11.4, 179.1, 111.0)
(10.9, 182.0, 112.9)
(9.9, 184.3, 115.5)
(9.0, 185.2, 117.2)
(9.0, 185.2, 117.2)
    
(31.6, 180.2, 120.1)
(31.6, 180.2, 120.1)
(29.9, 180.9, 119.7)
(27.8, 182.0, 120.0)
(25.1, 183.5, 121.1)
(22.1, 185.1, 122.0)
(22.1, 185.1, 122.0)
(18.7, 188.2, 123.1)
(17.2, 191.6, 123.8)
(16.1, 194.9, 124.8)
    
(33.3, 168.3, 116.6)
(31.1, 169.0, 117.8)
(31.1, 169.0, 117.8)
(26.3, 169.0, 117.2)
(19.4, 169.4, 116.1)
(13.8, 172.6, 115.8)
(11.3, 178.0, 116.5)
(11.3, 178.0, 116.5)
(10.9, 182.8, 117.2)
(10.9, 186.4, 117.8)
    
(27.6, 169.2, 112.7)
(27.8, 172.9, 114.1)
(27.8, 172.9, 114.1)
(27.5, 177.1, 115.6)
(25.6, 180.0, 116.5)
(22.8, 181.9, 116.4)
(20.5, 184.4, 116.5)
(20.5, 184.4, 116.5)
(20.3, 187.1, 117.3)
(20.8, 189.7, 118.6)
    
(19.6, 165.0, 105.1)
(14.9, 164.9, 107.6)
(16.5, 171.5, 110.5)
(20.0, 182.6, 115.0)
(21.0, 192.8, 119.3)
(21.0, 192.8, 119.3)
(19.7, 198.8, 120.9)
(15.9, 201.9, 120.4)
(11.9, 203.2, 118.8)
(9.4, 204.9, 117.8)
    
(29.6, 170.1, 110.8)
(27.7, 173.9, 112.7)
(27.6, 178.3, 115.9)
(27.7, 181.7, 118.3)
(27.7, 181.7, 118.3)
(26.2, 184.0, 119.3)
(24.1, 185.8, 118.4)
(21.6, 187.6, 117.2)
(19.5, 188.4, 116.0)
(19.5, 188.4, 116.0)
    
(27.3, 164.3, 115.1)
(24.0, 167.8, 113.6)
(24.0, 167.8, 113.6)
(21.4, 172.7, 113.3)
(19.5, 177.4, 113.5)
(16.6, 182.1, 113.5)
(13.5, 185.4, 112.7)
(13.5, 185.4, 112.7)
(10.0, 188.1, 111.1)
(6.4, 189.5, 109.0)
    
(29.8, 161.8, 117.6)
(29.8, 161.8, 117.6)
(28.4, 164.8, 117.6)
(26.7, 168.2, 117.1)
(23.4, 171.5, 116.4)
(20.0, 174.7, 115.8)
(20.0, 174.7, 115.8)
(16.4, 179.7, 116.8)
(13.6, 184.1, 117.9)
(11.9, 187.1, 118.4)
    
(22.2, 164.0, 108.1)
(16.1, 165.6, 107.2)
(2.8, 168.7, 111.4)
(354.2, 172.3, 115.2)
(354.2, 172.3, 115.2)
(354.7, 180.1, 116.4)
(358.1, 189.8, 117.5)
(358.1, 194.3, 119.6)
(356.0, 194.9, 122.3)
(356.0, 194.9, 122.3)
    
(29.9, 159.7, 116.5)
(30.6, 169.0, 120.1)
(28.2, 176.4, 122.8)
(24.7, 178.2, 123.1)
(24.7, 178.2, 123.1)
(20.6, 179.1, 122.4)
(17.6, 180.6, 121.0)
(16.5, 183.6, 120.4)
(15.4, 185.5, 120.4)
(15.4, 185.5, 120.4)
    
(3.5, 182.2, 105.1)
(357.8, 184.3, 106.0)
(357.2, 187.1, 106.3)
(359.8, 191.6, 105.5)
(359.8, 191.6, 105.5)
(359.7, 195.2, 103.6)
(357.1, 198.0, 101.6)
(353.2, 202.7, 99.0)
(353.2, 202.7, 99.0)
(353.1, 209.3, 97.9)
    
(28.8, 148.2, 94.6)
(31.2, 156.8, 99.7)
(33.3, 168.9, 108.1)
(31.0, 177.4, 110.7)
(31.0, 177.4, 110.7)
(26.8, 185.6, 109.4)
(21.9, 190.5, 106.1)
(17.1, 194.2, 102.6)
(13.4, 196.3, 100.1)
(13.4, 196.3, 100.1)
    
(30.8, 171.8, 123.4)
(28.0, 176.9, 123.4)
(22.9, 181.8, 124.2)
(22.9, 181.8, 124.2)
(16.6, 183.6, 123.3)
(11.2, 185.8, 121.8)
(9.4, 188.5, 122.2)
(9.1, 191.1, 124.2)
(9.1, 191.1, 124.2)
(10.0, 194.1, 126.3)
    
(29.5, 170.2, 120.2)
(23.2, 173.8, 118.6)
(23.2, 173.8, 118.6)
(19.3, 178.8, 119.6)
(18.0, 183.4, 122.2)
(17.5, 185.8, 124.8)
(15.0, 186.0, 124.6)
(15.0, 186.0, 124.6)
(11.3, 186.4, 122.9)
(8.1, 188.7, 121.2)
    
(25.0, 181.1, 126.9)
(21.5, 181.9, 125.6)
(18.2, 183.6, 124.9)
(18.2, 183.6, 124.9)
(15.9, 186.2, 125.6)
(13.5, 189.8, 126.8)
(12.3, 193.8, 127.9)
(11.8, 195.9, 128.4)
(11.8, 195.9, 128.4)
(11.1, 195.9, 128.3)
    
(26.2, 171.2, 122.9)
(24.4, 176.9, 127.3)
(22.2, 181.4, 129.7)
(22.2, 181.4, 129.7)
(19.7, 183.5, 128.7)
(17.0, 183.7, 125.0)
(14.7, 184.0, 121.8)
(12.5, 185.1, 120.1)
(12.5, 185.1, 120.1)
(11.0, 187.8, 120.9)
    
(24.1, 165.6, 113.9)
(22.8, 168.7, 115.5)
(22.8, 168.7, 115.5)
(20.5, 171.4, 116.4)
(16.5, 174.4, 116.7)
(13.4, 177.5, 116.5)
(11.6, 181.0, 116.2)
(11.6, 181.0, 116.2)
(12.5, 184.2, 116.4)
(13.8, 186.8, 116.9)
    
(32.0, 165.9, 115.5)
(33.3, 170.4, 124.0)
(32.1, 175.1, 126.2)
(29.6, 180.8, 125.9)
(27.2, 188.5, 123.5)
(27.2, 188.5, 123.5)
(25.1, 194.8, 123.1)
(21.1, 198.9, 123.9)
(16.8, 202.5, 124.9)
(16.8, 202.5, 124.9)
    
(23.1, 167.5, 110.9)
(23.3, 173.7, 113.7)
(23.3, 173.7, 113.7)
(23.9, 180.3, 116.2)
(26.1, 186.3, 118.1)
(27.1, 190.7, 119.6)
(26.2, 192.4, 119.7)
(26.2, 192.4, 119.7)
(24.3, 192.6, 118.1)
(22.7, 193.7, 116.8)
    
(22.1, 168.5, 101.2)
(21.7, 171.2, 101.6)
(20.3, 172.6, 103.6)
(19.3, 172.1, 106.4)
(20.1, 173.5, 108.0)
(20.1, 173.5, 108.0)
(20.1, 176.9, 109.0)
(18.3, 180.5, 109.8)
(14.8, 184.1, 110.2)
(10.8, 185.9, 109.9)
    
(21.4, 167.6, 102.3)
(21.4, 167.6, 102.3)
(20.1, 172.7, 104.8)
(18.6, 178.0, 107.4)
(17.6, 182.5, 108.5)
(18.7, 185.7, 108.7)
(21.1, 188.0, 109.5)
(21.1, 188.0, 109.5)
(21.2, 189.4, 109.6)
(20.7, 191.5, 109.5)
    
(31.3, 165.3, 114.0)
(27.5, 169.5, 113.9)
(23.3, 172.6, 113.7)
(18.7, 174.9, 112.8)
(17.2, 177.7, 112.7)
(17.2, 177.7, 112.7)
(17.8, 180.8, 114.2)
(17.6, 183.3, 114.7)
(16.6, 186.2, 114.9)
(14.4, 188.6, 113.9)
    
(21.3, 156.2, 98.6)
(19.6, 162.4, 102.8)
(17.4, 166.5, 105.5)
(15.7, 170.3, 106.6)
(15.7, 170.3, 106.6)
(14.1, 174.3, 106.5)
(11.1, 177.9, 105.8)
(8.4, 180.5, 105.2)
(6.9, 183.2, 104.7)
(6.9, 183.2, 104.7)
    
(9.8, 176.8, 107.2)
(3.0, 177.8, 107.8)
(358.5, 180.8, 107.6)
(356.8, 186.3, 106.6)
(358.3, 192.3, 105.6)
(358.3, 192.3, 105.6)
(0.1, 197.2, 104.9)
(359.8, 199.2, 103.6)
(358.1, 200.5, 101.9)
(355.7, 201.9, 100.1)
    
(8.9, 171.5, 103.7)
(7.5, 175.4, 104.5)
(10.3, 181.9, 107.1)
(13.8, 188.1, 110.3)
(14.1, 191.0, 111.2)
(14.1, 191.0, 111.2)
(10.7, 190.7, 109.0)
(5.4, 189.7, 105.5)
(358.7, 188.8, 101.6)
(354.8, 189.9, 99.0)
    
(26.4, 172.0, 108.9)
(25.9, 175.9, 111.0)
(25.9, 175.9, 111.0)
(24.5, 178.2, 111.4)
(22.7, 180.0, 110.3)
(19.9, 182.2, 108.8)
(16.8, 184.9, 107.3)
(16.8, 184.9, 107.3)
(14.0, 187.5, 105.9)
(13.6, 189.8, 105.2)
    
(23.5, 173.5, 107.1)
(23.0, 179.3, 108.9)
(22.1, 184.3, 110.0)
(19.8, 188.7, 110.7)
(17.2, 191.0, 109.9)
(17.2, 191.0, 109.9)
(14.5, 192.4, 108.6)
(11.3, 193.5, 106.8)
(8.4, 194.5, 105.5)
(8.4, 194.5, 105.5)
    
(23.6, 165.1, 93.2)
(18.3, 167.1, 92.7)
(11.5, 168.9, 93.4)
(11.5, 168.9, 93.4)
(5.4, 171.2, 95.7)
(4.6, 175.7, 97.4)
(7.8, 181.5, 99.0)
(11.2, 188.1, 101.1)
(11.2, 188.1, 101.1)
(11.9, 192.2, 102.8)
    
(18.0, 180.0, 98.8)
(17.4, 183.1, 99.5)
(15.2, 184.1, 98.5)
(12.4, 185.2, 97.0)
(12.4, 185.2, 97.0)
(10.8, 187.9, 97.1)
(10.1, 192.6, 98.4)
(10.7, 196.7, 99.9)
(10.7, 199.4, 100.2)
(10.7, 199.4, 100.2)
    
(34.8, 183.3, 101.9)
(34.8, 183.3, 101.9)
(33.1, 187.0, 100.8)
(28.9, 191.1, 100.3)
(26.2, 197.0, 100.8)
(26.6, 202.3, 100.8)
(26.6, 202.3, 100.8)
(28.5, 204.0, 99.4)
(27.5, 200.7, 94.1)
(21.6, 195.4, 86.9)
    
(23.1, 171.9, 94.3)
(18.3, 174.2, 92.2)
(12.7, 176.5, 90.6)
(12.7, 176.5, 90.6)
(9.0, 179.7, 90.2)
(9.4, 183.7, 91.5)
(12.3, 187.4, 93.3)
(14.1, 189.3, 94.2)
(14.1, 189.7, 93.7)
(14.1, 189.7, 93.7)
    
(35.5, 179.6, 106.9)
(35.5, 179.6, 106.9)
(34.0, 182.6, 107.1)
(31.8, 185.2, 107.1)
(30.0, 188.1, 107.0)
(29.1, 191.2, 106.1)
(29.1, 191.2, 106.1)
(28.1, 193.1, 104.6)
(26.2, 193.3, 102.2)
(23.3, 192.2, 98.3)
    
(27.8, 171.0, 107.4)
(25.5, 177.2, 109.2)
(19.2, 179.9, 107.6)
(15.2, 181.8, 103.4)
(15.2, 181.8, 103.4)
(14.5, 185.0, 101.3)
(14.6, 188.1, 101.0)
(14.7, 190.1, 101.4)
(13.8, 190.8, 100.5)
(13.8, 190.8, 100.5)
    
(27.9, 174.2, 98.0)
(25.9, 178.2, 97.4)
(23.8, 181.8, 97.3)
(22.0, 184.5, 96.9)
(22.0, 184.5, 96.9)
(20.1, 187.2, 96.3)
(18.4, 189.3, 95.0)
(17.2, 190.9, 93.5)
(15.9, 192.4, 92.0)
(15.9, 192.4, 92.0)
    
(24.7, 183.8, 100.2)
(20.0, 187.1, 98.9)
(14.7, 189.8, 96.9)
(11.1, 193.4, 95.8)
(11.1, 193.4, 95.8)
(10.4, 195.5, 95.3)
(10.9, 196.5, 95.3)
(10.8, 196.5, 94.6)
(9.4, 196.1, 92.9)
(9.4, 196.1, 92.9)
    
(23.6, 174.6, 101.9)
(20.9, 178.1, 101.8)
(15.6, 181.0, 99.7)
(11.8, 183.3, 97.4)
(9.3, 186.0, 95.9)
(9.3, 186.0, 95.9)
(8.8, 187.5, 95.8)
(9.1, 187.6, 96.4)
(8.8, 187.1, 96.3)
(7.8, 186.4, 95.2)
    
(25.2, 172.5, 95.3)
(27.0, 177.7, 98.3)
(28.3, 183.8, 100.8)
(26.1, 188.7, 101.7)
(22.9, 192.8, 101.3)
(22.9, 192.8, 101.3)
(21.0, 195.8, 99.4)
(20.0, 197.2, 97.4)
(18.4, 196.6, 94.9)
(16.8, 194.9, 92.3)
    
(26.3, 170.2, 93.1)
(25.9, 175.4, 94.9)
(25.3, 178.5, 95.5)
(25.3, 178.5, 95.5)
(24.7, 181.1, 95.6)
(23.7, 183.0, 94.7)
(21.6, 184.0, 93.2)
(19.3, 184.8, 91.7)
(16.9, 185.5, 90.3)
(16.9, 185.5, 90.3)
    
(15.5, 170.3, 96.1)
(14.5, 172.9, 95.7)
(12.3, 174.7, 94.7)
(10.9, 176.9, 93.8)
(10.8, 179.7, 93.5)
(10.8, 179.7, 93.5)
(11.2, 182.6, 93.7)
(11.1, 184.7, 93.7)
(10.1, 185.4, 92.9)
(8.2, 185.6, 91.3)
    
(25.9, 164.9, 88.0)
(23.7, 169.0, 87.7)
(23.1, 174.3, 88.5)
(23.8, 181.2, 90.8)
(23.8, 181.2, 90.8)
(23.4, 186.4, 92.5)
(22.3, 188.1, 91.9)
(21.1, 188.8, 90.4)
(19.6, 188.8, 88.2)
(19.6, 188.8, 88.2)
    
(11.0, 172.7, 98.2)
(8.5, 175.8, 98.3)
(8.5, 175.8, 98.3)
(5.5, 177.4, 97.7)
(3.3, 178.4, 97.2)
(1.8, 179.7, 96.5)
(1.3, 181.4, 96.3)
(1.3, 181.4, 96.3)
(1.4, 183.5, 96.5)
(0.6, 185.2, 96.2)
    
(12.2, 183.4, 97.8)
(11.6, 190.2, 99.1)
(11.2, 194.1, 98.8)
(11.2, 194.1, 98.8)
(10.6, 195.0, 96.8)
(8.5, 194.7, 93.9)
(6.8, 194.3, 92.1)
(5.3, 194.4, 90.8)
(5.3, 194.4, 90.8)
(4.4, 194.7, 89.6)
    
(19.7, 175.8, 97.2)
(15.8, 175.8, 94.9)
(15.8, 175.8, 94.9)
(11.4, 176.7, 92.2)
(9.5, 179.2, 89.9)
(8.7, 182.2, 88.8)
(7.9, 185.0, 88.3)
(7.9, 185.0, 88.3)
(7.0, 186.6, 87.6)
(6.2, 187.4, 86.6)
    
(17.0, 175.6, 94.8)
(15.5, 180.8, 95.9)
(14.5, 183.9, 96.4)
(12.9, 184.9, 96.0)
(12.9, 184.9, 96.0)
(11.1, 185.3, 95.1)
(9.9, 185.5, 94.0)
(9.0, 185.9, 92.9)
(8.0, 186.4, 91.7)
(8.0, 186.4, 91.7)
    
(16.5, 178.8, 94.9)
(14.8, 181.1, 94.5)
(12.2, 183.1, 93.6)
(12.2, 183.1, 93.6)
(9.7, 186.0, 92.4)
(8.8, 188.6, 91.2)
(8.5, 191.8, 90.3)
(7.5, 193.6, 90.0)
(7.5, 193.6, 90.0)
(5.3, 193.5, 88.7)
    
(13.6, 168.3, 99.0)
(10.2, 170.4, 98.4)
(7.6, 172.8, 98.0)
(7.6, 172.8, 98.0)
(6.8, 175.8, 98.4)
(7.0, 178.7, 99.4)
(6.7, 181.4, 100.0)
(5.9, 183.5, 99.7)
(5.9, 183.5, 99.7)
(5.1, 185.2, 98.9)
    
(23.6, 174.8, 102.5)
(21.9, 178.1, 103.9)
(20.1, 180.5, 104.6)
(18.5, 182.0, 104.4)
(16.9, 183.8, 103.4)
(16.9, 183.8, 103.4)
(15.7, 185.9, 102.6)
(15.1, 188.7, 102.7)
(15.0, 191.2, 103.3)
(15.1, 193.1, 103.7)
    
(19.0, 169.0, 102.6)
(18.3, 175.5, 104.2)
(16.6, 180.4, 104.8)
(16.6, 180.4, 104.8)
(14.9, 182.5, 103.9)
(12.9, 184.5, 102.8)
(10.9, 187.5, 102.2)
(9.6, 190.6, 101.6)
(9.6, 190.6, 101.6)
(8.6, 193.5, 101.2)
    
(24.6, 171.0, 105.7)
(23.5, 174.0, 105.0)
(22.6, 176.9, 104.4)
(21.5, 180.3, 103.8)
(20.1, 183.4, 103.6)
(19.1, 185.8, 103.8)
(19.1, 185.8, 103.8)
(18.5, 187.2, 103.7)
(17.9, 188.2, 103.3)
(17.2, 189.0, 102.6)
    
(22.9, 171.9, 103.1)
(20.9, 174.8, 102.8)
(20.0, 177.3, 102.6)
(20.0, 177.3, 102.6)
(19.4, 179.6, 102.7)
(18.7, 182.1, 103.0)
(18.0, 185.4, 103.5)
(17.1, 187.6, 103.4)
(17.1, 187.6, 103.4)
(16.2, 189.6, 103.4)
    
(19.6, 167.5, 101.2)
(19.6, 167.5, 101.2)
(19.3, 169.9, 102.2)
(18.8, 172.5, 103.0)
(17.9, 175.4, 103.5)
(17.0, 177.8, 103.5)
(17.0, 177.8, 103.5)
(15.5, 180.4, 103.2)
(14.1, 182.4, 102.9)
(12.7, 184.4, 102.7)
    
(25.3, 176.4, 107.2)
(23.6, 181.0, 107.0)
(21.0, 183.9, 105.8)
(21.0, 183.9, 105.8)
(17.7, 185.6, 104.0)
(13.7, 186.6, 102.1)
(9.5, 187.9, 100.7)
(7.7, 189.8, 99.7)
(7.7, 189.8, 99.7)
(7.7, 192.1, 99.2)
    
(19.9, 180.2, 101.2)
(15.5, 183.7, 100.4)
(12.6, 186.8, 99.5)
(12.4, 188.3, 98.9)
(12.4, 188.3, 98.9)
(13.1, 189.5, 98.4)
(13.9, 190.6, 98.2)
(13.9, 191.3, 97.7)
(13.0, 191.7, 96.5)
(13.0, 191.7, 96.5)
    
(22.3, 176.6, 102.4)
(19.1, 179.5, 101.4)
(15.6, 180.4, 99.5)
(13.2, 180.3, 97.7)
(13.2, 180.3, 97.7)
(11.3, 180.2, 95.7)
(9.4, 181.8, 94.7)
(8.6, 184.7, 94.0)
(8.3, 187.5, 93.5)
(8.3, 187.5, 93.5)
    
(19.0, 176.3, 102.0)
(18.6, 178.2, 101.6)
(16.7, 179.3, 100.1)
(14.4, 180.7, 98.1)
(14.4, 180.7, 98.1)
(12.5, 182.6, 96.2)
(10.9, 184.3, 94.4)
(10.0, 184.6, 92.8)
(9.0, 184.4, 91.1)
(9.0, 184.4, 91.1)
    
(20.2, 165.4, 96.9)
(21.2, 169.0, 98.3)
(20.0, 172.7, 98.6)
(16.7, 176.2, 97.6)
(12.6, 179.0, 95.8)
(12.6, 179.0, 95.8)
(10.3, 180.9, 94.3)
(10.0, 182.2, 93.3)
(10.5, 182.9, 92.5)
(11.0, 183.1, 91.6)
    
(17.9, 169.2, 97.0)
(15.5, 173.9, 96.1)
(14.4, 178.2, 95.9)
(14.4, 178.2, 95.9)
(14.0, 182.6, 96.6)
(13.4, 186.6, 97.9)
(11.7, 187.9, 97.1)
(9.4, 188.6, 95.1)
(9.4, 188.6, 95.1)
(7.7, 188.5, 92.8)
    
(14.5, 171.5, 102.6)
(12.1, 176.9, 102.0)
(12.1, 176.9, 102.0)
(12.2, 183.9, 102.1)
(13.1, 187.3, 103.4)
(12.9, 187.3, 102.9)
(11.9, 187.3, 100.9)
(11.9, 187.3, 100.9)
(10.9, 188.1, 99.2)
(10.0, 188.9, 98.1)
    
(14.2, 172.4, 98.5)
(10.7, 175.8, 96.1)
(8.7, 179.2, 94.4)
(8.7, 179.2, 94.4)
(7.4, 182.1, 94.1)
(7.0, 185.1, 94.4)
(7.5, 188.2, 94.8)
(7.5, 188.2, 94.8)
(7.9, 191.6, 95.1)
(7.2, 194.0, 94.7)
    
/n
(20.9, 173.5, 112.3)
(20.8, 176.7, 113.2)
(19.6, 180.5, 114.0)
(19.6, 180.5, 114.0)
(16.6, 183.6, 114.3)
(13.6, 186.7, 113.8)
(11.9, 188.8, 112.7)
(11.9, 188.8, 112.7)
(10.8, 190.0, 111.3)
(10.1, 191.0, 110.0)
    
(26.2, 166.2, 108.2)
(20.2, 168.7, 105.8)
(15.4, 173.4, 104.5)
(13.2, 179.5, 105.3)
(13.1, 186.2, 107.5)
(13.1, 186.2, 107.5)
(12.8, 190.2, 109.0)
(11.3, 193.0, 109.6)
(8.5, 194.6, 109.5)
(8.5, 194.6, 109.5)
    
(28.6, 172.1, 111.0)
(28.6, 172.1, 111.0)
(23.3, 175.3, 111.1)
(19.0, 179.1, 111.5)
(16.0, 183.4, 112.4)
(12.6, 186.8, 113.2)
(12.6, 186.8, 113.2)
(9.3, 188.4, 113.3)
(6.6, 189.8, 113.2)
(5.7, 191.9, 113.5)
    
(25.5, 181.2, 108.6)
(25.5, 181.2, 108.6)
(23.0, 184.2, 109.5)
(20.3, 185.7, 110.2)
(17.2, 187.3, 110.7)
(13.5, 189.1, 110.9)
(13.5, 189.1, 110.9)
(10.9, 191.5, 110.5)
(9.9, 194.6, 110.2)
(9.6, 197.4, 110.7)
    
(19.5, 174.0, 109.7)
(17.3, 178.8, 109.3)
(15.6, 183.2, 109.6)
(12.7, 187.3, 110.7)
(12.7, 187.3, 110.7)
(8.9, 189.6, 110.8)
(5.6, 190.7, 110.1)
(5.3, 192.0, 109.3)
(6.4, 193.9, 108.8)
(6.4, 193.9, 108.8)
    
(20.4, 174.2, 107.7)
(18.0, 177.0, 107.3)
(18.0, 177.0, 107.3)
(15.9, 179.0, 106.9)
(13.3, 180.7, 106.4)
(9.4, 182.0, 106.2)
(6.6, 183.4, 105.8)
(6.6, 183.4, 105.8)
(4.8, 185.4, 105.2)
(4.7, 188.1, 104.6)
    
(23.0, 170.5, 106.5)
(21.0, 173.1, 106.7)
(19.2, 175.8, 107.6)
(19.2, 175.8, 107.6)
(17.7, 178.4, 108.4)
(16.3, 180.9, 109.1)
(14.3, 182.9, 109.5)
(12.4, 184.7, 109.7)
(12.4, 184.7, 109.7)
(10.6, 187.0, 109.6)
    
(13.5, 169.3, 105.7)
(11.6, 175.8, 109.4)
(11.6, 175.8, 109.4)
(9.4, 182.6, 113.2)
(8.1, 187.0, 114.5)
(6.9, 190.9, 114.5)
(6.4, 194.4, 113.6)
(6.4, 194.4, 113.6)
(6.1, 196.5, 112.6)
(5.1, 198.6, 111.5)
    
(15.4, 170.6, 101.4)
(14.3, 174.8, 103.2)
(12.8, 178.7, 105.0)
(10.6, 182.7, 107.0)
(8.9, 185.8, 108.0)
(8.9, 185.8, 108.0)
(7.8, 188.4, 108.6)
(7.5, 190.2, 109.0)
(7.6, 191.4, 108.4)
(7.5, 192.1, 107.4)
    
(15.3, 169.4, 101.3)
(13.4, 173.5, 102.5)
(11.8, 177.1, 104.2)
(10.1, 179.8, 105.8)
(10.1, 179.8, 105.8)
(8.6, 182.3, 107.1)
(7.3, 184.6, 107.6)
(5.6, 186.9, 107.4)
(3.8, 188.7, 107.1)
(3.8, 188.7, 107.1)
    
(13.9, 167.7, 97.7)
(11.7, 170.4, 99.7)
(11.7, 170.4, 99.7)
(10.1, 173.1, 101.9)
(8.6, 175.8, 103.8)
(7.1, 178.1, 105.0)
(5.2, 180.1, 105.6)
(5.2, 180.1, 105.6)
(4.4, 182.2, 105.6)
(4.3, 184.9, 105.9)
    
(28.5, 162.7, 104.0)
(25.5, 166.4, 105.0)
(21.2, 170.3, 106.3)
(18.0, 173.4, 107.4)
(18.0, 173.4, 107.4)
(14.9, 176.0, 108.7)
(12.7, 178.4, 109.6)
(11.1, 180.6, 110.4)
(9.9, 182.6, 110.8)
(9.9, 182.6, 110.8)
    
(13.8, 167.9, 102.9)
(11.3, 171.1, 105.0)
(9.3, 174.7, 106.2)
(9.3, 174.7, 106.2)
(7.7, 178.1, 106.4)
(5.9, 180.9, 106.0)
(3.5, 182.9, 105.8)
(1.1, 184.8, 106.0)
(1.1, 184.8, 106.0)
(359.0, 186.9, 106.5)
    
(26.9, 170.8, 108.6)
(24.7, 172.9, 109.2)
(23.1, 175.4, 109.8)
(21.8, 177.5, 109.6)
(20.3, 179.0, 109.2)
(20.3, 179.0, 109.2)
(18.0, 179.9, 109.3)
(15.6, 180.6, 109.8)
(13.5, 181.5, 109.8)
(13.5, 181.5, 109.8)
    
(30.4, 171.4, 108.7)
(25.3, 172.3, 109.2)
(21.1, 174.1, 110.5)
(17.9, 177.7, 112.4)
(17.9, 177.7, 112.4)
(16.6, 181.7, 113.9)
(15.5, 184.3, 114.8)
(13.8, 184.6, 114.5)
(11.4, 184.0, 113.1)
(11.4, 184.0, 113.1)
    
(12.8, 171.5, 107.9)
(11.7, 174.3, 108.5)
(10.3, 177.1, 108.9)
(10.3, 177.1, 108.9)
(8.3, 179.0, 108.7)
(6.6, 180.2, 108.2)
(5.5, 181.5, 108.3)
(5.2, 183.1, 108.7)
(5.2, 183.1, 108.7)
(5.2, 184.4, 109.2)
    
(15.3, 185.3, 106.9)
(13.5, 190.0, 108.8)
(11.1, 193.4, 111.7)
(9.5, 195.3, 113.9)
(9.0, 197.6, 115.3)
(9.0, 197.6, 115.3)
(9.6, 199.9, 115.2)
(10.8, 201.9, 114.3)
(10.9, 202.1, 113.2)
(9.7, 201.1, 112.4)
    
(20.2, 177.0, 106.8)
(19.0, 181.5, 108.7)
(19.0, 181.5, 108.7)
(16.2, 184.3, 109.0)
(13.6, 184.5, 107.6)
(11.5, 184.7, 106.1)
(10.3, 186.0, 106.1)
(10.3, 186.0, 106.1)
(9.8, 188.5, 107.3)
(9.9, 191.6, 109.1)
    
(22.9, 175.0, 105.4)
(20.6, 178.0, 107.0)
(17.0, 180.2, 108.9)
(13.5, 182.8, 110.6)
(13.5, 182.8, 110.6)
(12.1, 187.0, 111.4)
(11.6, 192.5, 111.6)
(10.6, 197.2, 111.8)
(8.7, 201.2, 112.0)
(8.7, 201.2, 112.0)
    
(24.8, 164.5, 106.6)
(25.3, 173.2, 111.5)
(26.7, 182.8, 115.4)
(26.5, 189.4, 117.0)
(24.3, 192.1, 116.1)
(20.4, 192.9, 114.1)
(20.4, 192.9, 114.1)
(17.6, 193.6, 113.3)
(16.0, 195.5, 113.7)
(15.8, 198.7, 115.0)
    
(25.5, 174.4, 105.2)
(22.4, 176.9, 105.7)
(18.8, 178.9, 106.3)
(14.7, 180.9, 106.9)
(14.7, 180.9, 106.9)
(11.9, 183.5, 107.1)
(11.7, 186.3, 107.5)
(12.8, 189.4, 108.3)
(13.1, 192.4, 109.4)
(13.1, 192.4, 109.4)
    
(26.1, 172.3, 104.6)
(23.7, 175.0, 105.6)
(21.0, 177.4, 106.4)
(21.0, 177.4, 106.4)
(18.7, 179.9, 107.1)
(17.0, 182.6, 107.9)
(15.4, 185.4, 108.6)
(14.2, 187.2, 108.7)
(14.2, 187.2, 108.7)
(12.8, 188.6, 108.7)
    
(25.2, 182.5, 111.0)
(21.9, 186.7, 111.8)
(18.5, 188.6, 111.5)
(18.5, 188.6, 111.5)
(15.6, 189.1, 111.1)
(13.2, 190.0, 111.0)
(12.8, 192.4, 110.9)
(12.8, 192.4, 110.9)
(14.3, 196.3, 111.1)
(15.3, 199.8, 111.7)
    
(24.2, 175.9, 102.0)
(24.2, 175.9, 102.0)
(23.1, 180.8, 103.9)
(21.4, 185.6, 105.9)
(18.6, 189.9, 107.5)
(15.5, 193.3, 108.6)
(15.5, 193.3, 108.6)
(13.6, 195.4, 109.0)
(12.5, 196.9, 109.0)
(12.1, 198.4, 108.9)
    
(22.6, 176.8, 108.5)
(20.1, 181.9, 109.3)
(14.5, 184.4, 108.8)
(14.5, 184.4, 108.8)
(8.5, 185.1, 107.7)
(5.8, 186.5, 107.0)
(7.2, 189.6, 106.7)
(9.7, 193.7, 107.4)
(9.7, 193.7, 107.4)
(10.6, 196.9, 108.2)
    
(15.3, 178.5, 103.9)
(12.9, 178.2, 102.1)
(11.5, 179.3, 102.0)
(10.4, 181.7, 103.2)
(10.4, 181.7, 103.2)
(9.2, 184.8, 105.1)
(8.0, 187.4, 106.5)
(6.6, 189.7, 107.2)
(5.3, 191.6, 106.9)
(5.3, 191.6, 106.9)
    
(19.7, 179.9, 108.8)
(19.4, 183.4, 110.1)
(19.4, 183.4, 110.1)
(18.6, 186.3, 110.9)
(16.6, 187.4, 110.5)
(14.3, 187.2, 109.2)
(14.3, 187.2, 109.2)
(12.5, 187.3, 108.3)
(10.6, 187.9, 108.0)
(9.6, 189.1, 108.1)
    
(19.9, 172.6, 99.3)
(16.6, 176.2, 100.8)
(13.1, 180.3, 101.5)
(9.7, 185.9, 101.9)
(8.5, 190.1, 101.7)
(8.5, 190.1, 101.7)
(8.2, 193.0, 101.1)
(8.0, 193.8, 99.8)
(7.1, 193.7, 98.7)
(5.9, 194.2, 98.3)
    
(15.8, 173.1, 104.0)
(12.7, 177.3, 106.3)
(10.8, 180.5, 107.3)
(9.9, 183.6, 106.7)
(9.9, 183.6, 106.7)
(7.7, 187.0, 105.8)
(3.8, 191.1, 105.5)
(1.4, 195.6, 105.2)
(1.0, 198.7, 104.9)
(1.0, 198.7, 104.9)
    
(4.5, 182.8, 104.9)
(8.2, 187.7, 106.5)
(11.0, 194.4, 107.8)
(8.7, 198.8, 107.3)
(8.7, 198.8, 107.3)
(1.8, 202.1, 105.7)
(357.5, 203.5, 103.9)
(358.2, 204.9, 102.7)
(1.6, 206.3, 102.8)
(3.4, 206.9, 103.1)
    
(16.9, 172.0, 98.1)
(14.3, 176.9, 100.3)
(11.3, 181.9, 103.5)
(8.7, 186.9, 107.4)
(8.7, 186.9, 107.4)
(7.8, 189.8, 108.9)
(7.0, 191.3, 109.1)
(5.8, 191.6, 107.4)
(4.4, 192.5, 105.7)
(4.4, 192.5, 105.7)
    
(17.0, 178.4, 103.8)
(15.1, 182.4, 104.0)
(13.1, 186.8, 104.2)
(11.3, 190.9, 104.7)
(11.3, 190.9, 104.7)
(9.4, 194.1, 104.8)
(7.8, 195.6, 104.4)
(6.3, 196.4, 103.3)
(5.0, 196.8, 102.5)
(5.0, 196.8, 102.5)
    
(23.7, 179.1, 102.5)
(19.6, 180.0, 100.3)
(16.3, 180.6, 98.6)
(14.1, 181.4, 97.9)
(14.1, 181.4, 97.9)
(12.9, 183.3, 97.4)
(9.9, 188.6, 97.0)
(4.6, 193.0, 97.4)
(357.5, 197.6, 98.0)
(357.5, 197.6, 98.0)
    
(16.3, 170.3, 99.7)
(17.1, 174.5, 100.9)
(16.9, 177.9, 102.4)
(14.9, 181.2, 103.0)
(14.9, 181.2, 103.0)
(12.5, 183.5, 103.2)
(9.7, 185.7, 103.1)
(7.8, 186.9, 102.3)
(6.4, 187.9, 101.1)
(6.4, 187.9, 101.1)
    
(24.1, 176.2, 103.9)
(21.8, 181.9, 103.8)
(18.6, 187.4, 102.9)
(14.6, 191.3, 101.6)
(14.6, 191.3, 101.6)
(9.3, 193.6, 100.1)
(6.7, 194.3, 98.8)
(7.0, 194.9, 98.5)
(8.2, 195.7, 98.6)
(8.2, 195.7, 98.6)
    
(21.1, 171.3, 95.4)
(18.4, 174.7, 95.2)
(15.1, 178.4, 95.1)
(15.1, 178.4, 95.1)
(12.4, 180.8, 95.1)
(9.9, 182.7, 95.2)
(8.0, 183.4, 94.9)
(8.0, 183.4, 94.9)
(6.6, 184.0, 93.9)
(5.8, 184.8, 92.9)
    
(15.8, 178.3, 100.5)
(11.3, 181.4, 101.0)
(11.3, 181.4, 101.0)
(6.2, 183.3, 100.0)
(2.6, 185.9, 98.5)
(0.5, 188.9, 98.0)
(359.3, 191.4, 98.1)
(359.3, 191.4, 98.1)
(358.4, 193.0, 98.5)
(358.0, 194.0, 98.5)
    
(20.2, 175.3, 100.6)
(16.5, 180.3, 101.6)
(10.6, 184.4, 100.8)
(6.0, 187.6, 100.1)
(3.1, 191.1, 100.1)
(3.1, 191.1, 100.1)
(3.6, 195.6, 101.2)
(4.9, 198.4, 102.3)
(5.4, 199.4, 102.5)
(4.9, 198.7, 101.0)
    
(16.6, 181.9, 103.8)
(14.9, 186.0, 104.7)
(12.3, 188.9, 103.5)
(11.4, 192.2, 102.5)
(10.8, 196.4, 102.0)
(10.8, 196.4, 102.0)
(10.0, 199.9, 101.8)
(9.4, 202.4, 100.8)
(9.5, 203.8, 99.4)
(9.9, 204.3, 98.4)
    
(13.3, 178.1, 94.9)
(11.7, 181.8, 95.9)
(9.6, 185.1, 97.4)
(9.6, 185.1, 97.4)
(7.8, 188.0, 98.4)
(6.7, 190.5, 98.5)
(6.8, 192.5, 98.1)
(7.4, 194.2, 97.3)
(7.4, 194.2, 97.3)
(6.5, 195.8, 96.6)
    
(25.3, 198.5, 107.1)
(20.4, 202.7, 108.5)
(17.4, 207.1, 108.3)
(16.0, 212.6, 107.3)
(15.3, 216.0, 104.9)
(15.3, 216.0, 104.9)
(12.2, 216.1, 101.1)
(8.0, 214.9, 97.3)
(4.8, 214.6, 94.7)
(4.2, 215.9, 94.3)
    
(10.5, 186.2, 102.1)
(9.7, 189.7, 103.0)
(7.8, 192.4, 103.2)
(4.9, 192.9, 102.0)
(359.9, 192.8, 99.8)
(359.9, 192.8, 99.8)
(356.2, 193.1, 98.1)
(355.5, 194.5, 97.1)
(356.0, 196.6, 95.9)
(357.4, 198.4, 95.4)
    
(9.1, 179.3, 97.1)
(8.9, 183.5, 98.1)
(8.9, 183.5, 98.1)
(7.6, 186.5, 98.5)
(5.2, 189.3, 97.8)
(1.8, 191.7, 97.1)
(356.8, 193.9, 96.8)
(356.8, 193.9, 96.8)
(354.5, 194.9, 96.7)
(355.0, 195.6, 96.6)
    
(10.0, 177.2, 96.6)
(9.6, 183.0, 97.1)
(7.6, 186.8, 97.5)
(5.1, 189.9, 97.5)
(2.5, 192.8, 96.8)
(2.5, 192.8, 96.8)
(1.1, 195.0, 95.9)
(0.2, 196.9, 95.0)
(359.1, 197.9, 94.1)
(357.2, 199.1, 92.9)
    
(1.6, 164.6, 92.0)
(4.1, 168.7, 95.7)
(4.1, 168.7, 95.7)
(5.4, 171.1, 98.7)
(4.4, 172.4, 100.0)
(1.7, 173.7, 100.2)
(359.3, 176.2, 100.0)
(359.3, 176.2, 100.0)
(358.1, 180.0, 99.9)
(358.1, 185.1, 99.9)
    
(12.3, 184.1, 100.0)
(9.3, 185.7, 98.5)
(9.3, 185.7, 98.5)
(7.6, 187.4, 97.7)
(6.8, 189.3, 97.4)
(6.4, 190.6, 97.2)
(5.7, 191.4, 96.5)
(5.7, 191.4, 96.5)
(4.5, 192.0, 95.7)
(2.8, 192.5, 94.9)
    
(12.1, 179.0, 101.8)
(9.7, 183.0, 101.3)
(7.5, 187.6, 101.2)
(6.5, 193.1, 101.8)
(6.5, 193.1, 101.8)
(5.6, 196.8, 102.1)
(4.7, 199.1, 101.9)
(3.8, 200.1, 101.1)
(1.9, 200.2, 99.8)
(1.9, 200.2, 99.8)
    
(9.8, 183.7, 99.9)
(9.4, 187.7, 99.4)
(7.1, 191.9, 98.9)
(5.1, 194.0, 97.9)
(5.1, 194.0, 97.9)
(2.7, 195.2, 96.4)
(0.8, 195.2, 94.8)
(359.4, 195.0, 93.3)
(359.3, 195.2, 93.0)
(359.3, 195.2, 93.0)
    
(16.3, 188.9, 102.1)
(16.1, 192.4, 102.8)
(13.8, 193.9, 101.4)
(10.1, 195.2, 99.1)
(10.1, 195.2, 99.1)
(7.0, 197.7, 97.5)
(5.0, 200.4, 96.3)
(3.5, 203.8, 95.3)
(2.0, 204.2, 94.6)
(2.0, 204.2, 94.6)
    
(11.8, 173.5, 98.8)
(10.6, 178.5, 99.7)
(9.3, 183.4, 99.6)
(7.6, 186.7, 98.2)
(7.6, 186.7, 98.2)
(5.6, 189.7, 96.5)
(3.1, 192.0, 94.8)
(0.8, 194.2, 93.4)
(359.1, 195.5, 92.5)
(359.1, 195.5, 92.5)
    
(16.0, 170.5, 98.2)
(12.4, 174.6, 95.8)
(9.5, 180.8, 93.5)
(9.5, 180.8, 93.5)
(7.0, 186.5, 93.2)
(5.3, 189.9, 93.1)
(4.2, 193.0, 93.1)
(3.6, 193.9, 92.7)
(3.6, 193.9, 92.7)
(3.0, 194.1, 92.0)
    
(25.8, 172.9, 107.2)
(24.1, 179.2, 108.9)
(22.4, 185.4, 110.1)
(21.4, 189.5, 110.9)
(21.2, 192.0, 111.2)
(21.2, 192.0, 111.2)
(20.3, 192.5, 110.2)
(18.9, 193.1, 108.9)
(17.6, 194.5, 108.4)
(16.5, 196.7, 108.4)
    
(31.2, 178.3, 102.2)
(30.4, 185.8, 105.2)
(29.6, 191.0, 107.0)
(28.4, 193.0, 106.9)
(28.4, 193.0, 106.9)
(26.0, 193.3, 106.4)
(22.7, 193.2, 105.6)
(19.3, 193.6, 104.6)
(19.3, 193.6, 104.6)
(15.4, 194.3, 103.0)
    
(22.3, 173.2, 100.8)
(20.6, 176.2, 102.2)
(20.6, 176.2, 102.2)
(18.8, 179.0, 103.2)
(17.1, 181.9, 103.5)
(15.6, 185.4, 103.5)
(14.5, 189.2, 103.5)
(14.5, 189.2, 103.5)
(13.5, 192.8, 103.7)
(12.5, 195.5, 104.0)
    
(28.3, 176.8, 103.5)
(25.9, 179.2, 104.3)
(25.9, 179.2, 104.3)
(23.5, 179.7, 103.5)
(20.9, 179.3, 102.4)
(19.1, 179.4, 101.7)
(18.1, 180.8, 101.6)
(18.1, 180.8, 101.6)
(16.6, 183.4, 101.9)
(14.6, 185.6, 101.6)
    
(14.8, 163.9, 91.6)
(12.3, 169.9, 95.9)
(11.8, 176.0, 99.6)
(14.3, 180.4, 101.8)
(15.3, 183.0, 102.5)
(15.3, 183.0, 102.5)
(13.9, 184.1, 102.3)
(11.7, 185.6, 102.3)
(10.7, 187.5, 102.5)
(11.6, 189.4, 103.0)
    
(28.3, 189.3, 106.1)
(28.2, 196.2, 106.9)
(27.2, 202.4, 107.1)
(27.2, 202.4, 107.1)
(23.9, 205.2, 105.0)
(16.7, 205.2, 100.2)
(11.4, 205.2, 97.6)
(6.7, 206.7, 95.9)
(6.7, 206.7, 95.9)
(7.3, 209.9, 94.9)
    
(22.7, 189.9, 106.7)
(22.7, 189.9, 106.7)
(21.2, 194.0, 105.7)
(19.9, 196.7, 105.0)
(18.4, 199.0, 104.9)
(16.4, 200.7, 105.0)
(16.4, 200.7, 105.0)
(14.9, 201.7, 104.5)
(14.4, 202.2, 103.5)
(14.2, 202.4, 102.0)
    
(13.0, 174.4, 95.1)
(10.8, 180.6, 94.5)
(8.8, 186.6, 94.9)
(6.9, 192.6, 96.2)
(6.9, 192.6, 96.2)
(6.7, 195.3, 96.2)
(6.7, 197.0, 95.6)
(5.1, 197.5, 94.4)
(3.1, 198.4, 93.3)
(3.1, 198.4, 93.3)
    
(24.0, 176.0, 99.8)
(23.3, 181.7, 100.8)
(24.3, 188.5, 102.7)
(24.8, 194.6, 104.7)
(23.4, 198.3, 105.0)
(23.4, 198.3, 105.0)
(19.4, 200.7, 104.5)
(17.1, 201.2, 102.9)
(16.1, 201.7, 101.0)
(16.0, 201.9, 99.1)
    
(24.0, 180.0, 99.8)
(19.8, 186.0, 100.4)
(19.8, 186.0, 100.4)
(17.9, 189.0, 101.1)
(17.6, 190.5, 101.0)
(17.3, 190.8, 99.8)
(14.7, 191.3, 97.5)
(14.7, 191.3, 97.5)
(11.4, 193.2, 95.2)
(8.1, 196.9, 93.4)
    
(22.7, 180.6, 102.8)
(22.3, 185.6, 104.1)
(19.5, 186.4, 102.8)
(14.9, 185.8, 100.1)
(11.1, 185.6, 98.0)
(11.1, 185.6, 98.0)
(9.6, 186.8, 97.2)
(9.6, 189.1, 97.0)
(9.8, 192.2, 97.6)
(9.5, 195.0, 98.3)
    
(17.5, 175.1, 103.7)
(14.4, 177.0, 101.5)
(12.4, 179.5, 100.1)
(10.8, 182.0, 99.6)
(9.5, 184.0, 98.7)
(9.5, 184.0, 98.7)
(8.2, 185.6, 97.5)
(6.2, 187.1, 95.6)
(4.6, 188.3, 94.1)
(3.6, 189.5, 93.0)
    
(18.9, 175.4, 100.4)
(16.8, 179.6, 100.7)
(14.3, 183.9, 100.4)
(12.1, 187.9, 99.8)
(12.1, 187.9, 99.8)
(11.8, 191.1, 99.3)
(12.5, 194.0, 99.2)
(13.0, 197.1, 99.5)
(12.2, 199.4, 99.3)
(12.2, 199.4, 99.3)
    
(24.0, 180.1, 102.1)
(22.3, 182.8, 100.7)
(22.4, 186.4, 100.4)
(22.4, 186.4, 100.4)
(22.2, 190.4, 100.8)
(20.5, 193.5, 100.4)
(17.0, 195.5, 98.6)
(12.6, 197.4, 96.6)
(12.6, 197.4, 96.6)
(10.0, 199.3, 95.2)
    
(26.5, 177.5, 103.4)
(23.7, 178.0, 102.8)
(21.4, 179.7, 103.1)
(19.5, 182.8, 103.4)
(19.0, 187.5, 104.0)
(19.0, 187.5, 104.0)
(19.6, 192.1, 103.3)
(19.6, 196.6, 102.0)
(16.4, 199.5, 99.6)
(12.0, 200.3, 96.9)
    
(35.4, 169.4, 106.2)
(34.7, 177.7, 107.8)
(34.0, 185.1, 107.7)
(34.0, 185.1, 107.7)
(31.8, 189.4, 106.2)
(28.0, 191.2, 103.2)
(23.2, 192.3, 99.3)
(20.3, 193.4, 96.2)
(20.3, 193.4, 96.2)
(19.5, 195.2, 95.1)
    
(35.8, 179.3, 105.6)
(30.4, 180.2, 102.1)
(24.7, 182.1, 99.2)
(24.7, 182.1, 99.2)
(22.0, 185.1, 97.8)
(21.2, 188.6, 97.4)
(21.5, 191.3, 97.4)
(21.1, 192.1, 96.6)
(21.1, 192.1, 96.6)
(19.1, 191.3, 94.8)
    
(22.2, 164.7, 98.2)
(19.6, 169.3, 99.8)
(19.4, 176.9, 100.2)
(19.4, 176.9, 100.2)
(20.3, 183.7, 99.8)
(20.9, 189.9, 99.6)
(18.7, 192.1, 98.3)
(15.1, 192.6, 95.8)
(15.1, 192.6, 95.8)
(11.4, 193.3, 93.5)
    
(28.8, 190.3, 106.4)
(28.8, 190.3, 106.4)
(24.8, 193.9, 106.3)
(17.2, 194.2, 103.4)
(9.9, 195.1, 99.4)
(9.8, 198.1, 97.5)
(9.8, 198.1, 97.5)
(12.1, 201.4, 98.0)
(13.0, 202.8, 98.6)
(11.9, 202.1, 97.3)
    
(21.5, 169.3, 94.3)
(21.5, 169.3, 94.3)
(20.8, 173.0, 95.0)
(19.7, 175.9, 95.2)
(17.5, 178.5, 94.7)
(14.3, 181.4, 93.9)
(14.3, 181.4, 93.9)
(10.3, 184.2, 94.0)
(6.9, 186.5, 94.6)
(6.6, 187.5, 94.5)
    
(26.1, 181.6, 101.5)
(26.1, 181.6, 101.5)
(24.9, 178.9, 99.1)
(22.5, 177.0, 95.9)
(18.3, 177.6, 94.1)
(14.6, 180.0, 93.9)
(14.6, 180.0, 93.9)
(13.3, 183.0, 93.7)
(13.8, 185.7, 93.3)
(14.5, 186.7, 92.7)
    
(22.4, 169.5, 97.0)
(22.4, 169.5, 97.0)
(19.5, 175.7, 97.8)
(18.3, 180.9, 99.3)
(19.0, 185.7, 100.4)
(19.2, 189.7, 100.5)
(19.2, 189.7, 100.5)
(18.4, 193.8, 100.0)
(16.1, 195.8, 98.7)
(13.1, 198.0, 97.9)
    
(15.7, 178.5, 99.6)
(16.9, 185.6, 100.4)
(16.9, 185.6, 100.4)
(16.1, 190.3, 99.2)
(12.3, 193.2, 96.0)
(8.0, 194.7, 93.7)
(3.5, 196.3, 92.8)
(3.5, 196.3, 92.8)
(2.6, 197.9, 93.1)
(5.3, 199.6, 93.4)
    
(22.5, 174.3, 99.6)
(18.7, 180.4, 98.4)
(17.0, 185.7, 97.9)
(16.3, 191.2, 98.0)
(16.3, 191.2, 98.0)
(15.7, 193.6, 97.5)
(14.8, 194.4, 96.3)
(12.8, 194.6, 94.0)
(9.5, 195.5, 91.0)
(9.5, 195.5, 91.0)
    
(15.8, 171.7, 92.2)
(16.3, 174.2, 92.8)
(17.9, 176.6, 93.9)
(17.9, 176.6, 93.9)
(18.5, 179.3, 94.4)
(17.8, 182.4, 94.4)
(15.5, 186.1, 93.6)
(13.3, 189.3, 92.4)
(13.3, 189.3, 92.4)
(11.9, 192.5, 91.4)
    
(18.4, 166.8, 91.1)
(17.1, 168.7, 91.4)
(16.2, 170.0, 91.1)
(15.8, 170.8, 90.2)
(15.8, 170.8, 90.2)
(14.5, 172.3, 89.1)
(12.5, 174.2, 88.3)
(10.8, 176.4, 88.0)
(9.3, 178.8, 88.1)
(9.3, 178.8, 88.1)
    
(13.1, 164.9, 97.2)
(15.0, 172.6, 97.4)
(15.8, 180.8, 96.8)
(15.8, 180.8, 96.8)
(13.7, 186.6, 95.6)
(10.6, 190.9, 94.1)
(8.0, 194.3, 92.8)
(6.7, 196.9, 92.0)
(6.7, 196.9, 92.0)
(6.6, 198.7, 91.8)
    
(17.7, 175.4, 95.4)
(14.6, 179.5, 93.9)
(12.3, 183.2, 93.3)
(9.6, 188.1, 92.8)
(9.6, 188.1, 92.8)
(7.6, 192.9, 93.1)
(7.0, 197.0, 93.7)
(6.9, 199.1, 94.0)
(7.1, 199.5, 94.0)
(7.1, 199.5, 94.0)
    
(24.5, 173.9, 100.1)
(20.0, 175.0, 99.3)
(20.0, 175.0, 99.3)
(19.3, 179.1, 100.1)
(21.0, 184.7, 101.4)
(22.8, 191.2, 103.4)
(22.8, 191.2, 103.4)
(21.2, 194.5, 103.3)
(17.6, 196.2, 101.7)
(14.0, 197.6, 99.4)
    
(36.0, 172.6, 105.8)
(33.4, 176.7, 106.3)
(33.4, 176.7, 106.3)
(28.9, 181.0, 106.0)
(26.4, 184.9, 105.6)
(25.7, 189.1, 105.6)
(25.6, 194.0, 106.1)
(25.6, 194.0, 106.1)
(25.1, 199.2, 106.6)
(25.2, 204.6, 107.1)
    
(17.3, 173.8, 98.9)
(17.6, 178.9, 100.3)
(17.6, 178.9, 100.3)
(17.8, 183.2, 101.5)
(15.6, 186.4, 101.3)
(11.0, 188.8, 100.2)
(6.0, 191.5, 99.1)
(6.0, 191.5, 99.1)
(4.2, 194.1, 98.5)
(4.8, 196.5, 98.2)
    
(28.7, 185.8, 106.1)
(26.2, 187.8, 104.0)
(22.7, 188.8, 101.7)
(22.7, 188.8, 101.7)
(20.3, 190.6, 100.6)
(18.8, 192.3, 100.1)
(17.7, 194.5, 99.7)
(16.3, 195.9, 98.5)
(16.3, 195.9, 98.5)
(13.7, 197.5, 96.8)
    
(25.0, 168.4, 102.6)
(23.0, 174.2, 101.7)
(19.5, 180.5, 100.6)
(19.5, 180.5, 100.6)
(16.2, 186.3, 99.7)
(13.3, 193.6, 99.1)
(12.9, 199.4, 98.9)
(13.9, 202.2, 98.1)
(13.9, 202.2, 98.1)
(14.4, 201.9, 96.6)
    
(24.0, 174.1, 102.3)
(24.0, 174.1, 102.3)
(21.4, 180.3, 102.1)
(19.9, 185.7, 101.5)
(18.5, 190.3, 100.5)
(17.2, 193.9, 98.9)
(17.2, 193.9, 98.9)
(15.9, 197.0, 97.7)
(13.9, 200.1, 97.5)
(11.6, 202.5, 97.9)
    
(29.3, 182.1, 104.5)
(26.4, 186.3, 103.4)
(22.0, 189.2, 101.2)
(22.0, 189.2, 101.2)
(19.0, 191.3, 99.3)
(17.7, 194.2, 98.5)
(18.1, 196.3, 98.0)
(18.1, 196.7, 97.1)
(18.1, 196.7, 97.1)
(17.2, 195.9, 96.0)
    
(38.4, 174.4, 101.4)
(37.9, 180.2, 104.1)
(33.3, 183.7, 104.1)
(33.3, 183.7, 104.1)
(28.6, 186.7, 102.4)
(26.3, 190.8, 100.4)
(25.1, 195.1, 99.4)
(23.5, 198.8, 98.9)
(23.5, 198.8, 98.9)
(21.2, 200.1, 98.0)
    
(25.5, 173.7, 101.0)
(25.6, 180.8, 101.6)
(25.6, 185.6, 101.2)
(25.2, 187.9, 100.6)
(25.2, 187.9, 100.6)
(24.3, 189.4, 100.0)
(23.0, 190.8, 99.3)
(21.2, 191.7, 98.0)
(21.2, 191.7, 98.0)
(18.6, 192.5, 96.1)
    
(28.2, 184.6, 101.4)
(26.8, 184.6, 99.8)
(22.4, 183.8, 97.5)
(16.8, 184.5, 95.0)
(16.8, 184.5, 95.0)
(13.7, 188.0, 93.3)
(12.3, 193.4, 91.8)
(12.9, 198.7, 91.2)
(14.1, 201.6, 91.4)
(14.1, 201.6, 91.4)
    
(22.0, 170.5, 97.7)
(20.7, 178.3, 95.5)
(22.4, 186.6, 94.5)
(24.5, 192.7, 94.9)
(24.3, 195.2, 94.6)
(24.3, 195.2, 94.6)
(21.1, 194.9, 92.0)
(16.1, 193.5, 88.9)
(13.3, 193.2, 87.4)
(12.3, 193.7, 86.8)
    
(36.4, 179.3, 102.8)
(36.9, 187.4, 103.6)
(33.2, 191.5, 102.4)
(33.2, 191.5, 102.4)
(28.6, 193.2, 100.1)
(24.9, 195.6, 97.9)
(23.6, 198.1, 96.3)
(23.0, 199.4, 94.8)
(23.0, 199.4, 94.8)
(21.8, 199.9, 93.3)
    
(31.6, 176.9, 101.5)
(29.2, 181.9, 98.5)
(29.2, 181.9, 98.5)
(28.2, 185.4, 96.0)
(27.6, 187.7, 94.7)
(27.5, 189.8, 93.8)
(28.0, 191.7, 92.8)
(28.0, 191.7, 92.8)
(28.6, 193.9, 92.2)
(28.3, 197.4, 92.3)
    
(38.7, 183.4, 102.8)
(35.7, 181.5, 100.8)
(32.1, 182.1, 99.9)
(29.1, 184.7, 100.0)
(26.4, 188.5, 100.2)
(26.4, 188.5, 100.2)
(25.0, 191.9, 100.0)
(24.6, 193.9, 99.4)
(24.4, 194.3, 98.5)
(23.1, 193.7, 97.2)
    
(23.4, 165.4, 96.8)
(24.4, 170.0, 99.4)
(22.7, 174.0, 100.9)
(22.7, 174.0, 100.9)
(20.3, 178.4, 101.1)
(19.1, 183.7, 99.6)
(18.5, 188.0, 98.4)
(18.5, 188.0, 98.4)
(18.1, 191.7, 97.5)
(17.6, 194.4, 96.9)
    
(23.9, 175.3, 101.5)
(22.6, 181.7, 101.5)
(22.6, 181.7, 101.5)
(22.7, 186.1, 100.0)
(19.4, 189.0, 93.6)
(19.4, 189.0, 93.6)
(17.0, 191.1, 91.3)
(17.0, 191.1, 91.3)
(15.0, 195.0, 90.3)
(14.1, 197.8, 90.2)
    
(22.0, 173.4, 95.6)
(25.8, 181.7, 97.7)
(25.7, 187.1, 97.6)
(21.7, 191.1, 96.6)
(16.9, 193.7, 95.8)
(16.9, 193.7, 95.8)
(13.8, 195.2, 94.5)
(14.8, 194.9, 92.8)
(15.6, 194.3, 91.6)
(14.4, 193.4, 89.8)
    
/n
    
    
    
    
    
    
    
    
(6.2, 192.2, 111.1)
(358.3, 199.9, 105.6)
(358.3, 199.9, 105.6)
(347.4, 204.8, 100.2)
(337.1, 209.1, 97.9)
(338.6, 216.1, 99.1)
(348.1, 224.6, 102.5)
(348.1, 224.6, 102.5)
(354.8, 229.8, 105.5)
(355.4, 230.6, 105.2)
    
(14.2, 180.5, 115.9)
(4.9, 182.9, 117.3)
(4.9, 182.9, 117.3)
(350.7, 183.2, 113.4)
(342.2, 188.1, 112.5)
(344.1, 196.3, 115.3)
(348.6, 201.5, 117.9)
(348.6, 201.5, 117.9)
(348.8, 201.3, 118.0)
(345.9, 199.5, 116.2)
    
(9.7, 173.8, 106.5)
(6.7, 177.5, 106.8)
(3.2, 180.2, 106.6)
(3.2, 180.2, 106.6)
(0.5, 182.4, 107.1)
(359.4, 185.0, 108.7)
(0.1, 188.5, 110.8)
(0.6, 192.1, 112.4)
(0.6, 192.1, 112.4)
(359.0, 194.2, 112.8)
    
(13.6, 182.3, 106.4)
(13.6, 182.3, 106.4)
(12.5, 186.2, 108.6)
(11.3, 189.6, 110.6)
(9.9, 191.6, 111.1)
(8.2, 192.2, 110.5)
(8.2, 192.2, 110.5)
(5.4, 192.1, 109.7)
(1.9, 193.5, 110.4)
(358.6, 197.0, 112.6)
    
(9.4, 180.6, 97.8)
(4.1, 186.1, 100.2)
(4.1, 186.1, 100.2)
(2.6, 194.2, 105.0)
(2.5, 200.4, 109.0)
(0.8, 203.8, 110.3)
(357.4, 204.9, 109.7)
(357.4, 204.9, 109.7)
(353.3, 205.2, 108.7)
(350.1, 205.8, 108.5)
    
(19.1, 181.3, 106.2)
(15.3, 185.8, 107.1)
(10.4, 188.2, 106.0)
(10.4, 188.2, 106.0)
(5.6, 190.1, 104.7)
(1.6, 192.6, 104.3)
(358.2, 196.1, 105.1)
(356.5, 199.8, 106.5)
(356.5, 199.8, 106.5)
(355.7, 202.9, 107.6)
    
(12.7, 180.8, 112.2)
(6.7, 182.9, 111.0)
(1.8, 185.8, 110.9)
(359.9, 190.3, 112.7)
(359.9, 190.3, 112.7)
(359.7, 195.2, 115.0)
(359.9, 199.2, 116.9)
(358.8, 201.4, 117.8)
(356.7, 203.0, 117.7)
(356.7, 203.0, 117.7)
    
(11.5, 185.8, 107.9)
(7.5, 185.5, 108.3)
(4.4, 187.0, 110.9)
(4.4, 187.0, 110.9)
(2.9, 192.4, 115.2)
(2.4, 199.3, 118.6)
(1.4, 203.6, 118.9)
(358.5, 204.6, 116.8)
(358.5, 204.6, 116.8)
(354.6, 204.0, 114.8)
    
(24.0, 182.0, 112.2)
(15.5, 180.3, 110.4)
(4.2, 178.7, 109.5)
(1.5, 184.0, 111.4)
(1.5, 184.0, 111.4)
(2.3, 193.0, 114.6)
(1.0, 198.0, 115.5)
(357.9, 200.7, 114.5)
(354.4, 201.6, 113.7)
(354.4, 201.6, 113.7)
    
(22.6, 185.0, 119.6)
(14.5, 186.2, 115.2)
(6.0, 184.6, 111.1)
(1.4, 186.0, 110.9)
(2.1, 190.6, 112.9)
(2.1, 190.6, 112.9)
(4.0, 196.1, 114.5)
(3.8, 199.2, 114.4)
(1.6, 200.7, 113.7)
(359.6, 202.2, 112.9)
    
(6.1, 180.6, 108.9)
(358.1, 181.1, 109.1)
(358.1, 181.1, 109.1)
(356.9, 184.8, 111.1)
(357.6, 190.0, 114.1)
(359.6, 194.8, 116.6)
(0.7, 197.7, 117.0)
(0.7, 197.7, 117.0)
(359.7, 198.6, 116.1)
(355.0, 196.5, 114.5)
    
(4.5, 180.3, 103.3)
(355.6, 180.5, 102.5)
(354.7, 186.2, 104.9)
(357.6, 194.3, 108.3)
(359.6, 199.0, 110.4)
(359.6, 199.0, 110.4)
(359.8, 199.1, 110.7)
(357.1, 197.7, 109.8)
(352.9, 197.1, 109.0)
(348.8, 198.2, 108.9)
    
(346.9, 178.3, 101.8)
(354.5, 189.8, 110.0)
(351.7, 188.3, 111.0)
(344.4, 180.1, 112.2)
(340.1, 175.9, 115.1)
(340.1, 175.9, 115.1)
(339.8, 177.7, 118.0)
(341.1, 183.7, 119.3)
(340.1, 186.9, 119.6)
(337.7, 188.5, 119.8)
    
(24.9, 179.6, 106.3)
(24.9, 179.6, 106.3)
(15.7, 177.1, 104.0)
(11.4, 178.2, 104.2)
(11.3, 182.8, 106.6)
(11.1, 187.7, 109.1)
(11.1, 187.7, 109.1)
(9.4, 191.1, 110.8)
(6.7, 192.8, 111.0)
(2.8, 193.0, 109.9)
    
(16.4, 176.3, 103.9)
(9.2, 176.8, 102.9)
(9.2, 176.8, 102.9)
(10.2, 181.6, 105.5)
(12.3, 188.0, 109.5)
(11.4, 191.9, 110.9)
(7.9, 192.8, 109.9)
(7.9, 192.8, 109.9)
(4.2, 193.0, 109.0)
(2.0, 195.0, 109.6)
    
(10.9, 174.7, 101.3)
(9.5, 181.5, 103.6)
(8.6, 187.6, 106.4)
(6.5, 190.8, 107.8)
(3.5, 193.1, 108.8)
(3.5, 193.1, 108.8)
(1.2, 195.8, 109.9)
(359.7, 199.0, 110.9)
(358.4, 201.4, 110.8)
(356.5, 203.0, 110.0)
    
(9.1, 176.9, 103.5)
(9.1, 176.9, 103.5)
(7.9, 182.2, 107.7)
(7.3, 187.8, 110.9)
(5.8, 191.7, 111.9)
(3.1, 194.1, 111.7)
(3.1, 194.1, 111.7)
(360.0, 195.8, 111.7)
(358.7, 198.5, 112.0)
(357.9, 202.1, 112.4)
    
(6.2, 171.1, 106.8)
(2.4, 176.5, 108.8)
(3.6, 186.5, 113.9)
(2.5, 191.0, 116.0)
(0.9, 192.4, 115.9)
(0.9, 192.4, 115.9)
(359.9, 193.6, 115.1)
(0.6, 196.4, 115.7)
(0.9, 199.2, 116.5)
(0.2, 201.0, 116.4)
    
(19.2, 183.7, 108.0)
(9.6, 183.3, 105.7)
(5.4, 187.5, 107.4)
(5.7, 195.1, 111.4)
(5.7, 195.1, 111.4)
(5.7, 201.1, 114.3)
(4.2, 204.1, 114.8)
(2.0, 205.5, 113.8)
(359.5, 206.8, 112.8)
(359.5, 206.8, 112.8)
    
(5.6, 181.9, 106.6)
(4.8, 187.7, 111.1)
(7.1, 194.3, 116.2)
(7.1, 194.3, 116.2)
(8.5, 197.3, 118.0)
(7.7, 196.8, 116.9)
(5.9, 196.7, 115.8)
(4.6, 197.5, 115.7)
(4.1, 200.1, 117.0)
(4.1, 200.1, 117.0)
    
(8.6, 174.0, 103.3)
(8.6, 174.0, 103.3)
(9.9, 180.2, 108.1)
(11.5, 186.6, 112.8)
(10.3, 189.9, 115.2)
(6.1, 190.2, 115.0)
(6.1, 190.2, 115.0)
(359.6, 188.9, 113.7)
(355.8, 189.5, 113.7)
(355.3, 192.1, 114.8)
    
(26.5, 180.3, 109.8)
(26.1, 187.5, 115.2)
(21.5, 187.9, 114.4)
(14.6, 186.0, 111.5)
(7.8, 185.5, 109.9)
(7.8, 185.5, 109.9)
(4.7, 188.3, 110.7)
(2.5, 192.4, 112.2)
(0.5, 196.4, 113.6)
(358.3, 199.4, 114.4)
    
(21.4, 175.7, 105.1)
(22.9, 178.5, 107.4)
(21.3, 178.9, 107.5)
(21.3, 178.9, 107.5)
(18.2, 179.0, 106.7)
(15.5, 180.3, 107.0)
(14.4, 183.7, 108.9)
(14.3, 187.2, 110.6)
(14.3, 187.2, 110.6)
(14.5, 189.3, 111.5)
    
(23.7, 175.8, 104.8)
(23.5, 184.4, 111.4)
(23.5, 184.4, 111.4)
(19.8, 188.0, 113.4)
(14.2, 186.7, 111.6)
(8.3, 184.0, 109.1)
(5.9, 184.3, 108.9)
(5.9, 184.3, 108.9)
(6.6, 187.6, 111.0)
(7.5, 192.3, 114.4)
    
(21.6, 169.7, 100.6)
(21.8, 175.2, 104.2)
(21.1, 179.8, 107.3)
(19.3, 183.9, 109.8)
(16.4, 185.5, 110.3)
(16.4, 185.5, 110.3)
(13.2, 185.9, 110.0)
(10.7, 187.1, 110.3)
(9.6, 189.8, 111.9)
(9.5, 194.2, 114.2)
    
(15.2, 171.6, 104.2)
(15.6, 181.6, 111.3)
(15.6, 181.6, 111.3)
(14.4, 188.2, 115.8)
(11.3, 192.3, 118.4)
(6.2, 193.9, 118.6)
(1.4, 196.1, 118.0)
(1.4, 196.1, 118.0)
(359.4, 199.6, 117.7)
(359.5, 202.8, 117.5)
    
(359.7, 172.9, 94.5)
(0.9, 180.5, 96.9)
(2.4, 186.8, 100.0)
(3.9, 191.6, 103.1)
(2.6, 194.2, 105.3)
(2.6, 194.2, 105.3)
(0.3, 196.9, 106.4)
(357.1, 200.3, 106.5)
(353.5, 203.6, 105.8)
(349.2, 205.7, 104.8)
    
(9.8, 183.8, 98.2)
(350.9, 177.8, 95.6)
(348.4, 180.2, 97.9)
(358.5, 190.5, 101.8)
(358.5, 190.5, 101.8)
(3.9, 199.9, 105.9)
(3.0, 204.8, 107.5)
(356.5, 203.3, 106.3)
(346.6, 199.0, 105.0)
(346.6, 199.0, 105.0)
    
(5.0, 167.8, 97.8)
(6.1, 177.6, 102.3)
(5.4, 186.4, 106.0)
(1.4, 189.4, 105.9)
(357.0, 189.1, 105.6)
(357.0, 189.1, 105.6)
(353.2, 189.1, 106.8)
(352.5, 192.5, 108.5)
(353.1, 197.9, 110.0)
(352.3, 201.4, 110.3)
    
(6.5, 175.6, 114.9)
(1.6, 179.6, 117.9)
(2.5, 188.3, 122.2)
(2.5, 188.3, 122.2)
(3.0, 194.2, 124.1)
(2.4, 196.7, 123.0)
(359.8, 196.7, 121.0)
(357.6, 197.3, 120.2)
(357.6, 197.3, 120.2)
(357.8, 200.0, 120.9)
    
(15.6, 176.8, 118.8)
(11.3, 181.1, 123.1)
(11.3, 181.1, 123.1)
(8.0, 183.8, 126.5)
(4.2, 184.1, 129.0)
(1.2, 185.4, 129.1)
(358.7, 187.9, 128.9)
(358.7, 187.9, 128.9)
(355.6, 191.4, 128.7)
(352.7, 196.2, 129.9)
    
(17.1, 182.4, 122.8)
(11.7, 184.1, 124.3)
(6.2, 184.3, 124.8)
(4.0, 187.2, 125.9)
(2.2, 191.0, 127.0)
(2.2, 191.0, 127.0)
(0.5, 193.4, 127.8)
(359.0, 195.6, 128.6)
(358.2, 197.1, 129.6)
(357.9, 199.1, 130.7)
    
(8.1, 169.9, 119.6)
(10.1, 177.6, 124.1)
(10.1, 177.6, 124.1)
(10.0, 183.0, 126.9)
(7.2, 184.5, 127.5)
(4.4, 184.5, 127.2)
(1.7, 184.5, 127.2)
(0.4, 186.1, 128.1)
(0.4, 186.1, 128.1)
(359.8, 188.8, 129.4)
    
(21.4, 180.5, 122.2)
(15.4, 179.9, 121.5)
(15.4, 179.9, 121.5)
(10.2, 180.1, 121.5)
(7.7, 182.7, 122.9)
(6.9, 187.0, 124.8)
(5.2, 190.4, 125.8)
(5.2, 190.4, 125.8)
(2.4, 191.7, 125.6)
(359.6, 192.6, 124.9)
    
(29.0, 179.7, 108.6)
(30.8, 189.5, 117.9)
(28.4, 193.9, 121.9)
(21.2, 190.2, 118.0)
(10.4, 183.2, 113.1)
(10.4, 183.2, 113.1)
(0.2, 178.7, 111.6)
(358.2, 182.5, 112.7)
(358.4, 188.8, 114.7)
(356.8, 193.4, 115.7)
    
(13.3, 176.6, 115.1)
(8.8, 178.1, 115.1)
(7.1, 182.1, 117.0)
(4.6, 187.0, 119.4)
(4.6, 187.0, 119.4)
(1.3, 188.5, 119.3)
(359.0, 188.6, 119.1)
(356.3, 188.5, 118.8)
(356.3, 188.5, 118.8)
(354.4, 189.1, 119.7)
    
(15.5, 175.2, 104.0)
(15.7, 182.9, 113.4)
(12.4, 185.0, 115.9)
(6.9, 184.7, 112.9)
(6.9, 184.7, 112.9)
(1.2, 185.0, 110.0)
(0.6, 188.5, 110.4)
(2.4, 193.2, 112.5)
(3.6, 196.8, 114.6)
(3.6, 196.8, 114.6)
    
(9.1, 178.1, 112.9)
(3.0, 180.1, 112.8)
(1.5, 187.0, 115.9)
(2.4, 194.3, 119.3)
(2.4, 194.3, 119.3)
(2.0, 198.0, 121.3)
(2.2, 199.5, 122.2)
(2.5, 200.1, 122.5)
(2.0, 200.4, 122.3)
(2.0, 200.4, 122.3)
    
(9.2, 164.8, 109.3)
(11.7, 172.7, 114.4)
(11.7, 172.7, 114.4)
(15.0, 183.1, 121.8)
(15.2, 186.9, 123.9)
(12.9, 185.6, 121.1)
(8.5, 183.5, 118.6)
(8.5, 183.5, 118.6)
(4.5, 183.3, 118.5)
(3.9, 186.3, 120.5)
    
(25.9, 189.0, 121.8)
(20.4, 188.0, 119.3)
(11.0, 182.0, 112.1)
(3.0, 178.9, 109.4)
(3.0, 178.9, 109.4)
(2.1, 182.4, 112.2)
(3.1, 188.6, 116.7)
(2.7, 192.3, 118.3)
(0.7, 193.0, 118.0)
(0.7, 193.0, 118.0)
    
(20.1, 183.9, 115.1)
(17.1, 187.2, 115.3)
(11.2, 186.1, 112.1)
(5.7, 184.9, 110.7)
(5.7, 184.9, 110.7)
(3.3, 186.5, 112.0)
(5.1, 191.0, 114.5)
(6.6, 194.8, 115.5)
(5.3, 196.2, 114.6)
(5.3, 196.2, 114.6)
    
(5.8, 168.7, 104.5)
(5.8, 168.7, 104.5)
(5.0, 172.5, 109.1)
(10.7, 180.6, 115.4)
(14.2, 186.8, 119.6)
(12.9, 187.8, 119.7)
(12.9, 187.8, 119.7)
(10.2, 188.0, 119.0)
(7.5, 188.7, 118.4)
(5.6, 190.3, 118.9)
    
(24.8, 174.2, 104.4)
(21.1, 177.6, 106.5)
(16.1, 179.7, 107.8)
(14.1, 181.9, 109.4)
(13.5, 185.0, 111.1)
(13.5, 185.0, 111.1)
(12.9, 188.4, 112.7)
(11.2, 190.8, 113.3)
(9.1, 191.9, 112.8)
(6.9, 192.7, 111.8)
    
(17.0, 179.8, 114.2)
(15.4, 181.7, 116.3)
(13.6, 184.1, 117.7)
(13.6, 184.1, 117.7)
(11.1, 185.7, 118.8)
(9.5, 187.0, 119.6)
(9.2, 188.6, 120.1)
(8.1, 189.9, 120.5)
(8.1, 189.9, 120.5)
(7.1, 191.4, 121.2)
    
(18.6, 176.5, 114.1)
(17.8, 180.7, 118.1)
(16.4, 183.1, 120.1)
(13.9, 183.8, 120.7)
(13.9, 183.8, 120.7)
(11.0, 185.0, 120.7)
(9.2, 187.1, 121.3)
(7.6, 189.3, 122.3)
(6.2, 191.3, 123.5)
(6.2, 191.3, 123.5)
    
(10.4, 177.2, 103.0)
(7.5, 180.5, 105.5)
(7.0, 184.6, 109.9)
(7.0, 184.6, 109.9)
(7.6, 188.6, 113.5)
(7.3, 190.5, 114.4)
(5.6, 191.4, 114.2)
(3.8, 192.5, 114.5)
(3.8, 192.5, 114.5)
(2.4, 194.3, 115.6)
    
(17.2, 175.0, 106.9)
(13.4, 179.7, 108.6)
(8.0, 182.8, 109.1)
(4.3, 184.6, 109.9)
(4.3, 184.6, 109.9)
(2.4, 186.7, 111.7)
(0.7, 189.1, 113.4)
(358.5, 191.5, 113.9)
(356.4, 192.8, 113.6)
(356.4, 192.8, 113.6)
    
(14.5, 182.5, 114.9)
(11.2, 184.6, 116.3)
(8.8, 187.2, 117.5)
(6.8, 190.6, 118.5)
(6.8, 190.6, 118.5)
(4.4, 193.2, 118.9)
(2.1, 195.8, 119.0)
(0.2, 198.3, 119.5)
(358.9, 201.0, 120.3)
(358.9, 201.0, 120.3)
    
(20.6, 178.7, 112.3)
(18.1, 187.7, 117.2)
(12.4, 190.5, 117.2)
(4.9, 189.9, 114.1)
(4.9, 189.9, 114.1)
(0.6, 189.1, 113.7)
(0.1, 190.1, 116.7)
(1.8, 194.7, 119.9)
(2.2, 200.4, 122.3)
(2.2, 200.4, 122.3)
    
(10.0, 179.2, 110.4)
(10.0, 179.2, 110.4)
(9.8, 181.4, 111.8)
(8.3, 182.3, 113.0)
(6.6, 182.7, 113.6)
(6.6, 182.7, 113.6)
(4.6, 182.8, 114.6)
(3.3, 184.1, 115.7)
(3.2, 186.0, 116.8)
(3.1, 187.3, 116.8)
    
(4.6, 180.3, 105.0)
(356.1, 176.8, 102.5)
(350.7, 176.7, 104.6)
(348.6, 180.0, 108.7)
(348.6, 180.0, 108.7)
(350.6, 185.3, 112.1)
(352.3, 189.7, 113.6)
(350.0, 190.6, 113.9)
(345.3, 189.3, 114.6)
(345.3, 189.3, 114.6)
    
(7.8, 186.1, 115.2)
(354.3, 183.4, 118.0)
(339.1, 177.9, 120.4)
(331.5, 178.2, 124.3)
(334.2, 188.0, 125.7)
(334.2, 188.0, 125.7)
(337.7, 195.9, 126.8)
(337.4, 196.9, 128.4)
(334.8, 193.8, 130.6)
(333.6, 192.8, 132.3)
    
(7.0, 177.8, 104.9)
(3.1, 180.5, 107.2)
(358.5, 182.5, 109.9)
(358.5, 182.5, 109.9)
(356.3, 186.2, 113.0)
(355.6, 191.0, 115.7)
(355.0, 194.9, 116.7)
(355.0, 194.9, 116.7)
(353.6, 196.4, 116.8)
(352.2, 196.8, 117.3)
    
(7.4, 187.2, 103.1)
(2.1, 189.5, 103.4)
(357.6, 191.5, 105.5)
(356.7, 195.4, 108.1)
(356.7, 195.4, 108.1)
(354.7, 199.5, 111.0)
(352.3, 202.9, 113.1)
(350.3, 205.9, 114.6)
(348.7, 207.1, 114.5)
(348.7, 207.1, 114.5)
    
(7.4, 182.4, 107.9)
(0.5, 192.8, 108.5)
(351.8, 201.8, 106.2)
(345.7, 209.0, 104.9)
(345.7, 209.0, 104.9)
(342.2, 215.7, 105.7)
(343.2, 222.4, 107.0)
(344.7, 227.2, 106.9)
(343.3, 228.7, 105.7)
(343.3, 228.7, 105.7)
    
(5.7, 181.7, 106.9)
(2.9, 187.1, 109.8)
(2.9, 187.1, 109.8)
(1.4, 192.6, 113.0)
(359.3, 195.9, 113.9)
(356.2, 196.7, 113.4)
(353.5, 197.0, 113.2)
(353.5, 197.0, 113.2)
(351.9, 198.8, 114.1)
(350.8, 202.1, 115.6)
    
(6.1, 177.3, 101.5)
(2.9, 182.3, 104.5)
(358.6, 186.4, 107.4)
(354.3, 188.7, 110.3)
(354.3, 188.7, 110.3)
(350.8, 191.1, 112.9)
(346.8, 193.1, 113.9)
(343.5, 194.4, 114.0)
(341.2, 195.5, 114.7)
(341.2, 195.5, 114.7)
    
(12.2, 181.6, 97.7)
(359.2, 183.3, 97.4)
(355.8, 187.5, 100.7)
(355.5, 192.1, 104.8)
(354.7, 195.3, 106.7)
(354.7, 195.3, 106.7)
(353.5, 197.5, 107.2)
(350.4, 198.4, 106.3)
(345.9, 198.9, 105.1)
(342.6, 200.3, 104.4)
    
(359.3, 181.6, 97.4)
(359.3, 181.6, 97.4)
(352.8, 185.0, 99.6)
(348.4, 186.5, 101.1)
(347.3, 188.6, 102.8)
(348.8, 192.3, 104.5)
(348.8, 192.3, 104.5)
(349.0, 195.6, 105.5)
(348.5, 198.2, 106.1)
(348.3, 199.8, 106.5)
    
(5.7, 179.4, 99.7)
(359.5, 181.4, 100.2)
(359.5, 181.4, 100.2)
(355.2, 184.5, 101.3)
(355.0, 189.6, 103.6)
(354.7, 194.8, 105.4)
(353.4, 198.1, 106.0)
(353.4, 198.1, 106.0)
(351.7, 199.7, 105.8)
(350.1, 201.3, 105.0)
    
(17.2, 178.9, 111.9)
(14.0, 183.0, 112.8)
(14.0, 183.0, 112.8)
(10.3, 186.1, 112.9)
(7.0, 189.3, 113.0)
(4.1, 192.7, 113.0)
(1.6, 197.2, 113.7)
(1.6, 197.2, 113.7)
(0.2, 201.5, 114.4)
(359.8, 205.0, 114.5)
    
(22.1, 171.0, 99.5)
(16.3, 175.2, 101.4)
(12.8, 180.9, 104.2)
(11.2, 185.7, 106.5)
(8.9, 189.3, 107.6)
(8.9, 189.3, 107.6)
(6.3, 191.6, 107.9)
(4.9, 193.6, 108.5)
(4.4, 196.1, 109.5)
(3.6, 199.5, 111.0)
    
(16.3, 182.8, 109.7)
(11.7, 184.5, 109.1)
(6.7, 185.5, 108.2)
(6.7, 185.5, 108.2)
(3.2, 188.5, 110.2)
(2.9, 193.4, 112.9)
(3.9, 198.5, 115.0)
(3.9, 198.5, 115.0)
(2.2, 200.7, 114.7)
(359.3, 201.8, 113.2)
    
(13.1, 175.9, 105.7)
(12.1, 179.6, 107.5)
(13.4, 184.9, 111.1)
(12.7, 188.6, 112.9)
(10.0, 190.4, 112.9)
(10.0, 190.4, 112.9)
(6.1, 190.7, 111.7)
(3.5, 192.0, 111.2)
(2.1, 194.5, 111.5)
(1.9, 198.0, 112.6)
    
(11.7, 175.3, 109.0)
(9.2, 180.2, 111.4)
(5.9, 183.4, 112.8)
(3.2, 185.9, 114.1)
(1.7, 188.5, 115.3)
(1.7, 188.5, 115.3)
(0.5, 191.0, 116.0)
(358.6, 193.3, 116.5)
(356.2, 195.7, 117.2)
(353.8, 198.5, 117.4)
    
(19.2, 177.2, 106.2)
(15.0, 179.2, 106.2)
(11.8, 181.1, 106.7)
(11.8, 181.1, 106.7)
(9.8, 184.1, 108.5)
(8.8, 188.0, 110.8)
(7.3, 190.6, 111.7)
(4.9, 192.1, 111.7)
(4.9, 192.1, 111.7)
(2.4, 193.7, 111.5)
    
(10.0, 181.4, 108.9)
(10.0, 181.4, 108.9)
(5.1, 183.5, 108.0)
(2.2, 186.1, 108.3)
(0.5, 189.7, 110.1)
(359.1, 192.8, 111.5)
(359.1, 192.8, 111.5)
(358.1, 194.8, 111.9)
(356.6, 196.0, 111.6)
(354.6, 197.0, 110.7)
    
(11.9, 175.3, 103.7)
(9.3, 180.5, 107.9)
(9.9, 187.9, 113.9)
(8.7, 192.3, 116.3)
(5.5, 194.6, 115.7)
(5.5, 194.6, 115.7)
(1.4, 196.1, 114.0)
(357.8, 198.2, 112.9)
(356.1, 200.9, 113.4)
(355.4, 204.0, 114.5)
    
(9.0, 181.8, 105.1)
(5.2, 183.6, 105.8)
(3.0, 187.0, 108.2)
(3.0, 187.0, 108.2)
(3.1, 190.7, 110.6)
(3.6, 193.5, 111.7)
(2.2, 194.9, 111.8)
(359.6, 195.8, 111.3)
(359.6, 195.8, 111.3)
(357.3, 196.8, 111.0)
    
(15.8, 179.5, 102.8)
(9.5, 179.4, 102.1)
(9.5, 179.4, 102.1)
(4.7, 180.4, 102.2)
(1.8, 183.0, 103.3)
(0.1, 186.5, 104.8)
(0.1, 186.5, 104.8)
(357.9, 189.7, 105.6)
(355.5, 191.6, 105.8)
(352.9, 193.4, 106.1)
    
(17.7, 180.0, 103.7)
(14.2, 184.0, 104.4)
(10.5, 186.6, 104.8)
(7.0, 188.1, 105.8)
(7.0, 188.1, 105.8)
(5.4, 190.0, 107.0)
(4.5, 192.6, 108.3)
(3.2, 195.4, 108.6)
(0.8, 197.3, 108.0)
(0.8, 197.3, 108.0)
    
(8.3, 180.4, 104.2)
(2.1, 181.5, 103.4)
(0.0, 184.0, 104.8)
(0.0, 184.0, 104.8)
(2.0, 187.4, 107.9)
(3.6, 190.5, 110.5)
(4.5, 193.5, 112.4)
(4.0, 195.4, 113.0)
(4.0, 195.4, 113.0)
(3.5, 197.3, 113.4)
    
(7.0, 184.0, 104.0)
(3.3, 188.0, 104.6)
(1.3, 192.2, 106.7)
(1.3, 192.2, 106.7)
(0.5, 195.9, 108.7)
(359.5, 198.5, 109.7)
(358.8, 199.7, 110.2)
(358.8, 199.7, 110.2)
(358.4, 200.8, 110.5)
(358.3, 202.5, 110.6)
    
(11.5, 179.4, 101.5)
(8.3, 185.5, 103.3)
(8.3, 185.5, 103.3)
(5.0, 189.6, 104.3)
(1.7, 192.7, 105.4)
(359.4, 196.2, 106.4)
(358.0, 200.0, 107.3)
(358.0, 200.0, 107.3)
(357.4, 204.0, 107.9)
(356.6, 206.2, 107.3)
    
(18.5, 175.4, 103.7)
(16.2, 181.0, 106.2)
(12.6, 184.9, 107.2)
(8.1, 187.9, 107.1)
(8.1, 187.9, 107.1)
(5.2, 189.7, 106.8)
(1.7, 190.9, 106.9)
(359.9, 193.2, 108.2)
(359.8, 196.9, 109.8)
(359.8, 196.9, 109.8)
    
(16.4, 186.9, 99.7)
(13.7, 190.6, 100.8)
(11.4, 194.8, 102.6)
(9.9, 198.0, 104.1)
(9.9, 198.0, 104.1)
(8.6, 200.8, 105.1)
(7.7, 203.1, 105.7)
(6.6, 205.0, 105.6)
(4.9, 206.9, 105.3)
(4.9, 206.9, 105.3)
    
(12.8, 168.1, 94.6)
(9.3, 173.7, 98.6)
(10.8, 180.9, 103.7)
(12.2, 187.2, 107.3)
(10.2, 191.0, 108.5)
(10.2, 191.0, 108.5)
(6.3, 192.2, 108.0)
(2.5, 192.6, 107.6)
(0.9, 194.5, 108.4)
(1.5, 198.1, 109.3)
    
(16.2, 176.6, 99.9)
(13.7, 180.3, 101.6)
(10.9, 184.0, 103.7)
(10.9, 184.0, 103.7)
(8.7, 186.7, 105.6)
(8.1, 188.6, 107.1)
(8.2, 190.0, 108.1)
(6.6, 191.5, 108.7)
(6.6, 191.5, 108.7)
(4.2, 193.3, 109.1)
    
(15.9, 172.7, 93.0)
(12.2, 178.9, 96.8)
(12.2, 178.9, 96.8)
(7.0, 186.3, 99.4)
(1.8, 192.0, 101.0)
(359.5, 198.3, 103.6)
(0.6, 205.4, 107.2)
(0.6, 205.4, 107.2)
(1.0, 210.5, 109.5)
(359.7, 213.6, 109.6)
    
(16.5, 175.3, 101.6)
(14.4, 178.7, 103.6)
(12.6, 183.3, 105.7)
(10.1, 188.3, 107.7)
(7.1, 191.6, 108.9)
(7.1, 191.6, 108.9)
(4.6, 193.9, 109.8)
(2.9, 196.7, 111.6)
(1.8, 200.1, 112.3)
(0.3, 202.9, 112.3)
    
(22.5, 176.6, 103.9)
(17.5, 179.4, 104.8)
(17.5, 179.4, 104.8)
(13.1, 183.2, 106.4)
(10.9, 188.8, 108.8)
(9.5, 194.0, 110.7)
(8.5, 197.7, 111.6)
(8.5, 197.7, 111.6)
(7.3, 200.3, 111.9)
(5.4, 201.9, 111.8)
    
(5.5, 180.0, 98.7)
(6.3, 185.9, 101.4)
(6.4, 192.0, 103.2)
(4.3, 196.7, 104.3)
(4.3, 196.7, 104.3)
(0.7, 201.0, 105.6)
(358.2, 205.0, 107.7)
(358.2, 209.5, 109.2)
(358.2, 213.8, 110.3)
(358.2, 213.8, 110.3)
    
(12.6, 178.6, 103.3)
(9.0, 182.9, 104.2)
(9.0, 182.9, 104.2)
(7.1, 187.4, 105.8)
(7.6, 191.8, 107.5)
(7.5, 195.1, 108.6)
(5.9, 197.7, 108.5)
(5.9, 197.7, 108.5)
(4.7, 199.6, 107.5)
(3.7, 201.3, 106.4)
    
(13.1, 184.0, 99.1)
(8.5, 187.5, 101.5)
(5.6, 191.8, 104.0)
(2.8, 195.3, 105.7)
(0.4, 197.8, 106.2)
(0.4, 197.8, 106.2)
(358.8, 201.6, 107.2)
(357.1, 206.8, 109.4)
(356.7, 210.7, 111.1)
(356.2, 212.6, 112.1)
    
(15.3, 176.1, 98.2)
(17.2, 185.6, 103.7)
(15.2, 192.0, 106.9)
(10.3, 196.0, 107.8)
(10.3, 196.0, 107.8)
(5.4, 198.8, 108.0)
(2.7, 201.8, 108.6)
(1.6, 205.1, 109.7)
(1.8, 208.2, 111.0)
(1.8, 208.2, 111.0)
    
(15.5, 174.7, 96.7)
(11.1, 180.5, 98.8)
(11.1, 180.5, 98.8)
(8.0, 185.6, 100.8)
(5.9, 189.4, 102.8)
(5.4, 192.2, 105.3)
(5.7, 194.4, 107.4)
(5.7, 194.4, 107.4)
(6.0, 196.9, 108.7)
(5.8, 199.1, 109.4)
    
(16.9, 178.3, 93.4)
(11.4, 180.5, 94.0)
(7.4, 184.1, 96.7)
(7.2, 188.8, 100.4)
(7.0, 192.1, 102.9)
(7.0, 192.1, 102.9)
(5.8, 194.1, 104.3)
(3.8, 195.8, 104.5)
(1.5, 197.4, 104.5)
(0.1, 199.2, 105.1)
    
(19.4, 177.3, 107.3)
(17.8, 181.1, 109.6)
(17.8, 181.1, 109.6)
(14.4, 183.9, 110.1)
(10.4, 186.5, 109.7)
(7.5, 188.9, 109.6)
(5.8, 190.8, 110.0)
(5.8, 190.8, 110.0)
(4.2, 192.9, 111.0)
(3.5, 195.1, 112.0)
    
(12.7, 177.6, 101.7)
(11.1, 183.0, 103.7)
(11.1, 183.0, 103.7)
(9.5, 187.2, 105.2)
(7.7, 189.3, 105.4)
(5.5, 190.7, 104.9)
(5.5, 190.7, 104.9)
(3.5, 192.4, 104.6)
(2.4, 194.7, 104.9)
(2.2, 197.2, 105.8)
    
(8.7, 175.1, 92.4)
(7.6, 178.6, 95.6)
(6.9, 182.2, 99.0)
(4.8, 185.9, 101.1)
(4.8, 185.9, 101.1)
(2.4, 189.4, 102.4)
(0.8, 192.5, 103.2)
(359.8, 194.8, 103.6)
(358.3, 196.1, 104.2)
(358.3, 196.1, 104.2)
    
(5.9, 175.7, 97.5)
(1.8, 179.8, 98.5)
(356.9, 182.0, 98.2)
(356.9, 182.0, 98.2)
(352.6, 183.3, 99.3)
(352.9, 185.8, 101.6)
(354.6, 188.9, 104.3)
(353.7, 190.9, 105.6)
(353.7, 190.9, 105.6)
(350.5, 191.3, 104.8)
    
(4.7, 173.6, 93.0)
(1.6, 177.8, 95.5)
(1.6, 177.8, 95.5)
(358.9, 180.6, 97.2)
(355.6, 181.9, 98.2)
(353.6, 183.3, 99.5)
(353.5, 186.1, 100.9)
(353.5, 186.1, 100.9)
(353.6, 189.6, 102.3)
(352.7, 192.2, 102.8)
    
(356.6, 177.1, 94.5)
(356.6, 177.1, 94.5)
(344.1, 174.8, 94.8)
(339.0, 176.6, 98.2)
(342.2, 182.7, 102.8)
(346.9, 188.3, 106.3)
(346.9, 188.3, 106.3)
(348.3, 191.1, 107.3)
(348.2, 192.3, 107.4)
(347.8, 193.6, 107.6)
    
(12.6, 172.9, 93.1)
(8.0, 176.8, 95.3)
(6.1, 184.9, 98.3)
(6.1, 184.9, 98.3)
(3.4, 189.9, 99.4)
(359.1, 192.9, 99.0)
(356.6, 194.4, 99.3)
(356.3, 196.8, 100.4)
(356.3, 196.8, 100.4)
(356.9, 200.8, 101.8)
    
(10.7, 180.2, 93.9)
(7.4, 184.4, 97.2)
(7.4, 184.4, 97.2)
(6.2, 189.5, 101.0)
(4.4, 193.9, 103.8)
(1.2, 197.2, 104.8)
(357.2, 199.0, 104.5)
(357.2, 199.0, 104.5)
(352.7, 199.9, 104.5)
(350.4, 203.0, 105.9)
    
(6.7, 173.2, 90.1)
(6.9, 180.9, 97.3)
(6.9, 180.9, 97.3)
(1.8, 184.0, 98.5)
(356.4, 186.7, 98.3)
(353.6, 190.9, 98.9)
(352.9, 195.5, 100.4)
(352.9, 195.5, 100.4)
(353.0, 198.8, 101.8)
(352.3, 200.7, 102.5)
    
(5.0, 178.1, 94.5)
(0.1, 180.3, 94.6)
(356.0, 182.8, 95.0)
(353.9, 186.2, 96.4)
(353.9, 186.2, 96.4)
(353.6, 189.9, 97.8)
(353.8, 193.0, 98.8)
(353.8, 195.2, 98.8)
(352.4, 196.6, 98.1)
(352.4, 196.6, 98.1)
    
(11.1, 178.1, 98.9)
(6.4, 180.4, 100.2)
(6.4, 180.4, 100.2)
(1.5, 182.0, 101.5)
(357.1, 184.2, 104.0)
(355.8, 188.1, 106.2)
(355.0, 191.9, 107.2)
(355.0, 191.9, 107.2)
(353.5, 194.7, 107.2)
(350.7, 195.5, 106.8)
    
(7.2, 180.2, 101.8)
(7.2, 180.2, 101.8)
(2.1, 182.3, 100.5)
(356.8, 183.4, 100.0)
(355.4, 185.7, 101.5)
(356.3, 189.2, 103.8)
(356.3, 189.2, 103.8)
(357.4, 192.6, 105.4)
(357.2, 195.1, 106.1)
(355.6, 196.1, 105.9)
    
(14.0, 179.4, 106.6)
(9.6, 180.9, 105.6)
(9.6, 180.9, 105.6)
(6.4, 181.9, 104.6)
(4.8, 183.9, 106.0)
(5.5, 187.6, 109.7)
(6.7, 191.6, 112.1)
(6.7, 191.6, 112.1)
(6.3, 194.1, 112.8)
(4.5, 194.7, 111.8)
    
/n
(10.1, 178.6, 107.2)
(7.3, 184.8, 111.8)
(4.6, 189.0, 113.5)
(1.3, 193.2, 113.7)
(356.7, 197.6, 112.9)
(356.7, 197.6, 112.9)
(353.6, 200.3, 112.1)
(351.6, 202.7, 111.5)
(350.0, 206.2, 111.8)
(349.4, 209.2, 112.3)
    
(11.1, 177.9, 107.0)
(6.0, 182.7, 107.6)
(2.1, 187.1, 108.5)
(358.4, 190.4, 109.3)
(355.1, 193.2, 109.6)
(355.1, 193.2, 109.6)
(352.6, 195.5, 109.8)
(351.0, 197.9, 109.5)
(349.0, 200.0, 108.9)
(349.0, 200.0, 108.9)
    
(12.6, 184.1, 115.5)
(9.5, 188.7, 116.5)
(6.1, 191.9, 116.5)
(6.1, 191.9, 116.5)
(4.3, 195.1, 117.0)
(2.9, 198.3, 118.1)
(1.4, 200.8, 118.5)
(359.6, 202.6, 118.3)
(359.6, 202.6, 118.3)
(358.9, 204.7, 118.2)
    
(13.4, 178.5, 106.6)
(8.2, 183.4, 108.8)
(8.2, 183.4, 108.8)
(5.4, 190.2, 112.5)
(3.5, 196.6, 115.7)
(1.8, 200.6, 116.7)
(358.8, 203.0, 116.3)
(358.8, 203.0, 116.3)
(355.1, 204.0, 115.5)
(353.4, 205.8, 115.3)
    
(9.5, 179.8, 109.7)
(4.9, 184.0, 111.5)
(3.6, 190.4, 114.2)
(2.5, 195.0, 115.4)
(359.3, 197.0, 114.8)
(359.3, 197.0, 114.8)
(355.1, 198.0, 114.4)
(353.3, 200.4, 114.9)
(352.6, 203.7, 116.0)
(352.0, 206.2, 116.3)
    
(10.9, 178.6, 109.9)
(8.3, 184.8, 112.7)
(6.1, 190.8, 115.6)
(2.6, 194.0, 116.4)
(2.6, 194.0, 116.4)
(358.6, 195.4, 116.1)
(356.4, 197.1, 116.2)
(355.8, 199.7, 117.0)
(355.6, 202.9, 117.7)
(355.6, 202.9, 117.7)
    
(3.2, 184.2, 113.1)
(3.2, 184.2, 113.1)
(1.3, 190.2, 115.4)
(1.0, 195.3, 117.2)
(359.9, 197.5, 117.4)
(358.0, 197.8, 116.9)
(356.3, 198.4, 117.1)
(356.3, 198.4, 117.1)
(355.7, 200.4, 117.3)
(355.9, 203.3, 117.8)
    
(15.0, 185.6, 114.5)
(15.0, 185.6, 114.5)
(11.6, 190.0, 115.7)
(5.5, 193.4, 115.4)
(0.4, 196.6, 115.8)
(357.8, 200.5, 117.1)
(357.8, 200.5, 117.1)
(356.4, 204.0, 118.4)
(355.2, 205.7, 118.3)
(353.5, 206.7, 117.5)
    
(18.6, 182.3, 112.8)
(13.9, 184.5, 113.3)
(9.3, 186.9, 114.1)
(6.4, 190.4, 115.1)
(6.4, 190.4, 115.1)
(3.4, 193.5, 115.4)
(359.9, 196.0, 115.5)
(356.5, 198.6, 116.2)
(354.5, 201.4, 116.9)
(354.5, 201.4, 116.9)
    
(13.8, 183.6, 113.1)
(13.8, 183.6, 113.1)
(7.1, 184.3, 113.3)
(2.2, 185.5, 114.4)
(0.1, 188.6, 116.7)
(0.2, 192.0, 118.7)
(0.2, 192.0, 118.7)
(0.5, 194.6, 119.3)
(359.8, 195.9, 118.7)
(358.3, 196.7, 118.1)
    
(17.0, 183.1, 111.5)
(17.0, 183.1, 111.5)
(10.0, 188.7, 112.2)
(5.1, 193.2, 113.8)
(1.6, 195.8, 115.3)
(359.3, 198.7, 116.7)
(359.3, 198.7, 116.7)
(358.4, 201.5, 117.8)
(357.2, 203.6, 118.0)
(355.5, 205.7, 117.9)
    
(11.8, 178.6, 109.7)
(6.3, 183.8, 111.8)
(2.3, 188.0, 113.8)
(2.3, 188.0, 113.8)
(0.2, 191.9, 115.9)
(358.9, 194.8, 117.0)
(357.4, 197.0, 116.7)
(355.6, 199.3, 116.1)
(355.6, 199.3, 116.1)
(354.4, 201.6, 115.7)
    
(16.1, 177.4, 114.8)
(9.6, 180.3, 115.8)
(9.6, 180.3, 115.8)
(5.8, 183.0, 117.2)
(2.3, 185.4, 118.6)
(359.5, 188.6, 120.0)
(359.5, 188.6, 120.0)
(357.2, 191.0, 120.5)
(354.3, 192.8, 120.5)
(351.4, 194.3, 120.1)
    
(16.3, 175.3, 110.8)
(12.4, 181.0, 113.5)
(10.1, 187.6, 116.7)
(6.4, 191.6, 117.8)
(2.9, 193.3, 117.5)
(2.9, 193.3, 117.5)
(0.0, 194.9, 117.7)
(358.0, 197.6, 118.9)
(357.1, 200.6, 120.1)
(357.0, 203.5, 120.8)
    
(3.4, 180.8, 110.9)
(359.5, 184.9, 112.7)
(355.3, 188.1, 114.7)
(352.2, 190.3, 117.4)
(352.2, 190.3, 117.4)
(351.4, 193.1, 119.6)
(351.6, 196.7, 121.4)
(350.9, 199.3, 122.3)
(350.0, 201.5, 122.6)
(350.0, 201.5, 122.6)
    
(13.1, 182.3, 112.6)
(9.7, 185.0, 114.1)
(9.7, 185.0, 114.1)
(6.3, 188.2, 115.2)
(3.2, 192.1, 116.2)
(1.2, 195.9, 117.3)
(1.2, 195.9, 117.3)
(359.5, 199.1, 118.0)
(357.5, 200.6, 117.8)
(355.0, 201.2, 117.3)
    
(5.3, 176.7, 113.8)
(5.4, 184.3, 117.7)
(3.6, 188.8, 119.4)
(0.8, 190.4, 118.6)
(0.8, 190.4, 118.6)
(357.9, 191.0, 117.7)
(355.7, 192.5, 117.7)
(355.2, 195.1, 118.2)
(355.3, 198.2, 118.8)
(355.3, 198.2, 118.8)
    
(15.1, 176.9, 104.5)
(13.6, 181.6, 107.2)
(10.4, 184.8, 107.5)
(10.4, 184.8, 107.5)
(6.7, 187.4, 107.3)
(4.7, 190.3, 108.1)
(4.0, 193.6, 109.9)
(3.8, 196.3, 110.7)
(3.8, 196.3, 110.7)
(2.5, 198.2, 110.7)
    
(7.5, 177.4, 103.0)
(3.5, 183.5, 104.7)
(3.5, 183.5, 104.7)
(0.1, 188.5, 106.2)
(357.4, 191.9, 107.3)
(355.5, 195.3, 108.8)
(355.5, 195.3, 108.8)
(354.0, 197.6, 109.4)
(352.4, 199.5, 109.5)
(350.4, 201.2, 108.8)
    
(0.7, 176.5, 105.0)
(357.8, 185.9, 108.2)
(354.0, 190.8, 109.6)
(352.4, 192.3, 109.8)
(352.4, 192.3, 109.8)
(350.9, 193.4, 110.1)
(350.6, 194.9, 111.1)
(351.3, 196.7, 111.8)
(352.0, 198.9, 112.0)
(352.0, 198.9, 112.0)
    
(16.5, 174.4, 104.7)
(11.4, 177.7, 105.4)
(7.1, 181.0, 106.1)
(4.7, 185.1, 107.5)
(4.7, 185.1, 107.5)
(2.6, 189.1, 108.8)
(0.0, 191.7, 109.3)
(357.5, 193.5, 109.4)
(355.7, 194.8, 109.2)
(355.7, 194.8, 109.2)
    
(11.3, 178.9, 105.6)
(11.3, 178.9, 105.6)
(7.4, 182.4, 106.7)
(4.0, 185.5, 107.2)
(0.7, 188.0, 107.8)
(358.8, 190.0, 108.7)
(358.8, 190.0, 108.7)
(357.6, 192.6, 110.0)
(356.4, 194.9, 110.3)
(354.3, 196.9, 110.0)
    
(2.6, 179.7, 109.8)
(1.5, 185.3, 114.2)
(3.6, 190.2, 116.5)
(2.4, 193.4, 116.8)
(357.5, 194.6, 117.1)
(357.5, 194.6, 117.1)
(352.4, 195.9, 118.4)
(351.5, 199.2, 120.9)
(353.5, 200.3, 122.4)
(354.3, 199.5, 122.8)
    
(12.6, 179.5, 110.2)
(9.7, 182.3, 113.1)
(5.9, 183.0, 113.8)
(5.9, 183.0, 113.8)
(2.7, 184.1, 113.9)
(1.0, 186.9, 115.1)
(359.0, 189.1, 116.5)
(356.3, 189.9, 117.0)
(356.3, 189.9, 117.0)
(353.0, 189.8, 116.6)
    
(13.8, 170.3, 101.0)
(6.8, 177.2, 103.4)
(6.8, 177.2, 103.4)
(2.5, 182.9, 107.2)
(2.9, 188.2, 111.6)
(2.4, 191.1, 113.6)
(359.7, 192.8, 114.2)
(359.7, 192.8, 114.2)
(357.0, 195.0, 114.4)
(354.6, 197.3, 114.4)
    
(8.1, 177.0, 100.5)
(5.2, 178.7, 101.4)
(3.2, 181.1, 103.2)
(2.5, 185.1, 105.4)
(1.6, 188.6, 107.1)
(1.6, 188.6, 107.1)
(359.7, 190.8, 107.7)
(357.2, 192.1, 107.7)
(354.6, 193.7, 108.0)
(352.6, 195.6, 108.6)
    
(16.1, 174.3, 99.3)
(11.3, 178.4, 101.0)
(7.3, 182.8, 102.8)
(4.6, 187.2, 104.5)
(4.6, 187.2, 104.5)
(2.5, 190.8, 106.0)
(0.3, 192.6, 106.2)
(358.3, 193.9, 106.1)
(357.0, 195.4, 106.4)
(357.0, 195.4, 106.4)
    
(15.0, 184.2, 103.2)
(10.4, 189.4, 105.0)
(6.6, 192.9, 106.7)
(6.6, 192.9, 106.7)
(3.8, 194.9, 107.7)
(0.7, 196.5, 107.7)
(357.5, 198.4, 107.3)
(357.5, 198.4, 107.3)
(355.4, 201.7, 107.5)
(354.8, 204.2, 108.2)
    
(13.2, 177.0, 101.5)
(11.3, 181.4, 103.7)
(9.5, 184.7, 105.4)
(7.2, 186.6, 105.8)
(7.2, 186.6, 105.8)
(4.2, 188.1, 105.6)
(1.9, 189.5, 105.7)
(0.6, 190.8, 106.4)
(0.2, 192.6, 107.2)
(359.2, 194.5, 107.3)
    
(18.3, 176.5, 105.0)
(13.7, 180.7, 105.3)
(9.9, 185.0, 105.9)
(9.9, 185.0, 105.9)
(6.4, 188.6, 107.3)
(4.4, 191.0, 108.4)
(2.8, 192.9, 109.1)
(1.2, 194.1, 109.5)
(1.2, 194.1, 109.5)
(359.3, 195.1, 110.2)
    
(8.5, 176.7, 101.5)
(7.1, 181.8, 104.6)
(7.1, 181.8, 104.6)
(5.5, 186.8, 107.7)
(3.6, 188.4, 108.2)
(0.9, 189.1, 108.1)
(357.7, 189.9, 108.1)
(357.7, 189.9, 108.1)
(356.2, 191.8, 108.5)
(354.9, 194.5, 109.1)
    
(10.5, 177.2, 102.6)
(10.5, 177.2, 102.6)
(5.6, 179.9, 103.1)
(1.9, 183.0, 104.0)
(359.1, 186.3, 105.8)
(358.0, 189.0, 107.5)
(358.0, 189.0, 107.5)
(357.1, 191.2, 108.2)
(355.7, 192.9, 108.7)
(353.7, 194.4, 109.2)
    
(15.1, 176.8, 108.2)
(10.8, 180.1, 109.3)
(6.5, 182.2, 108.9)
(2.8, 184.5, 108.9)
(2.8, 184.5, 108.9)
(0.7, 187.4, 109.9)
(359.7, 190.1, 111.1)
(358.8, 192.8, 112.1)
(357.5, 195.3, 112.2)
(357.5, 195.3, 112.2)
    
(12.1, 174.0, 99.8)
(9.7, 179.9, 102.3)
(9.7, 179.9, 102.3)
(7.9, 185.2, 104.2)
(4.9, 188.6, 106.0)
(1.2, 189.7, 107.8)
(359.4, 192.1, 108.9)
(359.4, 192.1, 108.9)
(358.1, 195.8, 109.5)
(356.3, 199.2, 109.3)
    
(15.8, 172.5, 101.1)
(13.8, 178.6, 104.6)
(11.3, 183.5, 107.3)
(8.3, 187.0, 108.3)
(5.6, 189.8, 108.5)
(5.6, 189.8, 108.5)
(2.5, 192.3, 108.4)
(0.1, 195.1, 108.6)
(358.0, 198.3, 108.9)
(356.7, 201.0, 108.8)
    
(10.5, 178.5, 109.3)
(6.9, 181.8, 109.7)
(2.7, 184.7, 109.7)
(359.2, 188.3, 110.4)
(359.2, 188.3, 110.4)
(356.6, 191.3, 111.6)
(354.6, 194.2, 112.8)
(352.8, 197.0, 113.4)
(351.2, 199.4, 113.1)
(351.2, 199.4, 113.1)
    
(6.5, 168.8, 95.6)
(5.9, 173.4, 98.3)
(5.9, 173.4, 98.3)
(4.2, 176.8, 99.7)
(1.2, 178.4, 100.0)
(358.7, 180.3, 100.2)
(357.4, 183.0, 101.2)
(357.4, 183.0, 101.2)
(356.9, 186.2, 102.4)
(356.0, 189.3, 103.0)
    
(5.4, 178.0, 97.0)
(5.4, 178.0, 97.0)
(3.2, 183.0, 100.1)
(1.2, 187.7, 103.3)
(358.6, 191.4, 105.6)
(355.9, 193.8, 106.1)
(355.9, 193.8, 106.1)
(353.5, 196.4, 105.8)
(350.5, 198.5, 104.6)
(348.4, 200.2, 103.7)
    
(11.4, 178.2, 101.4)
(8.8, 182.9, 104.3)
(5.8, 186.6, 106.0)
(3.3, 190.0, 107.2)
(3.3, 190.0, 107.2)
(0.6, 192.9, 107.7)
(357.6, 194.9, 107.3)
(354.7, 195.8, 107.3)
(352.9, 197.4, 108.1)
(352.1, 200.0, 108.8)
    
(20.4, 175.7, 101.2)
(14.7, 179.7, 101.6)
(9.5, 183.2, 102.4)
(6.4, 186.9, 103.7)
(4.0, 190.5, 105.4)
(4.0, 190.5, 105.4)
(2.2, 192.9, 106.2)
(0.9, 195.2, 106.5)
(359.4, 196.5, 105.9)
(357.5, 197.4, 105.1)
    
(14.1, 181.4, 105.2)
(10.3, 185.7, 105.8)
(7.1, 189.3, 107.0)
(5.4, 191.9, 108.6)
(5.4, 191.9, 108.6)
(4.4, 193.7, 110.0)
(3.2, 195.7, 110.4)
(1.7, 197.7, 110.6)
(359.6, 198.7, 111.1)
(359.6, 198.7, 111.1)
    
(18.7, 180.2, 105.5)
(14.8, 183.3, 106.6)
(10.9, 185.7, 107.5)
(10.9, 185.7, 107.5)
(7.6, 188.9, 109.3)
(6.1, 193.7, 111.9)
(4.3, 196.4, 112.5)
(1.9, 198.0, 111.9)
(1.9, 198.0, 111.9)
(358.1, 199.1, 109.8)
    
(16.5, 178.1, 106.7)
(13.0, 182.1, 107.3)
(9.1, 185.5, 107.7)
(5.8, 189.0, 108.7)
(3.5, 191.8, 109.6)
(3.5, 191.8, 109.6)
(1.5, 194.5, 110.6)
(359.5, 197.1, 110.9)
(357.4, 199.4, 110.3)
(355.0, 201.1, 109.0)
    
(10.9, 175.8, 108.5)
(8.4, 181.8, 111.4)
(5.6, 187.1, 113.2)
(5.6, 187.1, 113.2)
(3.1, 190.9, 113.4)
(0.9, 193.3, 112.5)
(359.0, 194.8, 111.7)
(357.3, 196.1, 111.9)
(357.3, 196.1, 111.9)
(356.1, 197.5, 112.8)
    
(12.1, 178.8, 104.4)
(6.4, 182.1, 104.7)
(2.2, 187.2, 106.8)
(0.6, 192.7, 109.0)
(358.6, 198.0, 110.5)
(358.6, 198.0, 110.5)
(355.4, 200.8, 110.2)
(352.6, 202.4, 109.7)
(350.9, 204.5, 109.6)
(350.2, 207.3, 109.6)
    
(14.3, 177.3, 107.1)
(11.1, 182.3, 109.7)
(6.8, 185.2, 110.0)
(6.8, 185.2, 110.0)
(2.3, 187.3, 109.8)
(359.4, 190.5, 110.8)
(357.3, 194.4, 112.2)
(357.3, 194.4, 112.2)
(354.9, 196.9, 112.5)
(352.7, 198.8, 112.2)
    
(358.7, 179.3, 103.0)
(0.5, 184.0, 107.2)
(358.0, 188.7, 109.2)
(355.1, 191.6, 111.3)
(352.3, 194.7, 113.6)
(352.3, 194.7, 113.6)
(349.2, 196.9, 116.7)
(347.4, 198.9, 119.1)
(345.9, 200.8, 120.8)
(343.8, 202.4, 121.4)
    
(8.3, 179.7, 103.8)
(4.0, 181.9, 105.1)
(2.2, 185.9, 108.2)
(1.2, 190.5, 110.8)
(1.2, 190.5, 110.8)
(359.7, 194.2, 112.3)
(357.2, 195.9, 111.9)
(354.1, 197.0, 111.2)
(351.5, 198.2, 111.4)
(351.5, 198.2, 111.4)
    
(13.6, 172.7, 100.8)
(6.7, 176.5, 102.5)
(3.7, 182.1, 105.8)
(3.2, 187.5, 109.2)
(3.2, 191.8, 111.6)
(3.2, 191.8, 111.6)
(1.0, 193.6, 111.3)
(357.3, 194.5, 110.0)
(353.8, 196.0, 109.3)
(352.3, 198.9, 109.7)
    
(10.9, 178.7, 108.3)
(8.4, 183.6, 111.1)
(5.3, 187.5, 112.4)
(1.8, 190.3, 112.8)
(1.8, 190.3, 112.8)
(359.1, 193.3, 113.3)
(357.2, 196.9, 114.4)
(355.4, 199.7, 115.3)
(353.8, 201.8, 115.6)
(353.8, 201.8, 115.6)
    
(6.6, 183.8, 104.8)
(2.8, 186.6, 106.5)
(359.5, 189.6, 108.2)
(359.5, 189.6, 108.2)
(358.2, 193.5, 109.5)
(356.9, 197.1, 110.2)
(355.1, 199.4, 109.5)
(352.3, 200.5, 108.3)
(352.3, 200.5, 108.3)
(350.6, 201.7, 108.1)
    
(18.2, 176.0, 106.3)
(13.4, 180.4, 107.2)
(10.2, 185.0, 108.7)
(7.7, 188.9, 110.1)
(5.1, 191.5, 110.4)
(5.1, 191.5, 110.4)
(2.6, 193.5, 110.7)
(0.9, 196.0, 111.4)
(360.0, 199.1, 112.4)
(358.7, 201.6, 112.6)
    
(12.9, 178.3, 105.7)
(8.8, 180.8, 106.7)
(3.6, 183.6, 105.8)
(3.6, 183.6, 105.8)
(358.7, 186.4, 105.5)
(355.2, 189.4, 106.2)
(354.3, 192.4, 108.8)
(354.5, 195.4, 112.0)
(354.5, 195.4, 112.0)
(354.3, 198.0, 113.8)
    
(11.9, 178.7, 105.5)
(7.5, 182.5, 106.7)
(4.1, 186.4, 107.7)
(4.1, 186.4, 107.7)
(1.6, 189.6, 108.4)
(358.5, 192.2, 108.6)
(355.4, 194.0, 108.6)
(353.3, 195.9, 108.9)
(353.3, 195.9, 108.9)
(352.0, 198.5, 110.2)
    
(7.5, 176.9, 101.8)
(2.7, 180.7, 103.3)
(359.9, 185.6, 106.0)
(358.4, 190.0, 108.4)
(356.7, 192.3, 109.6)
(356.7, 192.3, 109.6)
(354.6, 193.7, 109.9)
(352.3, 194.7, 110.4)
(350.7, 196.4, 111.8)
(349.9, 198.9, 113.2)
    
(12.3, 181.4, 103.0)
(8.1, 186.2, 105.0)
(5.4, 191.3, 107.4)
(2.6, 195.4, 108.3)
(2.6, 195.4, 108.3)
(359.0, 198.8, 108.4)
(356.6, 201.3, 108.1)
(354.5, 203.7, 108.0)
(353.3, 206.1, 108.1)
(353.3, 206.1, 108.1)
    
(10.9, 181.3, 104.3)
(9.2, 186.3, 106.5)
(7.1, 189.9, 108.1)
(7.1, 189.9, 108.1)
(4.6, 192.3, 108.5)
(2.6, 194.2, 108.4)
(0.4, 196.2, 108.8)
(359.1, 198.1, 109.3)
(359.1, 198.1, 109.3)
(358.2, 200.8, 110.3)
    
(12.6, 182.9, 106.8)
(12.6, 182.9, 106.8)
(9.6, 185.7, 107.3)
(4.9, 187.5, 106.7)
(0.6, 189.3, 106.3)
(358.3, 192.5, 107.4)
(358.3, 192.5, 107.4)
(357.8, 196.1, 109.0)
(357.8, 198.6, 109.9)
(356.8, 199.9, 109.5)
    
(12.9, 181.5, 104.3)
(10.3, 185.0, 105.8)
(7.8, 186.6, 106.3)
(5.8, 188.0, 107.0)
(5.8, 188.0, 107.0)
(4.4, 190.1, 107.7)
(3.1, 192.8, 108.3)
(1.4, 194.9, 109.1)
(0.2, 196.4, 109.8)
(0.2, 196.4, 109.8)
    
(13.2, 179.6, 103.0)
(8.1, 187.0, 105.6)
(3.0, 191.7, 106.8)
(3.0, 191.7, 106.8)
(358.6, 195.2, 107.2)
(355.1, 199.0, 107.3)
(352.4, 202.6, 107.8)
(350.9, 205.4, 107.7)
(350.9, 205.4, 107.7)
(350.1, 208.0, 107.6)
    
(6.7, 182.7, 106.7)
(0.9, 186.5, 107.3)
(0.9, 186.5, 107.3)
(356.6, 190.8, 107.9)
(353.8, 195.1, 109.1)
(351.3, 198.1, 110.0)
(349.1, 200.2, 110.2)
(349.1, 200.2, 110.2)
(347.8, 202.1, 110.4)
(346.7, 204.1, 110.4)
    
(15.7, 175.9, 101.8)
(11.2, 179.9, 103.8)
(5.8, 183.7, 105.2)
(2.3, 186.7, 106.6)
(359.1, 190.0, 108.2)
(359.1, 190.0, 108.2)
(357.7, 192.8, 109.8)
(356.4, 193.9, 110.1)
(354.3, 194.2, 109.8)
(354.3, 194.2, 109.8)
    
(12.8, 182.3, 101.3)
(7.8, 187.2, 103.4)
(4.9, 191.7, 106.0)
(4.9, 191.7, 106.0)
(2.4, 194.4, 108.0)
(0.1, 196.2, 108.5)
(357.8, 199.2, 108.7)
(355.4, 203.3, 109.2)
(355.4, 203.3, 109.2)
(353.1, 206.5, 109.2)
    
(8.2, 178.8, 99.8)
(8.2, 178.8, 99.8)
(4.4, 183.2, 101.4)
(1.5, 189.8, 104.3)
(359.5, 193.9, 105.4)
(356.3, 196.6, 104.9)
(356.3, 196.6, 104.9)
(352.3, 199.0, 103.5)
(350.8, 200.8, 102.9)
(351.2, 202.4, 102.9)
    
(12.0, 180.4, 101.3)
(7.5, 185.3, 102.7)
(5.3, 190.1, 104.6)
(3.6, 193.4, 105.7)
(3.6, 193.4, 105.7)
(1.2, 195.1, 105.8)
(358.6, 196.5, 105.0)
(356.0, 198.3, 104.2)
(354.4, 200.6, 103.6)
(354.4, 200.6, 103.6)
    
(7.7, 178.6, 100.9)
(7.4, 183.9, 102.9)
(7.5, 188.5, 104.0)
(7.5, 188.5, 104.0)
(5.8, 192.2, 103.9)
(2.8, 195.0, 103.2)
(359.2, 196.7, 102.1)
(356.5, 198.1, 101.3)
(356.5, 198.1, 101.3)
(355.9, 201.0, 101.1)
    
(20.3, 182.7, 104.8)
(13.0, 186.3, 104.6)
(13.0, 186.3, 104.6)
(6.8, 190.4, 105.6)
(4.6, 194.4, 107.1)
(2.8, 198.1, 109.0)
(1.2, 201.2, 110.1)
(1.2, 201.2, 110.1)
(0.0, 204.6, 110.6)
(359.0, 207.5, 110.6)
    
(13.3, 176.4, 102.0)
(9.1, 179.0, 102.5)
(7.4, 183.5, 104.4)
(6.0, 187.8, 106.1)
(6.0, 187.8, 106.1)
(4.1, 191.0, 107.1)
(2.3, 193.5, 107.5)
(0.3, 195.9, 107.8)
(358.5, 197.8, 107.5)
(358.5, 197.8, 107.5)
    
(17.8, 185.7, 105.5)
(11.7, 191.2, 105.7)
(6.1, 195.9, 105.5)
(6.1, 195.9, 105.5)
(1.4, 199.5, 106.0)
(358.8, 201.7, 107.0)
(357.6, 204.3, 108.1)
(356.9, 206.8, 108.4)
(356.9, 206.8, 108.4)
(355.7, 208.6, 107.3)
    
(13.8, 177.1, 105.6)
(9.7, 181.6, 107.1)
(9.7, 181.6, 107.1)
(5.7, 185.4, 108.1)
(2.7, 188.6, 109.3)
(0.8, 190.8, 110.1)
(358.9, 192.8, 110.6)
(358.9, 192.8, 110.6)
(356.7, 195.1, 110.7)
(354.7, 197.5, 110.7)
    
(16.4, 175.4, 104.5)
(12.5, 178.8, 106.5)
(9.1, 182.7, 108.1)
(5.6, 187.4, 109.7)
(1.8, 191.0, 110.4)
(1.8, 191.0, 110.4)
(358.7, 193.3, 110.4)
(355.6, 195.4, 110.3)
(353.1, 197.5, 110.8)
(352.1, 200.2, 111.4)
    
(10.4, 178.4, 104.6)
(7.3, 181.2, 105.3)
(4.1, 184.0, 106.4)
(4.1, 184.0, 106.4)
(2.6, 188.3, 108.1)
(1.0, 192.5, 109.5)
(358.3, 195.2, 109.8)
(354.8, 196.6, 109.0)
(354.8, 196.6, 109.0)
(351.9, 197.9, 108.7)
    
(15.5, 170.1, 98.7)
(12.8, 176.4, 102.4)
(10.5, 181.7, 105.2)
(7.6, 185.5, 106.7)
(4.0, 188.0, 106.3)
(4.0, 188.0, 106.3)
(0.9, 190.2, 105.7)
(358.4, 193.3, 106.0)
(356.3, 197.1, 106.6)
(355.1, 199.4, 106.4)
    
(14.0, 183.0, 105.9)
(9.4, 188.0, 106.7)
(5.3, 192.6, 108.0)
(1.7, 197.4, 109.5)
(359.9, 200.3, 110.0)
(359.9, 200.3, 110.0)
(357.8, 201.9, 109.8)
(355.0, 203.2, 109.5)
(352.7, 205.5, 109.3)
(351.6, 209.0, 109.2)
    
(11.9, 175.7, 102.8)
(10.7, 180.8, 104.9)
(9.0, 184.3, 106.1)
(9.0, 184.3, 106.1)
(6.3, 187.2, 106.8)
(4.2, 189.9, 107.3)
(2.9, 192.5, 107.7)
(1.8, 195.4, 108.3)
(1.8, 195.4, 108.3)
(0.5, 197.8, 108.8)
    
(7.5, 182.5, 104.4)
(7.5, 182.5, 104.4)
(5.4, 184.6, 105.6)
(4.0, 187.4, 107.0)
(1.8, 190.2, 108.0)
(359.9, 193.1, 108.3)
(359.9, 193.1, 108.3)
(358.1, 196.1, 108.1)
(355.7, 197.9, 107.5)
(353.5, 198.9, 107.3)
    
(11.2, 178.1, 106.4)
(7.3, 183.9, 108.9)
(4.2, 188.9, 110.7)
(1.1, 192.6, 111.6)
(1.1, 192.6, 111.6)
(358.2, 195.0, 111.8)
(355.6, 196.6, 112.2)
(353.5, 198.1, 112.8)
(352.3, 199.9, 113.6)
(352.3, 199.9, 113.6)
    
(6.8, 178.6, 95.9)
(3.5, 183.1, 97.5)
(0.8, 187.4, 99.0)
(0.8, 187.4, 99.0)
(358.8, 189.9, 99.8)
(356.4, 191.9, 100.3)
(354.2, 194.4, 100.7)
(352.2, 196.8, 101.4)
(352.2, 196.8, 101.4)
(351.1, 198.8, 101.9)
    
(19.9, 171.8, 97.3)
(12.8, 182.6, 104.6)
(10.0, 190.7, 108.7)
(7.0, 195.4, 110.6)
(3.5, 198.7, 110.8)
(3.5, 198.7, 110.8)
(0.7, 201.8, 111.1)
(357.5, 204.4, 112.0)
(355.1, 206.5, 112.4)
(353.6, 207.9, 111.7)
    
(13.5, 177.9, 93.8)
(9.1, 181.4, 95.5)
(4.9, 185.2, 97.4)
(0.9, 189.1, 99.3)
(357.4, 192.5, 100.8)
(357.4, 192.5, 100.8)
(354.7, 195.4, 101.5)
(352.0, 198.3, 101.6)
(350.4, 199.7, 101.7)
(348.9, 200.7, 102.1)
    
(9.5, 180.4, 98.1)
(2.7, 185.3, 100.8)
(359.4, 189.8, 103.3)
(356.6, 193.6, 105.4)
(356.6, 193.6, 105.4)
(354.6, 196.5, 106.7)
(353.6, 198.5, 107.5)
(353.4, 200.5, 108.1)
(352.6, 202.4, 108.2)
(352.6, 202.4, 108.2)
    
(6.3, 182.9, 104.9)
(6.3, 182.9, 104.9)
(4.3, 186.2, 106.2)
(1.3, 188.8, 106.9)
(357.7, 190.7, 107.3)
(355.2, 192.5, 107.6)
(355.2, 192.5, 107.6)
(353.2, 194.2, 108.2)
(352.1, 196.4, 109.2)
(351.5, 198.2, 109.5)
    
(8.5, 180.9, 106.5)
(4.4, 183.6, 106.6)
(1.9, 186.3, 107.1)
(359.8, 188.8, 107.8)
(359.8, 188.8, 107.8)
(358.0, 191.5, 108.3)
(356.7, 194.5, 108.7)
(355.3, 197.6, 109.0)
(354.2, 199.9, 108.8)
(354.2, 199.9, 108.8)
    
(13.4, 180.4, 106.2)
(10.2, 184.9, 107.3)
(6.7, 188.5, 108.3)
(4.3, 192.1, 109.7)
(4.3, 192.1, 109.7)
(2.9, 195.9, 111.2)
(1.3, 198.8, 111.6)
(358.6, 200.5, 110.5)
(355.4, 201.6, 108.9)
(355.4, 201.6, 108.9)
    
(14.6, 177.1, 102.0)
(10.5, 181.5, 103.2)
(10.5, 181.5, 103.2)
(6.9, 187.1, 105.5)
(5.0, 192.9, 108.2)
(3.5, 196.1, 108.6)
(0.9, 197.7, 107.5)
(0.9, 197.7, 107.5)
(357.8, 199.2, 106.3)
(355.8, 201.5, 106.5)
    
(15.6, 177.6, 99.6)
(13.4, 181.4, 101.9)
(11.5, 185.2, 103.8)
(9.2, 188.0, 104.8)
(9.2, 188.0, 104.8)
(6.3, 189.2, 104.9)
(3.5, 189.8, 105.0)
(1.4, 191.1, 105.4)
(0.7, 193.8, 105.9)
(0.7, 193.8, 105.9)
    
(12.6, 180.1, 107.3)
(8.9, 186.6, 110.1)
(6.1, 192.6, 111.6)
(2.8, 196.4, 111.9)
(358.9, 198.5, 111.4)
(358.9, 198.5, 111.4)
(355.8, 201.1, 111.5)
(354.3, 203.9, 112.0)
(353.1, 206.8, 112.5)
(352.6, 208.8, 112.5)
    
(12.1, 178.0, 106.4)
(8.5, 181.5, 107.7)
(5.8, 184.4, 108.9)
(4.0, 186.6, 110.5)
(2.5, 188.8, 111.4)
(2.5, 188.8, 111.4)
(0.9, 191.1, 111.8)
(359.2, 193.2, 111.6)
(357.4, 195.2, 111.8)
(356.2, 197.3, 112.3)
    
(12.4, 180.5, 105.1)
(9.7, 183.2, 105.8)
(6.8, 183.7, 105.1)
(4.2, 185.1, 104.5)
(4.2, 185.1, 104.5)
(2.7, 188.6, 105.1)
(1.3, 193.1, 106.5)
(359.1, 195.6, 106.6)
(356.7, 196.6, 106.5)
(356.7, 196.6, 106.5)
    
(19.2, 177.4, 104.8)
(16.5, 180.0, 105.7)
(13.0, 180.7, 104.8)
(13.0, 180.7, 104.8)
(9.5, 181.7, 103.9)
(6.1, 183.4, 103.8)
(4.0, 186.5, 105.3)
(2.5, 189.6, 106.9)
(2.5, 189.6, 106.9)
(1.4, 192.7, 107.9)
    
(20.7, 184.0, 110.8)
(16.4, 190.5, 111.9)
(16.4, 190.5, 111.9)
(9.6, 194.0, 110.3)
(2.9, 196.1, 109.4)
(0.9, 198.7, 110.5)
(1.7, 201.8, 112.4)
(1.7, 201.8, 112.4)
(2.5, 204.2, 113.3)
(2.3, 205.4, 113.2)
    
(15.2, 175.8, 101.7)
(13.3, 179.2, 104.1)
(11.6, 182.4, 106.1)
(9.1, 185.1, 107.2)
(9.1, 185.1, 107.2)
(6.1, 187.6, 108.0)
(3.0, 189.7, 108.2)
(0.0, 191.0, 108.4)
(357.9, 192.4, 109.2)
(357.9, 192.4, 109.2)
    
(16.9, 173.4, 103.5)
(13.4, 180.1, 106.1)
(8.4, 183.7, 106.9)
(3.8, 187.1, 107.5)
(3.8, 187.1, 107.5)
(2.2, 190.7, 108.4)
(1.4, 194.9, 109.5)
(0.6, 197.2, 109.5)
(359.0, 198.2, 108.9)
(359.0, 198.2, 108.9)
    
(6.9, 178.4, 105.0)
(4.3, 183.6, 107.6)
(4.3, 183.6, 107.6)
(1.8, 187.8, 109.2)
(358.2, 190.4, 109.6)
(355.3, 191.9, 109.7)
(353.5, 193.8, 110.4)
(353.5, 193.8, 110.4)
(351.9, 195.6, 111.1)
(350.0, 196.9, 111.5)
    
(25.4, 176.2, 109.2)
(20.3, 180.5, 111.3)
(14.4, 184.0, 112.0)
(8.5, 186.8, 111.9)
(8.5, 186.8, 111.9)
(3.7, 189.4, 112.1)
(0.9, 192.1, 113.1)
(359.6, 194.8, 114.4)
(358.7, 197.3, 115.0)
(358.7, 197.3, 115.0)
    
(10.2, 173.3, 102.2)
(5.4, 176.8, 103.3)
(3.3, 181.2, 105.6)
(3.3, 181.2, 105.6)
(2.9, 185.8, 108.0)
(0.9, 189.1, 109.1)
(358.2, 191.8, 109.7)
(355.5, 193.4, 109.7)
(355.5, 193.4, 109.7)
(353.1, 195.4, 109.2)
    
(10.0, 179.0, 105.5)
(6.5, 181.7, 106.9)
(3.0, 184.7, 107.3)
(3.0, 184.7, 107.3)
(358.4, 187.6, 107.9)
(354.4, 190.4, 109.8)
(352.1, 193.7, 111.3)
(350.7, 196.8, 111.6)
(350.7, 196.8, 111.6)
(348.8, 199.5, 111.3)
    
(6.6, 180.2, 106.0)
(3.5, 185.1, 108.4)
(1.1, 188.4, 109.6)
(358.6, 190.0, 109.4)
(355.6, 190.6, 108.8)
(355.6, 190.6, 108.8)
(352.9, 192.1, 108.6)
(351.3, 195.6, 108.9)
(350.3, 199.8, 109.6)
(349.9, 202.1, 109.4)
    
(17.7, 171.0, 105.9)
(13.8, 177.4, 109.1)
(10.6, 182.4, 111.6)
(10.6, 182.4, 111.6)
(7.7, 185.5, 112.9)
(5.5, 187.4, 113.6)
(3.4, 189.2, 113.9)
(1.2, 191.4, 114.2)
(1.2, 191.4, 114.2)
(359.4, 193.8, 114.8)
    
/n
