    
    
    
    
    
    
    
    
0.1647185
0
0.1498805
0.1292489
0.126921
0.1142985
0
0.1248697
0.1138668
    
0.1054043
0.09069044
0.0993795
0.1029557
0
0.09762529
0.07686712
0.07251997
0.05539884
    
0.1508614
0
0.1741925
0.1539948
0.1591205
0.1413131
0
0.1019846
0.06280329
    
0
0.0597099
0.07908846
0.09034098
0.0875983
0
0.09964754
0.1045755
0.08663645
    
0
0.09919679
0.08884789
0.08068231
0.07468019
0
0.07791255
0.09061797
0.08371048
    
0
0.1206955
0.1186263
0.1180025
0.1066772
0
0.103051
0.1010867
0.1104574
    
0.1324431
0
0.1297203
0.1266372
0.1121875
0
0.1067192
0.08994636
0.07604931
    
0.2033728
0.2119132
0
0.1863262
0.1564345
0.1558761
0.1398286
0.122305
0
    
0.1031127
0.09988338
0.1060642
0
0.1230077
0.1285708
0.1619858
0.107819
0
    
0.1555861
0.1677131
0.149843
0.1269348
0
0.1120154
0.09752934
0.08965833
0.07799435
    
0.1272925
0
0.1189482
0.1211518
0.1220476
0.1227314
0
0.1174666
0.1050403
    
0.1504024
0.1486686
0.1408839
0.1458392
0
0.141703
0.123057
0.1103722
0.08521742
    
0.1490775
0.1760244
0.1748627
0
0.1519092
0.1459967
0.09991564
0.08751068
0
    
0.1644732
0
0.1450809
0.1234757
0.1245824
0
0.1316897
0.1349129
0.1264694
    
0.1872857
0.1784558
0
0.165714
0.1585897
0.1530397
0.1534088
0
0.1596564
    
0.2983651
0
0.2263275
0.207723
0.1888566
0.1826744
0
0.1436554
0.116448
    
0.1423365
0.1318629
0
0.1136905
0.09391589
0.08009879
0.06926483
0
0.05800094
    
0
0.1362703
0.1095571
0.09045465
0
0.07585012
0.07280303
0.07734229
0.07685777
    
0.1009929
0.1087973
0
0.1118552
0.108881
0.09506325
0.09016481
0
0.08099759
    
0.1448237
0.1482746
0
0.152298
0.1389216
0.1384318
0.1272272
0
0.117591
    
0.1644845
0.163294
0
0.15987
0.1491566
0.1363156
0.1139708
0
0.1100204
    
0.1367209
0
0.1315549
0.1005968
0.09937349
0.09291571
0
0.08290639
0.08848485
    
0.19211
0
0.1579793
0.1454451
0.1415649
0.1023438
0
0.08542426
0.07657299
    
0.1434429
0.1344579
0.1446102
0
0.1385166
0.1265439
0.1185509
0.1045608
0
    
0
0.1062679
0.1107648
0.1133093
0.1029639
0
0.08391342
0.0789464
0.06719515
    
0.1655038
0
0.1538275
0.1420657
0.1345981
0.1256574
0
0.1142772
0.09787579
    
0.2027939
0
0.2010755
0.1231217
0.07572425
0.05861648
0
0.0561771
0.05653867
    
0.1713445
0.1457397
0.1197916
0
0.111337
0.108846
0.1148611
0.1282172
0
    
0.1496473
0.1577714
0
0.1667667
0.1483445
0.1537845
0.1016731
0
0.0822725
    
0.1242324
0.114487
0.1226574
0
0.1104929
0.1071692
0.09530991
0
0.08548179
    
0
0.1702256
0.1653992
0.1331603
0.1225682
0
0.1076318
0.09087528
0.08557916
    
0.1158986
0.1118508
0
0.11021
0.09763452
0.09368466
0.0938441
0
0.1017551
    
0.1175546
0.1138712
0.1110532
0
0.1077139
0.09758294
0.09830493
0.07735193
0
    
0
0.1065711
0.1078279
0.109501
0.1064835
0
0.1218353
0.1059987
0.102214
    
0.1463137
0
0.1483615
0.1547306
0.1669401
0.1651312
0
0.145575
0.147056
    
0.130127
0
0.1284053
0.1293358
0.12078
0.1249587
0
0.1111891
0.1103511
    
0.1529202
0.1601824
0.1788933
0.1744131
0
0.1502833
0.1463221
0.1230189
0.1219677
    
0.1152796
0.114282
0.1091305
0
0.1102466
0.1111352
0.110585
0.1051574
0
    
0.136729
0
0.1463125
0.1434909
0.1509257
0.1458642
0
0.1415093
0.1313855
    
0
0.123904
0.1301253
0.1322107
0.1294328
0
0.1432486
0.1303517
0.1138137
    
0.1786164
0.2175235
0.2093516
0
0.2041575
0.1895591
0.1596663
0.132932
0
    
0.1621387
0.1595957
0.1313881
0
0.1283066
0.1243437
0.1256081
0.111593
0
    
0.1719707
0.1655609
0.1666532
0
0.1627268
0.1480029
0.1610843
0
0.1550038
    
0.1572872
0.1858351
0.1636581
0
0.1819673
0.1600435
0.14362
0.1199981
0
    
0.1494408
0.156393
0
0.1451965
0.1452246
0.1185679
0.116072
0
0.1111508
    
0.1696371
0
0.1631865
0.1489033
0.1304912
0.1220631
0
0.1284582
0.123551
    
0.123731
0.1289701
0
0.1172715
0.1264441
0.1228852
0.09751973
0
0.08862855
    
0.148325
0.1455146
0
0.1341365
0.1263225
0.1159713
0.1203631
0
0.1125126
    
0.1074499
0
0.1108888
0.1202761
0.1177933
0.1166186
0
0.1060831
0.09962361
    
0.1375854
0.1403592
0.1593608
0.1787816
0
0.1639767
0.1488528
0.1435314
0
    
0.1188176
0
0.1203795
0.114386
0.1094217
0.1031838
0
0.1012798
0.1021442
    
0.09945631
0.09652256
0.09009308
0.09353699
0
0.1061783
0.1119768
0.1171589
0.1073203
    
0
0.1394111
0.1415822
0.1322772
0.1194612
0.1127763
0
0.09747324
0.105754
    
0.1417003
0.1338072
0.1300146
0.1230174
0
0.1221592
0.1172973
0.1257033
0.1227035
    
0.1431115
0.1291499
0.1241223
0
0.1242919
0.1198082
0.1115539
0.106877
0
    
0.1300487
0.1235889
0.1373597
0.1215528
0
0.109791
0.075569
0.06540764
0.06619192
    
0.1445464
0.1481226
0.1375821
0.119974
0
0.110714
0.1034355
0.1055833
0.1017203
    
0.10633
0
0.1010561
0.1012136
0.1042319
0.1040349
0
0.104357
0.09046342
    
0.1363369
0.1271444
0.1293896
0.1086696
0
0.1026017
0.09688272
0.09151907
0
    
0.124803
0.1317999
0
0.1437859
0.1419102
0.1339368
0.1322977
0
0.1110865
    
0.125607
0.1036433
0.106255
0
0.1045183
0.1189066
0.1056694
0.09094432
0
    
0
0.1400521
0.1415801
0.1415661
0.1297426
0
0.1047317
0.08431208
0.07203591
    
0.1122431
0.1120836
0
0.1106871
0.1152471
0.1001455
0.07910945
0.06985384
0
    
0
0.1106711
0.1075291
0.1073368
0.1060828
0
0.09435802
0.08836603
0.07479175
    
0.1729358
0.1681278
0.1440487
0
0.1292869
0.120132
0.1039983
0.07969882
0
    
0.1174447
0.1117045
0.09995048
0
0.1020159
0.09490491
0.08553107
0.08627102
0
    
0.1294845
0.1238537
0.1237129
0
0.09438574
0.08238704
0.07113767
0.05651829
0
    
0.1243869
0.1302447
0.113166
0.1102115
0
0.09250721
0.07233714
0.05883534
0.05125418
    
0.1242121
0.1323994
0.126252
0.1212763
0
0.1095962
0.09238574
0.06837186
0.06045591
    
0.1126053
0.09046298
0
0.086984
0.08862437
0.07616863
0.07128069
0.07160676
0
    
0.1036449
0.09625005
0.09523472
0.09437907
0
0.09123056
0.08147761
0.06629647
0.06414207
    
0.1084523
0.110556
0.1229035
0
0.1098082
0.07726373
0.07469908
0.06894326
0
    
0.1160937
0
0.1078769
0.09474896
0.09303679
0.09180184
0
0.09141734
0.08021246
    
0.1404366
0.1193286
0
0.09391674
0.0896233
0.07438411
0.06748475
0
0.06086816
    
0.08412814
0
0.08965572
0.09182179
0.08708604
0.08332388
0
0.06987046
0.05864989
    
0.114883
0.09799844
0.07904488
0
0.07433881
0.0690018
0.06583663
0.06302582
0
    
0.08721347
0.09095329
0
0.09735043
0.08360769
0.08294178
0.06696819
0
0.04672103
    
0.1079366
0.1100445
0
0.1088862
0.1037813
0.09764099
0.08819994
0
0.08140757
    
0.106301
0.09907357
0.08984123
0.09278569
0
0.08702216
0.09112043
0.08084919
0.07815467
    
0.1443499
0.1359987
0
0.1073376
0.1090927
0.1120674
0.10156
0
0.09923908
    
0.1024591
0.09574686
0.09649254
0.09061471
0.08395413
0
0.0711431
0.06833494
0.06540967
    
0.09740699
0.09107284
0
0.0870629
0.08444825
0.09089757
0.07719621
0
0.07592168
    
0
0.09081791
0.08879532
0.09033769
0.08553294
0
0.08958566
0.08216096
0.08372819
    
0.1315142
0.1198198
0
0.1111811
0.1031505
0.101804
0.08779936
0
0.08296891
    
0.1170942
0.1113924
0.07689635
0
0.07452695
0.06843378
0.05861165
0.05162527
0
    
0.1207702
0.1120177
0.09172709
0
0.08859634
0.09229373
0.09851994
0.08429933
0
    
0.09473574
0.09030206
0.08703887
0
0.08871526
0.08833316
0.06463952
0.05786178
0
    
0.1088771
0.1120271
0.1113841
0.1043997
0
0.08958532
0.07623848
0.0616384
0.05665719
    
0.1258884
0.1128189
0
0.1121104
0.1099701
0.07156846
0.06864426
0
0.06007176
    
0.1445785
0
0.1544402
0.112347
0.0820086
0.07194038
0
0.06882112
0.06000385
    
0.1141614
0.1135036
0
0.09744998
0.09931666
0.08796112
0
0.08787642
0.07792614
    
/n
0.1094703
0.1135337
0
0.1138558
0.1109323
0.1010568
0
0.09063975
0.08290468
    
0.1361504
0.1489559
0.144561
0.1525019
0
0.1210976
0.1095624
0.1027373
0
    
0
0.1383808
0.1406446
0.1399847
0.1372045
0
0.1175268
0.1123999
0.1062335
    
0
0.1193334
0.1086821
0.1078664
0.1104604
0
0.1102753
0.1086823
0.1020777
    
0.1490286
0.1410174
0.1451465
0
0.1266795
0.1206242
0.1071591
0.09997074
0
    
0.1236366
0
0.1122882
0.1136145
0.1139085
0.1054289
0
0.1074777
0.1054332
    
0.1124106
0.1142704
0
0.1097516
0.1096268
0.1094225
0.1053519
0
0.1033012
    
0.1583353
0
0.1625032
0.1311689
0.123543
0.1177547
0
0.09770186
0.0973611
    
0.1252389
0.1231978
0.1257114
0.111366
0
0.1062658
0.096626
0.0875126
0.08153752
    
0.1306225
0.129748
0.1166511
0
0.1148153
0.1103948
0.1067501
0.1010683
0
    
0.117044
0
0.1143559
0.1165557
0.1074792
0.1084433
0
0.09813395
0.1013299
    
0.1304005
0.1378818
0.1227314
0
0.1228799
0.1175973
0.1149052
0.1058633
0
    
0.136569
0.1385135
0
0.1332834
0.1259277
0.1187103
0.1113212
0
0.1113858
    
0.1188612
0.1212574
0.1135147
0.1099817
0
0.1075684
0.1026919
0.1023866
0
    
0.1247551
0.1249188
0.1364324
0
0.1284599
0.1148604
0.09580175
0.09269544
0
    
0.1086529
0.1077588
0
0.1017342
0.09246723
0.08846252
0.08505656
0
0.07826109
    
0.1335436
0.1293437
0.108124
0.09955935
0
0.08912242
0.08461475
0.07227547
0.06092491
    
0.1323985
0
0.1280847
0.1034256
0.0993676
0.09915379
0
0.09993356
0.09990982
    
0.1404775
0.133784
0.1376559
0
0.1389756
0.1391768
0.1243863
0.1245225
0
    
0.1697392
0.1705377
0.1552086
0.1376231
0.1312718
0
0.1157866
0.1117517
0.1193637
    
0.1158624
0.111554
0.117986
0
0.1176503
0.1025983
0.1045034
0.09972157
0
    
0.1228396
0.1192687
0
0.1185259
0.1148047
0.1171946
0.1034431
0
0.09998504
    
0.1505134
0.1351779
0
0.1214662
0.1148452
0.1130919
0
0.1125173
0.1021559
    
0
0.1284911
0.1284354
0.1273823
0.1237307
0
0.1033091
0.09291498
0.09305266
    
0.1495246
0.1417831
0
0.1301165
0.1213394
0.1186359
0.1167009
0
0.103507
    
0.1067037
0.1045539
0.1119998
0
0.1166448
0.1046016
0.1021242
0.09839723
0
    
0.1175854
0
0.1143462
0.10138
0.09683112
0
0.09033432
0.09299883
0.08917528
    
0.1320806
0.1305396
0.1451154
0.1215458
0
0.1100129
0.08907347
0.07930967
0.06872667
    
0.1406483
0.1386353
0.1255896
0
0.1297331
0.1355647
0.129863
0.1013507
0
    
0.1336226
0.1510329
0.1339473
0
0.1383242
0.1104833
0.0882761
0.0815151
0.06191995
    
0.1435597
0.1422673
0.1494713
0
0.1147689
0.1066164
0.08836056
0.08474689
0
    
0.1230615
0.1221392
0.117234
0
0.1074342
0.09518769
0.079501
0.0752039
0
    
0.1264779
0.1178692
0.1123988
0
0.1185775
0.1457892
0.1181315
0.1264129
0
    
0.1169303
0.1113935
0.1127611
0
0.09923241
0.1009308
0.08369961
0.08156677
0
    
0.1526879
0.151543
0.1331794
0
0.1255492
0.09872442
0.0872367
0.07761109
0
    
0.09923168
0.1061746
0
0.09271184
0.091965
0.07594012
0
0.07168374
0.06928311
    
0.1259408
0
0.1143164
0.1105132
0.1054878
0.09214795
0
0.08688796
0.07100935
    
0.1425533
0.1444998
0.1224146
0.1212569
0
0.1199942
0.09093944
0.07985953
0.06014238
    
0.1150853
0.1124953
0.1032512
0.1050088
0
0.09524445
0.08506249
0.07452555
0.06487953
    
0.114815
0.1138573
0
0.1110239
0.09576628
0.09161081
0.08829717
0
0.07110462
    
0.165614
0.1359905
0.146195
0.125737
0
0.09943836
0.07544076
0.07164137
0.06205604
    
0.1113408
0.1116788
0.09118535
0.08735871
0
0.08323789
0.08091766
0.07680902
0.07110017
    
0.1274093
0
0.1160285
0.1112443
0.1001733
0.1026834
0
0.07950168
0.07095242
    
0.1480512
0.1317159
0.1235158
0.1172417
0
0.10233
0.1004564
0.08108742
0.07948004
    
0.1302662
0
0.1124323
0.1015909
0.09989324
0.1016389
0
0.1090722
0.1118632
    
0.09889945
0
0.09300192
0.08620486
0.07783562
0.07053129
0
0.06461465
0.06131825
    
0.1351636
0.1371861
0.1406952
0
0.1150174
0.1052098
0.08931091
0.0778668
0
    
0.1274991
0.1343533
0.1103941
0
0.1119175
0.07912254
0.08228655
0.06739908
0
    
0.1230736
0.1161121
0.1180603
0
0.1145659
0.1037213
0.1119785
0.06870032
0
    
0.1405523
0.1418906
0.122351
0
0.1188615
0.1093399
0.1003817
0.08253865
0
    
0.1291491
0.1502426
0
0.1345247
0.1057405
0.1120104
0.07605079
0
0.07166809
    
0.1335826
0.1299902
0.1098502
0.09818007
0
0.08119426
0.07984857
0.07911149
0.08440971
    
0.1498396
0.1353749
0.113738
0
0.09962445
0.09158512
0.08588348
0
0.0914525
    
0.09850923
0
0.0993395
0.09939253
0.1012944
0.1006623
0
0.09607477
0.08714677
    
0.1090971
0
0.09445993
0.08941887
0.08582479
0.08895607
0
0.09102489
0.08531767
    
0.1496432
0.1464615
0.1283154
0.1121394
0
0.1022481
0.09692548
0.09820116
0.0891246
    
0.1483272
0.1428482
0
0.1295833
0.119415
0.08566737
0.09202433
0
0.09522508
    
0
0.1251949
0.1053331
0.1007398
0.09143421
0
0.08234975
0.07085986
0.06456412
    
0.1332708
0.1276359
0.1313262
0
0.09738076
0.08832062
0.07163548
0.07412343
0
    
0.1304999
0.1335625
0.1278258
0.1112414
0
0.1146199
0.08469179
0.08849713
0.07644352
    
0.1478054
0
0.1195784
0.1084135
0.09822696
0.09828167
0
0.1024918
0.1099702
    
0.1327683
0.09870223
0.09805781
0.09123442
0
0.08867219
0.09255014
0.09170715
0.08895285
    
0.1031982
0.1019332
0.09828236
0.09206814
0
0.08258935
0.08479403
0.07322811
0.07369411
    
0.1175838
0.1235763
0.1207039
0
0.10628
0.09560971
0.09383401
0.08498231
0
    
0.1179392
0.1226113
0
0.1180633
0.1135342
0.1041353
0.1031565
0
0.09957588
    
0.1067833
0.1088708
0.113315
0.1264558
0
0.1197267
0.12087
0.1150607
0.08822171
    
0.1484462
0.1491761
0
0.1354838
0.1195785
0.1112966
0.1014792
0
0.09480111
    
0.1150359
0.1199619
0
0.1106607
0.1105403
0.1002143
0.08502138
0
0.07399676
    
0.1234011
0.1477917
0
0.1379426
0.1374754
0.1054671
0.09404572
0
0.08879286
    
0
0.1360871
0.1155135
0.1209471
0.1119595
0
0.09958237
0.07817556
0.05907312
    
0
0.1066305
0.1051357
0.09832049
0.1041697
0
0.09822998
0.09446239
0.07312843
    
0
0.08408841
0.08716281
0.09766877
0.1053508
0
0.1072403
0.1009408
0.08833741
    
0
0.1502533
0.1363604
0.1275088
0.1145895
0
0.1164102
0.09575183
0.1018673
    
0.1451386
0
0.1306188
0.1245034
0.09991144
0.09525181
0
0.09058262
0.07658668
    
0.1386307
0.123656
0.1259212
0
0.09424822
0.08673725
0.07224493
0.07646847
0
    
0.08684126
0.08699145
0
0.0869021
0.09117723
0.09782493
0.09051394
0
0.08915381
    
0.08784457
0.08268557
0.08072398
0
0.08316921
0.08548798
0.08505089
0.08691352
0
    
0.1526795
0.1589879
0
0.1353566
0.1254283
0.1137929
0.1044743
0
0.09311078
    
0.1286866
0.1092655
0.1276831
0
0.1210296
0.1118847
0.08882468
0.07867828
0
    
0.1000273
0
0.1168545
0.1193458
0.1268221
0
0.1090368
0.09924527
0.0927329
    
0.1264304
0
0.1410209
0.1307104
0.1309117
0.1294135
0
0.1287797
0.1264428
    
0.1309198
0
0.1249472
0.1182549
0.113729
0.1159551
0
0.09687319
0.09107324
    
0.1185565
0.1094283
0
0.1140207
0.09212679
0.1018588
0.08748423
0
0.09091678
    
0.1423978
0.147394
0
0.1378261
0.1493771
0.1270595
0.09994785
0
0.07404199
    
0
0.1583932
0.153275
0.1462642
0.1368404
0
0.1276131
0.1192019
0.1100356
    
0.1266487
0.1260472
0
0.1085436
0.1120955
0.09667793
0.07915767
0
0.07010353
    
0.131735
0.1286488
0
0.1307521
0.1339246
0.1212458
0.1129618
0
0.09385461
    
0.1466832
0.1274306
0.1028589
0
0.09429341
0.08885458
0.07601274
0
0.07680359
    
0.09812521
0.09472556
0.107413
0
0.1119358
0.1226763
0.1152904
0.09085169
0
    
0.1527269
0.1503635
0.1283996
0.1008622
0
0.08242614
0.07310884
0.06649328
0.06821892
    
0.1461434
0.1249599
0
0.1076754
0.1123527
0.1006327
0.08426212
0
0.08005708
    
0.1338669
0
0.1180552
0.1000867
0.09909408
0.0887577
0
0.08644997
0.09672908
    
0.08489015
0.09345898
0.1032555
0.1088517
0
0.1039057
0.09199379
0.07818021
0.06778791
    
0.1244359
0.1192715
0
0.1263326
0.1367098
0.1210674
0
0.1151656
0.1052285
    
0.1410858
0
0.1314821
0.2206121
0
0.1024179
0
0.1115129
0.09273092
    
0.1547693
0.1379299
0.1298933
0.1107482
0
0.1062881
0.08010552
0.06695227
0.05586403
    
/n
    
    
    
    
    
    
    
    
0.2379957
0
0.2089607
0.191749
0.1864019
0.1709349
0
0.1419937
0.1174859
    
0.2247683
0
0.1919465
0.1850595
0.1667812
0.1228856
0
0.09046458
0.08467631
    
0.143635
0.133816
0
0.1256883
0.1221654
0.1174271
0.1134218
0
0.1028301
    
0
0.1504698
0.1501776
0.1384404
0.1176647
0
0.1206421
0.1170115
0.1335912
    
0.2045684
0
0.2207228
0.1849706
0.1539183
0.1341492
0
0.1183009
0.115779
    
0.1581924
0.1461195
0
0.1374635
0.1300191
0.1381543
0.1282649
0
0.1165196
    
0.1711508
0.1687835
0.1635176
0
0.1544591
0.1400378
0.1256852
0.1204266
0
    
0.1509665
0.1621051
0
0.172819
0.1643495
0.1418294
0.1210883
0
0.1081886
    
0.1818368
0.1933336
0.1951977
0
0.2113097
0.1718633
0.1673136
0.1408529
0
    
0.1979797
0.1623192
0.1568327
0.1509578
0
0.1503924
0.1333972
0.1252558
0.115275
    
0.1998674
0
0.1681336
0.1726301
0.1587307
0.1317115
0
0.1204659
0.117437
    
0.1870448
0.1877064
0.1900582
0.1583242
0
0.1283351
0.1053584
0.1149172
0.1090992
    
0.2425805
0.1461782
0.1253744
0.1275319
0
0.1467884
0.1463102
0.1197495
0.120656
    
0
0.1421856
0.1397151
0.1468065
0.141866
0
0.1311381
0.1140245
0.1097528
    
0.1438493
0
0.1469422
0.1516402
0.1380404
0.1215475
0
0.1138431
0.1176677
    
0.1982015
0.1900957
0.1558867
0.1486705
0
0.1427052
0.1449614
0.1217037
0.1120079
    
0
0.1788289
0.1690645
0.1513217
0.1325769
0
0.1297328
0.115947
0.1186104
    
0.2089088
0.213728
0.1569843
0.1289454
0
0.1232434
0.1151446
0.1088258
0.09922674
    
0.1544302
0.1675455
0.1727859
0
0.1528432
0.1288028
0.1124423
0.104302
0
    
0.1825724
0.166027
0
0.1296621
0.118403
0.1011695
0.1046959
0.1084159
0
    
0
0.1808812
0.1671663
0.1486874
0.1274223
0
0.1266599
0.1179775
0.1083867
    
0.179617
0.1508188
0.1403354
0.1488316
0
0.1507154
0.1560762
0.1527405
0.1459406
    
0.1201861
0.1077055
0
0.1039356
0.1055831
0.1106721
0.1034075
0
0.08922065
    
0.1980337
0
0.1707729
0.1360756
0.1222946
0.1276401
0
0.1250868
0.1320006
    
0.1457147
0.1314587
0.1352668
0.1167662
0
0.1065288
0.1024154
0.1097735
0.1095413
    
0.230306
0
0.1922452
0.180129
0.1626019
0.1521088
0
0.1400572
0.1193904
    
0.1951542
0.1690103
0.1654612
0.1447655
0
0.1368885
0.1391243
0.1341241
0.1263497
    
0.1564378
0.1856053
0.2069829
0
0.1900568
0.1748269
0.134101
0.1253153
0
    
0.23295
0.2337846
0.198071
0.156972
0
0.1571448
0.1600964
0.157943
0.1332434
    
0.2016597
0.1904998
0
0.1550967
0.1248422
0.1082791
0.1012489
0
0.09726141
    
0.1862409
0
0.1686491
0.1561772
0.143064
0.1224196
0
0.1306688
0.1350083
    
0.1609768
0.1519272
0.1311333
0.1295976
0
0.1083799
0.1057631
0.08774972
0.08792309
    
0.1385583
0
0.1230672
0.1140476
0.094032
0.09445585
0.08889789
0
0.08883249
    
0.1340578
0
0.1337746
0.1344099
0.1315295
0.1245153
0
0.1146629
0.109648
    
0.1801798
0.1696969
0.1398383
0.1256632
0
0.137233
0.1564772
0.1527536
0.1416127
    
0.1617083
0.1509952
0.1638147
0
0.139397
0.1110175
0.1155579
0
0.1074096
    
0.1978707
0.1492707
0.1210503
0
0.111966
0.109396
0.09580645
0.08831237
0
    
0.1100322
0.1289677
0.1046688
0
0.07492362
0.0481241
0.04019056
0.03387396
0
    
0.1640468
0
0.1653378
0.1188974
0.099539
0.08760888
0
0.0931771
0.09761841
    
0.1299502
0.1041636
0.1045451
0
0.1209495
0.1315944
0.107093
0.0923993
0
    
0.1501196
0.1242575
0.1109949
0
0.1175168
0.113819
0.1003424
0.08880105
0
    
0
0.1435134
0.139101
0.121637
0.0926224
0
0.09022848
0.08831804
0.08815874
    
0.1457479
0.1462568
0.1162493
0.1128022
0
0.1074318
0.09832314
0.08354262
0.08309697
    
0.1300105
0.1236311
0
0.1176062
0.1068121
0.09897444
0.09444263
0
0.09159746
    
0.1404714
0.1285742
0.1147974
0
0.1194603
0.1126966
0.1117264
0.109254
0
    
0.1577002
0.1537044
0
0.1394718
0.1097737
0.1068259
0.09874092
0
0.1008019
    
0.170086
0.1618947
0.1424763
0
0.1422917
0.1295532
0.1211673
0.1103439
0
    
0.1445295
0.1360993
0.1401381
0
0.1262599
0.1245454
0.1170794
0.1102895
0
    
0.2144582
0.1689253
0.1551504
0
0.1273015
0.1303765
0.125347
0.133723
0
    
0
0.1183786
0.1205846
0.1071031
0
0.09999207
0.09281874
0.09056225
0.07208235
    
0.1400555
0.1509448
0.1689696
0
0.1617389
0.1430928
0.1252653
0.1246885
0
    
0.2638946
0.2103312
0.2131131
0.1968504
0
0.1653615
0.1347995
0.1210756
0.1044231
    
0.1770565
0.1786046
0
0.1621301
0.1568993
0.1393338
0
0.1180829
0.1058287
    
0.2028339
0.2004403
0.2002217
0
0.1961863
0.1790172
0.1816106
0.137599
0
    
0.3292656
0.3117657
0.2519239
0
0.2367507
0.2059852
0.1749123
0.1426012
0
    
0.1881674
0
0.1760533
0.153873
0.1340715
0.1244505
0
0.1268996
0.1290787
    
0.1926571
0.1996991
0.1760084
0
0.171531
0.1613655
0.1439895
0.130509
0
    
0.189302
0.1883197
0.1706537
0.1400629
0
0.1308137
0.1106426
0.111673
0.1014512
    
0
0.1786172
0.148806
0.1302753
0.1189304
0
0.1058743
0.0973276
0.07926051
    
0.1527832
0
0.1544393
0.1508773
0.1399516
0.1219801
0
0.1096926
0.0997232
    
0.1538615
0
0.139898
0.1406393
0.1309846
0.1368601
0
0.1252181
0.111238
    
0.1645667
0.1727828
0.1478388
0.1376657
0
0.1210325
0.1112789
0.105376
0.1139968
    
0.1410342
0.1340403
0
0.1477678
0.1383014
0.1310452
0
0.1204332
0.1075217
    
0.1367614
0.1428397
0.1250339
0.1188603
0
0.1078999
0.1023861
0.1068224
0.1016567
    
0.1710627
0.1551097
0.1427006
0.132021
0
0.1253854
0.1178331
0.1191738
0.1173738
    
0.1329035
0.1332194
0
0.1274128
0.1321541
0.1176458
0.1077074
0
0.1018606
    
0
0.1414806
0.1334275
0.1319286
0.121946
0
0.1107334
0.1050163
0.1028742
    
0.17733
0.181632
0.1457768
0.1368288
0
0.1187094
0.118287
0.1124246
0.108316
    
0.1445819
0.1525217
0
0.136867
0.1164323
0.1108352
0.1012961
0
0.09375073
    
0.1307054
0
0.1318299
0.1337848
0.1346947
0
0.1349089
0.1133747
0.115331
    
0.1493489
0.1389962
0.129962
0
0.1178108
0.1178829
0.1159379
0.1093399
0
    
0.1451607
0.1365874
0
0.1243265
0.1072508
0.1038683
0.09076136
0
0.09092443
    
0.1612701
0.1547328
0
0.1285067
0.1157799
0.099401
0
0.09060901
0.08554204
    
0.1745643
0
0.1541905
0.1443596
0.1256611
0.1185051
0
0.1176731
0.09250814
    
0.1509173
0.1327746
0.1343973
0
0.1065728
0.1082525
0.1041724
0.0997816
0
    
0.1354003
0.1425987
0.119237
0
0.110066
0.1084602
0.09838159
0.1028687
0
    
0.1949566
0.1891444
0.169369
0.1510077
0
0.1332297
0.1208137
0.1227551
0.1142974
    
0.1500691
0.1453384
0
0.1345908
0.1211782
0.1148945
0.10982
0
0.1130721
    
0.2348393
0
0.2389958
0.1972951
0.199212
0.1723491
0
0.1395761
0.1336266
    
0.1407921
0.1430404
0.1493237
0.1310825
0
0.1144526
0.1186577
0.1071362
0.1009486
    
0.1473192
0
0.1483436
0.1504799
0.1388256
0.1235396
0
0.1154937
0.1080705
    
0.166578
0.1740276
0.1447863
0
0.1496349
0.1464891
0.1242064
0.1183614
0
    
0.1414824
0
0.1390903
0.1217218
0.1076292
0.1015805
0
0.08808623
0.08415393
    
0.1902249
0.1798122
0.1758734
0.1463109
0
0.1541202
0.1576487
0.1316486
0.117662
    
0.1890085
0.1708733
0.1624493
0
0.142067
0.1245633
0.1175183
0.1025532
0
    
0.1644157
0
0.1526821
0.134877
0.1172462
0.1012143
0
0.09352039
0.090622
    
0.1300199
0.1432574
0.1368208
0.1156301
0
0.1069939
0.095268
0.09537839
0.09087862
    
0.127661
0
0.1224403
0.1160154
0.1072696
0.0940539
0
0.09442692
0.08360755
    
0.1422943
0
0.1314801
0.1032877
0.0947637
0
0.08872955
0.08560409
0.08040375
    
0.1439014
0.1421297
0.1355963
0
0.1277974
0.1170255
0.1053118
0.09470169
0
    
0.1670786
0.1411796
0
0.1433051
0.1176397
0.1187536
0.1098031
0
0.09191816
    
0.1717544
0
0.1455913
0.1279353
0.1189885
0.1116111
0
0.1136109
0.09514577
    
0
0.1584788
0.1713217
0.1690736
0.1371085
0
0.101016
0.08172867
0.07762863
    
0.1633387
0.1918878
0
0.1410642
0.1343868
0.1085687
0.09866231
0
0.1057924
    
0.1755279
0
0.1724283
0.1600495
0.1468268
0.1256806
0
0.1192093
0.1268124
    
0.2176001
0
0.1553585
0.1420296
0.1336177
0.1242096
0
0.1076736
0.0969061
    
0.1195289
0.1174262
0.1168566
0
0.1082322
0.09513029
0.0825427
0.07323046
0
    
0.1689893
0
0.1474361
0.1640764
0.151734
0.1340148
0
0.1246788
0.1152512
    
0
0.1385342
0.1304911
0.1206722
0.1215444
0
0.1085377
0.1037377
0.08621281
    
0.1248428
0
0.1120525
0.1117841
0.1151263
0.1018762
0
0.09399088
0.08346356
    
/n
0.2183278
0.1782703
0.1673643
0.171901
0
0.1344998
0.1259258
0.1314443
0.09528201
    
0.1761256
0.1624764
0.1451796
0.130208
0
0.1173129
0.1063172
0.09757428
0
    
0.1503328
0.1362239
0
0.1217438
0.1114594
0.101889
0.09414188
0
0.08840107
    
0.1833971
0
0.1896068
0.1792484
0.13953
0.127268
0
0.1167116
0.09802006
    
0.1726846
0.1770028
0.1494347
0.1301107
0
0.1196791
0.1099544
0.110733
0.09127278
    
0.1836462
0.1710474
0.1477965
0
0.1267605
0.1093472
0.1057518
0.1049701
0
    
0
0.1652898
0.1433686
0.119084
0.1043984
0.100921
0
0.09264155
0.09669563
    
0
0.1765805
0.1802186
0.1642598
0.1499044
0
0.1381821
0.1059216
0.09713099
    
0.1573661
0.1640153
0.1532422
0
0.1387418
0.1341041
0.1319005
0.109875
0
    
0
0.1622028
0.1494258
0.1521666
0.1311715
0
0.118291
0.09600358
0.09878781
    
0
0.2087894
0.1875714
0.1588823
0.1436174
0
0.1176625
0.09826537
0.09948925
    
0.1936849
0.1641012
0
0.1529568
0.1292634
0.1110477
0.1048427
0
0.09022944
    
0.1861864
0
0.1590826
0.1484241
0.1561106
0
0.1269125
0.1218805
0.1129256
    
0.1935943
0.1880949
0.1680216
0.1473432
0
0.1337129
0.1276489
0.1152706
0.1016898
    
0.1766271
0.1694917
0.1569977
0
0.129076
0.1213372
0.1112022
0.0960847
0
    
0.1557868
0
0.1511437
0.1455232
0.1338199
0
0.1231181
0.1023095
0.09834705
    
0.1767574
0.1524949
0.1271639
0
0.1139078
0.1068392
0.100247
0.09262767
0
    
0.1702679
0.1460735
0
0.1412824
0.1307923
0.1246979
0.1064426
0
0.1005137
    
0.1906613
0
0.1822895
0.1473415
0.1461817
0
0.116632
0.1081395
0.1020705
    
0.2304993
0.1813138
0.1162844
0
0.1133116
0.09690218
0.0826598
0.07920113
0
    
0.1580214
0.1504316
0.1441668
0
0.1331856
0.1166539
0.1032972
0.0887122
0
    
0
0.1549271
0.1356539
0.1299134
0.1168293
0
0.112866
0.09332728
0.08962085
    
0.1754874
0.1359031
0.1215512
0.1096232
0
0.1112988
0.1057553
0.05736988
0.04459177
    
0.1628803
0.1423133
0
0.129737
0.1264952
0.1169626
0.0983764
0
0.09825656
    
0.1987097
0
0.1849482
0.1655232
0.1269282
0.1237109
0
0.1104449
0.1036138
    
0.1400723
0.1421591
0.1440271
0.1369944
0
0.1287436
0.1123323
0.1177036
0.1036461
    
0.1814695
0.1633526
0.1516899
0
0.1441126
0.1174021
0.1058237
0.08722699
0
    
0.1781334
0.1601095
0
0.1378177
0.1237071
0.1107097
0
0.1209987
0.09327205
    
0.1476465
0.1330756
0.1150575
0
0.1077295
0.09238192
0.08698217
0.08200964
0.07790876
    
0.1625452
0.1572631
0
0.1514106
0.1220756
0.1120059
0.09927814
0
0.09172372
    
0.1540395
0
0.1635072
0.1097142
0.1105432
0.1111677
0
0.09443063
0.09800551
    
0
0.1496563
0.1415615
0.1442496
0.1256999
0
0.1099356
0.1075592
0.09998298
    
0.1554374
0.139899
0.1326436
0
0.1301822
0.1134476
0.1099411
0.1036253
0
    
0.1766888
0
0.1626852
0.1538042
0.1412341
0.1217453
0
0.122784
0.1140667
    
0.175687
0.1648453
0.1493136
0.1338482
0
0.1330407
0.121353
0.1161105
0.0993237
    
0.153095
0.1520895
0.1536002
0
0.133201
0.126624
0.1162504
0.1039609
0
    
0.1596868
0
0.146461
0.1293588
0.1254994
0.121801
0
0.1174555
0.1115474
    
0
0.1615608
0.1634726
0.1533798
0.1230957
0
0.1224066
0.1179225
0.1000619
    
0.162669
0.1495553
0.1419975
0
0.1327794
0.1218264
0.109092
0.1048496
0.09568454
    
0.166782
0.1577126
0.1465061
0.1372055
0
0.1100939
0.1056366
0.08630624
0.08121124
    
0.1619231
0.1522986
0.136596
0
0.1254366
0.1117923
0.1111187
0.1038655
0
    
0.1685716
0.1544272
0
0.1614467
0.1623151
0.1190142
0.110152
0
0.1130307
    
0.1747161
0.1663984
0.159075
0.1447682
0
0.1329047
0.1257778
0.1108603
0.1044559
    
0.1833675
0.174846
0
0.15413
0.1358758
0.1220188
0.1135259
0
0.1133265
    
0.1770692
0.1891924
0.1595017
0.1576989
0
0.1397805
0.1144103
0.1108055
0.1037072
    
0.1838358
0.1589167
0
0.1575775
0.1502979
0.1472026
0
0.1274984
0.1142466
    
0.1890598
0.1955231
0.1591454
0.1645007
0
0.1600581
0.1317834
0.1189005
0.1169882
    
0.160613
0.1656657
0.1472634
0
0.1362113
0.1132711
0.110588
0.1085292
0
    
0.1867511
0.1877633
0.1670747
0.1552608
0
0.1298171
0.119519
0.1172237
0.1139933
    
0.1724003
0.1582586
0.1466107
0
0.1366785
0.1284695
0.1168532
0.1053413
0
    
0.1606289
0.1562657
0
0.134226
0.1254316
0.1085311
0.09598471
0
0.08804428
    
0.1608086
0.1515371
0.1442468
0.1333111
0
0.1186251
0.1168093
0.1116363
0.10442
    
0.1624909
0.1611243
0
0.1460269
0.1420255
0.1307196
0.1176811
0
0.1042998
    
0.1778807
0.1698832
0
0.1559375
0.1431039
0.1314515
0.1219926
0
0.1133905
    
0.169599
0.1669102
0.1502779
0.1276855
0
0.1125329
0.1056149
0.1076827
0.100794
    
0.1673948
0.1666175
0.1402952
0
0.138696
0.1140658
0.1122093
0.0967474
0
    
0.1501494
0.1336058
0
0.1169747
0.1034622
0.1102263
0.08988635
0
0.09875895
    
0
0.1201161
0.1231681
0.1128971
0.1101923
0
0.1015747
0.08724463
0.07826684
    
0.1414542
0.1263493
0.1133378
0
0.1126701
0.1108704
0.1040893
0.09446646
0
    
0.2232747
0.1819088
0
0.1585968
0.1545706
0.128205
0.1031082
0
0.09896255
    
0.1835986
0
0.1683042
0.1501947
0.129554
0.1123515
0
0.1000918
0.09207345
    
0.1691618
0.1727511
0.1358359
0.14619
0
0.1356576
0.1032577
0.09513458
0
    
0.1843937
0.1665619
0
0.1569054
0.1275616
0.1316339
0.125872
0
0.1078171
    
0
0.1720885
0.1881184
0.1462152
0.1352811
0
0.1200849
0.09716953
0.08583062
    
0.1621124
0.1483796
0.1297792
0
0.1127691
0.1002437
0.1021227
0.09491327
0
    
0.1530944
0.1440812
0
0.1352367
0.127221
0.1177408
0.1071908
0
0.1141898
    
0.173065
0
0.1791391
0.1524124
0.1484987
0.1240485
0
0.1196079
0.1122927
    
0.140974
0.1405567
0.126464
0
0.1194794
0.1013075
0.09376166
0.08180654
0
    
0.1761917
0.1642172
0
0.1533756
0.1208866
0.1153817
0.1022727
0
0.09019914
    
0.1587285
0
0.1498729
0.1425713
0.113808
0.1090937
0
0.1040576
0.09720314
    
0.1547316
0.1486245
0.1558712
0.144897
0
0.1158736
0.1147188
0.1090649
0.09967285
    
0.1472642
0.1455331
0
0.1460126
0.1380382
0.1233305
0.1087474
0
0.09853958
    
0.1923384
0.1744724
0.1645618
0.1509992
0
0.135671
0.1294114
0.127998
0.1015494
    
0.180015
0.1685207
0.1724541
0.1364394
0
0.1303999
0.113809
0.1036104
0.1019412
    
0.1631526
0.1455557
0
0.1445301
0.1319008
0.1205923
0.1235625
0
0.108519
    
0
0.1335652
0.1337529
0.1295273
0.1237152
0
0.1173391
0.1053993
0.09548282
    
0.1806235
0.1680299
0.150742
0
0.1338327
0.1196599
0.1096321
0.1025383
0
    
0.1696476
0.1662966
0
0.1255519
0.1272311
0.1172402
0.1098625
0
0.09598747
    
0.2668538
0.2166238
0.1883643
0.1508352
0
0.1303251
0.124454
0.1124376
0.09766546
    
0.1521046
0.1564768
0.150761
0.1369273
0
0.1203288
0.115867
0.0821883
0.07957043
    
0.1883155
0.163652
0.1535681
0
0.133071
0.1172668
0.1104027
0.1017569
0
    
0
0.135288
0.1273828
0.1204062
0.1050841
0
0.1006
0.1024828
0.08506014
    
0.139031
0.1237744
0.1142522
0
0.1070229
0.09937503
0.09997068
0.08701008
0
    
0.1501059
0.1395793
0.1292752
0
0.11986
0.1075533
0.09722619
0.08816087
0
    
0.1566458
0
0.1678742
0.163515
0.1302602
0.108684
0
0.1051127
0.101387
    
0.1503147
0.13895
0.1306818
0
0.1178917
0.09725432
0.0981878
0.08952054
0
    
0.1815859
0.1605753
0.1391386
0.1168505
0
0.1169852
0.09144199
0.08694509
0.08030542
    
0.1450467
0.1328881
0.1248591
0.1085645
0
0.1050674
0.09974523
0.09382517
0.09057748
    
0.140413
0.1112822
0.1159038
0
0.1140544
0.1217265
0.09695239
0.08900038
0
    
0.1310584
0.1135966
0
0.1074846
0.1125942
0.1188311
0.1080791
0
0.1086644
    
0.1748443
0
0.1582091
0.1383206
0.1178051
0.1004639
0
0.08340056
0.07774884
    
0.1394939
0.1395356
0.1266121
0
0.1252525
0.1172079
0.1073931
0.100129
0
    
0.1705905
0.1398769
0.1399547
0
0.112304
0.1100903
0.08137216
0.07346528
0
    
0.1482795
0
0.1386941
0.1269069
0.1066459
0.09947087
0
0.08681943
0.08060697
    
0.1500272
0.1462317
0.1364885
0
0.1281607
0.1152588
0.1064626
0.09416575
0
    
0.1472011
0.1463367
0
0.1425528
0.1208755
0.1198378
0.09813932
0
0.09534157
    
0.143214
0.1324012
0
0.1385535
0.1292543
0.1171638
0.09660707
0
0.0923657
    
0.1668966
0.1459911
0.1268341
0.1130325
0
0.1058552
0.1150049
0.1104306
0.08456273
    
0.1632396
0.1464509
0
0.1262789
0.1088694
0.1000512
0.09553201
0
0.0902971
    
/n
