(0.5, -1.9, -26.7),
(-0.2, -1.9, -27.4),
(0.5, -1.8, -23.5),
(0.5, -1.9, -24.3),
/n
(-2.2, -1.8, -17.1),
(-1.3, 0.5, -0.7),
(3.1, -1.8, 24.8),
(-0.7, -1.8, 31.6),
(-3.6, -1.9, 31.1),
(-4.0, -0.2, -0.7),
(-1.7, -1.8, -6.0),
(-6.8, -1.8, 28.4),
(-0.6, -1.8, 34.3),
(2.9, -1.8, -3.6),
(-5.7, -1.8, -5.4),
(0.2, -1.9, -28.4),
(-0.4, -1.9, -28.5),
(1.8, -1.8, -20.9),
(-1.0, -1.8, -8.8),
(0.0, -1.5, -0.8),
(-5.0, -1.8, -3.2),
(0.5, -1.1, -0.7),
/n
(-3.1, -1.8, -16.5),
(-3.4, -1.8, -11.9),
/n
(-1.0, -1.9, -28.2),
(-0.9, -1.8, -28.3),
/n
(-1.4, -1.8, -10.9),
(-3.1, -1.8, -0.8),
/n
(-1.7, -1.8, -19.8),
(-1.5, -1.8, -5.5),
(-6.7, -1.4, -0.7),
(-2.6, -1.9, -24.1),
(-3.7, -1.9, -5.8),
/n
/n
(-0.2, -1.8, -13.9),
(-1.5, -0.9, -0.7),
(-0.7, -1.9, 15.7),
/n
/n
/n
(7.4, -1.9, -4.5),
/n
(-11.7, -1.9, -12.0),
(-3.9, -1.9, -24.8),
(-6.2, -1.8, -20.8),
(-7.3, -1.9, -19.2),
/n
(-1.5, -1.8, -28.7),
(-2.1, -1.8, -24.0),
(-1.8, -1.8, -28.9),
(-2.0, -1.8, -27.1),
(-1.6, -1.8, -29.6),
(-12.7, -1.9, -10.0),
/n
