(289.4, 219.4, 318.8),
(300.2, 197.6, 338.5),
(313.0, 188.5, 344.5),
(313.0, 188.5, 344.5),
(326.0, 185.1, 345.5),
(335.7, 184.7, 344.8),
(342.1, 184.9, 344.3),
(346.9, 184.7, 344.3),
(349.8, 184.0, 344.6),
(351.8, 183.3, 345.0),
    
(289.4, 219.4, 318.8),
(287.1, 158.9, 23.7),
(304.9, 166.9, 17.0),
(304.9, 166.9, 17.0),
(320.8, 166.6, 17.4),
(336.1, 166.6, 15.8),
(350.1, 167.9, 12.7),
(359.5, 169.4, 10.6),
(5.2, 171.3, 10.5),
(8.7, 173.7, 11.3),
(11.2, 175.4, 12.3),
    
(287.1, 158.9, 23.7),
(317.8, 269.6, 265.7),
(320.8, 256.9, 276.9),
(324.2, 242.4, 288.2),
(329.5, 227.9, 296.2),
(335.3, 216.2, 300.9),
(335.3, 216.2, 300.9),
(341.0, 208.0, 303.9),
(346.6, 203.0, 306.4),
(351.5, 199.4, 308.4),
(354.5, 197.1, 309.7),
    
(317.8, 269.6, 265.7),
(286.0, 249.9, 288.9),
(297.8, 208.6, 331.2),
(313.8, 189.7, 349.2),
(330.1, 179.2, 356.6),
(344.8, 173.8, 359.4),
(356.8, 171.2, 0.1),
(5.6, 171.2, 359.8),
(12.4, 172.1, 359.3),
(17.8, 173.6, 359.1),
(17.8, 173.6, 359.1),
    
(286.0, 249.9, 288.9),
/n
(288.6, 180.1, 0.1),
(304.3, 171.1, 5.4),
(317.7, 169.3, 4.7),
(327.9, 169.9, 3.3),
(333.5, 172.0, 1.4),
(337.0, 174.0, 359.5),
(339.2, 175.5, 358.0),
(340.6, 176.8, 356.7),
(340.6, 176.8, 356.7),
(341.0, 177.9, 355.8),
    
(16.8, 162.2, 83.1),
(17.0, 169.1, 85.9),
(16.7, 176.4, 88.8),
(14.7, 183.0, 90.4),
(12.5, 187.9, 91.1),
(11.0, 191.2, 91.5),
(9.7, 193.5, 92.0),
(8.4, 194.9, 92.8),
(8.4, 194.9, 92.8),
(7.8, 196.0, 93.6),
    
(23.2, 178.8, 89.0),
(23.2, 187.4, 90.5),
(22.0, 195.8, 92.2),
(20.2, 203.9, 93.5),
(17.9, 209.6, 93.4),
(15.9, 213.4, 92.4),
(15.1, 215.7, 91.5),
(15.0, 217.2, 91.2),
(15.0, 217.2, 91.2),
(15.1, 218.1, 91.3),
    
(29.0, 186.3, 92.6),
(28.6, 194.7, 96.1),
(27.3, 203.4, 99.5),
(25.1, 211.3, 102.1),
(23.0, 216.0, 102.3),
(21.8, 218.4, 101.2),
(21.0, 219.4, 99.3),
(20.7, 219.9, 97.5),
(20.6, 221.0, 96.4),
(20.6, 221.0, 96.4),
    
(23.2, 185.2, 92.5),
(23.2, 185.2, 92.5),
(21.7, 193.3, 94.6),
(19.6, 200.3, 95.4),
(17.7, 206.0, 95.4),
((18.5, 167.0, 86.6),
(17.2, 177.3, 89.3),
(17.2, 177.3, 89.3),
(15.6, 182.8, 90.1),
(14.0, 188.1, 90.6),
(12.7, 193.1, 91.1),
(11.5, 197.5, 92.2),
(10.2, 201.4, 93.6),
(10.2, 201.4, 93.6),
(9.4, 204.0, 95.5),
    
(16.7, 182.0, 83.7),
(15.7, 191.7, 85.0),
(15.7, 191.7, 85.0),
(15.0, 199.9, 86.4),
(13.9, 206.2, 88.6),
(12.7, 210.6, 91.2),
(11.4, 213.2, 93.1),
(10.5, 215.0, 94.1),
(9.9, 216.7, 94.7),
(9.4, 218.4, 95.1),
    
(14.1, 176.6, 85.1),
(13.9, 181.8, 86.5),
(13.9, 181.8, 86.5),
(14.3, 188.5, 88.0),
(14.3, 195.4, 89.4),
(13.0, 201.7, 90.3),
(11.0, 206.3, 90.2),
(9.8, 209.6, 89.9),
(8.9, 211.9, 89.9),
(8.1, 213.8, 90.3),
    
(16.5, 184.8, 87.2),
(16.1, 192.1, 89.6),
(14.9, 197.8, 90.9),
(14.9, 197.8, 90.9),
(13.6, 202.6, 91.5),
(12.4, 207.7, 92.2),
(11.3, 212.5, 93.0),
(10.3, 216.6, 93.9),
(9.3, 219.6, 94.8),
(8.1, 221.9, 95.4),
    
(15.7, 179.0, 87.8),
(15.0, 186.3, 89.7),
(15.0, 186.3, 89.7),
(13.6, 192.6, 90.3),
(12.1, 198.0, 89.8),
(11.1, 202.1, 89.5),
(10.5, 205.0, 89.6),
(10.1, 207.6, 90.3),
(9.3, 210.6, 91.2),
(8.7, 213.3, 91.8),
    
(16.2, 187.9, 90.8),
(15.8, 195.0, 92.4),
(14.1, 201.6, 93.5),
(12.3, 207.5, 94.2),
(10.5, 211.9, 94.4),
(9.1, 215.4, 94.5),
(9.1, 215.4, 94.5),
(8.4, 218.0, 94.7),
(8.0, 220.1, 95.3),
(7.6, 221.6, 95.8),
    
(15.8, 175.0, 90.2),
(14.8, 182.1, 92.1),
(12.7, 189.2, 92.8),
(11.0, 195.0, 92.1),
(11.0, 195.0, 92.1),
(9.8, 199.4, 91.4),
(9.2, 203.0, 91.5),
(8.7, 205.9, 92.1),
(8.0, 208.4, 92.6),
(7.5, 210.7, 93.0),
    
(21.7, 189.3, 96.7),
(17.9, 195.5, 96.8),
(15.1, 200.3, 96.2),
(14.2, 204.3, 95.8),
(14.2, 204.3, 95.8),
(13.8, 207.7, 96.2),
(13.2, 210.4, 97.1),
(12.3, 212.5, 98.0),
(11.5, 214.0, 98.6),
(11.1, 215.3, 98.8),
    
(17.5, 168.9, 76.4),
(17.9, 177.0, 79.5),
(17.7, 184.6, 82.6),
(17.1, 191.5, 85.6),
(16.4, 196.9, 87.8),
(16.4, 196.9, 87.8),
(15.4, 201.3, 89.4),
(14.2, 204.6, 90.6),
(13.1, 207.3, 91.5),
(12.5, 209.5, 92.3),
    
(21.0, 174.2, 84.0),
(21.0, 179.5, 85.3),
(21.7, 185.4, 87.0),
(22.9, 192.0, 89.6),
(23.1, 198.8, 92.3),
(22.5, 204.9, 94.4),
(22.5, 204.9, 94.4),
(21.2, 209.8, 95.5),
(19.9, 213.0, 95.7),
(18.8, 214.9, 95.3),
    
(16.7, 170.1, 85.3),
(16.0, 177.8, 87.1),
(16.1, 185.8, 89.1),
(16.8, 193.2, 91.1),
(16.4, 200.5, 92.7),
(16.4, 200.5, 92.7),
(15.4, 206.8, 93.6),
(12.6, 215.8, 93.9),
(12.6, 215.8, 93.9),
(11.5, 219.2, 94.0),
    
(12.2, 179.2, 87.2),
(12.4, 186.3, 90.4),
(12.7, 193.9, 93.0),
(12.6, 201.6, 94.7),
(11.3, 208.7, 95.6),
(9.2, 214.5, 95.8),
(7.7, 218.6, 95.9),
(6.6, 222.1, 96.3),
(6.6, 222.1, 96.3),
(5.7, 225.0, 96.8),
    
(12.6, 188.5, 89.9),
(12.6, 188.5, 89.9),
(13.2, 195.8, 91.2),
(13.2, 202.2, 92.6),
(12.6, 208.0, 94.1),
(11.5, 213.3, 95.4),
(10.3, 218.0, 96.2),
(9.1, 221.2, 96.6),
(8.0, 223.6, 96.6),
(8.0, 223.6, 96.6),
    
(23.3, 176.5, 87.9),
(21.7, 185.2, 91.4),
(19.5, 193.8, 93.7),
(17.4, 200.6, 94.6),
(15.3, 206.0, 95.0),
(13.8, 210.2, 95.0),
(12.9, 213.4, 95.1),
(11.5, 216.2, 95.3),
(10.4, 218.1, 95.0),
(10.4, 218.1, 95.0),
    
(17.8, 161.0, 82.9),
(18.5, 166.0, 85.8),
(18.6, 171.7, 88.9),
(18.6, 178.5, 92.0),
(18.1, 185.4, 94.5),
(17.0, 191.4, 95.9),
(15.5, 196.9, 96.8),
(15.5, 196.9, 96.8),
(12.9, 207.0, 98.2),
(12.9, 207.0, 98.2),
    
(309.5, 186.6, 19.0),
(331.4, 191.5, 17.3),
(345.0, 194.3, 17.3),
(345.0, 194.3, 17.3),
(355.6, 195.3, 17.2),
(4.6, 196.4, 17.2),
(12.7, 198.0, 17.1),
(19.7, 199.9, 17.2),
(25.7, 201.9, 17.5),
(25.7, 201.9, 17.5),
    
(310.9, 167.9, 27.5),
(323.9, 175.5, 20.0),
(323.9, 175.5, 20.0),
(335.2, 178.8, 16.1),
(345.1, 180.4, 13.5),
(353.6, 181.7, 11.2),
(1.0, 183.4, 9.4),
(6.6, 185.2, 8.2),
(11.4, 186.3, 7.1),
(11.4, 186.3, 7.1),
    
(21.9, 193.9, 81.5),
(21.0, 203.7, 84.7),
(19.5, 210.8, 86.0),
(18.2, 215.8, 86.2),
(18.2, 215.8, 86.2),
(17.4, 219.0, 86.1),
(16.6, 221.1, 85.9),
(15.8, 222.4, 85.7),
(15.1, 223.5, 85.2),
(14.8, 224.4, 84.6),
    
(327.8, 13.9, 265.2),
(330.4, 21.6, 262.6),
(333.3, 28.4, 260.4),
(336.2, 34.5, 258.4),
(336.2, 34.5, 258.4),
(340.1, 43.3, 255.1),
(340.1, 43.3, 255.1),
(341.6, 45.9, 254.3),
(343.5, 47.9, 254.3),
(345.2, 49.6, 255.0),
    
(348.8, 359.3, 280.1),
(348.2, 11.4, 277.9),
(347.6, 24.2, 275.4),
(347.3, 35.1, 273.1),
(347.4, 43.5, 270.9),
(347.4, 43.5, 270.9),
(347.5, 49.2, 269.4),
(347.8, 53.1, 268.7),
(348.4, 55.4, 268.6),
(348.9, 57.1, 268.7),
    
(348.0, 356.4, 281.0),
(348.6, 3.9, 278.5),
(349.4, 11.7, 276.0),
(349.4, 11.7, 276.0),
(350.3, 19.2, 273.5),
(351.3, 26.7, 271.1),
(352.0, 32.8, 269.2),
(352.5, 37.5, 267.5),
(352.9, 40.9, 266.1),
(353.2, 43.6, 264.7),
    
(18.7, 179.9, 76.5),
(19.7, 185.2, 79.7),
(20.4, 190.5, 82.1),
(20.3, 195.6, 83.6),
(19.5, 200.0, 84.1),
(19.0, 203.7, 84.4),
(19.0, 203.7, 84.4),
(19.0, 207.1, 85.0),
(19.2, 210.2, 86.0),
(19.3, 212.7, 87.0),
    
(319.0, 341.5, 287.7),
(319.3, 351.0, 283.8),
(320.2, 0.6, 279.9),
(321.6, 10.1, 275.7),
(323.3, 18.1, 272.1),
(323.3, 18.1, 272.1),
(325.0, 24.7, 269.5),
(326.2, 29.7, 267.8),
(326.9, 33.6, 266.8),
(327.1, 36.0, 266.2),
    
(356.9, 1.4, 274.7),
(355.6, 10.8, 271.1),
(355.2, 19.8, 267.9),
(355.4, 28.1, 265.5),
(356.0, 34.6, 264.5),
(356.5, 39.8, 264.3),
(356.5, 39.8, 264.3),
(357.1, 43.9, 264.4),
(357.7, 47.4, 264.5),
(358.0, 50.0, 264.3),
    
(339.3, 350.8, 274.5),
(338.1, 3.3, 268.1),
(339.0, 16.0, 261.9),
(341.0, 27.3, 257.6),
(342.4, 34.5, 256.3),
(342.4, 34.5, 256.3),
(342.8, 39.0, 256.2),
(343.0, 41.7, 256.1),
(343.7, 43.9, 255.8),
(344.4, 46.2, 255.3),
    
(338.8, 0.3, 265.0),
(341.5, 18.6, 260.6),
(341.5, 18.6, 260.6),
(343.2, 27.4, 259.8),
(344.3, 35.3, 259.3),
(345.3, 41.9, 258.6),
(346.4, 46.5, 257.8),
(347.1, 49.9, 257.0),
(347.1, 49.9, 257.0),
(347.4, 52.2, 256.4),
    
(345.2, 13.5, 272.4),
(345.2, 13.5, 272.4),
(345.3, 22.8, 269.0),
(346.0, 31.7, 266.2),
(347.1, 38.5, 264.3),
(348.2, 43.3, 263.4),
(349.0, 46.7, 262.8),
(349.7, 49.4, 262.4),
(350.1, 51.3, 261.8),
(350.5, 52.6, 261.0),
    
/n
(46.2, 155.6, 113.2),
(43.8, 158.7, 116.6),
(41.4, 162.4, 119.8),
(41.4, 162.4, 119.8),
(38.8, 166.2, 122.6),
(36.4, 169.6, 125.0),
(33.9, 172.6, 127.0),
(31.7, 174.2, 127.9),
(30.0, 175.0, 128.1),
(29.2, 175.2, 128.0),
    
(21.0, 181.0, 85.1),
(18.8, 189.1, 89.7),
(15.6, 195.7, 92.4),
(12.5, 200.7, 93.7),
(9.8, 204.9, 94.2),
(8.0, 207.6, 94.6),
(8.0, 207.6, 94.6),
(6.5, 209.6, 95.1),
(5.3, 211.4, 95.4),
(4.5, 213.1, 95.6),
    
(15.2, 166.0, 81.9),
(14.2, 171.8, 84.2),
(13.2, 177.7, 86.0),
(12.7, 183.7, 87.6),
(12.8, 189.6, 89.7),
(12.3, 194.9, 91.8),
(10.8, 199.5, 93.0),
(10.8, 199.5, 93.0),
(9.5, 203.3, 93.7),
(8.6, 206.6, 94.0),
    
(22.7, 171.3, 83.6),
(21.9, 179.8, 87.3),
(20.6, 188.1, 90.2),
(18.8, 194.8, 91.6),
(17.4, 200.3, 92.4),
(16.4, 204.9, 93.3),
(16.4, 204.9, 93.3),
(15.6, 208.8, 94.4),
(15.1, 211.6, 95.1),
(14.3, 213.7, 95.5),
    
/n
(35.6, 108.1, 84.3),
(35.5, 108.1, 84.3),
(35.5, 108.2, 84.4),
(35.5, 108.2, 84.4),
(35.5, 108.3, 84.4),
(35.5, 108.3, 84.4),
(35.5, 108.3, 84.4),
(35.4, 108.3, 84.4),
(35.4, 108.3, 84.4),
(35.4, 108.3, 84.3),
    
(35.1, 106.9, 83.6),
(35.1, 106.9, 83.6),
(35.1, 106.9, 83.6),
(35.1, 106.9, 83.6),
(35.1, 106.9, 83.6),
(35.2, 106.9, 83.6),
(35.1, 106.9, 83.6),
(35.2, 106.9, 83.6),
(35.2, 106.9, 83.6),
(35.2, 106.9, 83.6),
    
/n
(27.4, 170.4, 97.8),
(25.5, 178.8, 99.4),
(22.4, 184.1, 99.0),
(19.6, 187.1, 97.3),
(17.3, 188.3, 95.0),
(15.3, 188.3, 92.3),
(15.3, 188.3, 92.3),
(13.8, 187.1, 90.2),
(13.5, 185.2, 88.9),
(13.7, 183.4, 88.3),
    
(16.4, 174.5, 83.5),
(15.2, 180.3, 84.7),
(12.8, 185.9, 85.6),
(10.5, 191.0, 86.3),
(8.6, 195.9, 87.3),
(7.5, 200.4, 88.8),
(7.0, 205.4, 90.7),
(6.1, 209.9, 92.4),
(4.9, 213.1, 93.6),
(3.7, 215.2, 94.1),
    
(23.0, 171.2, 82.8),
(21.7, 179.0, 86.1),
(20.1, 187.3, 89.1),
(20.1, 187.3, 89.1),
(18.8, 196.3, 92.1),
(16.8, 204.1, 94.1),
(14.4, 210.5, 95.2),
(13.2, 213.2, 95.2),
(11.5, 217.8, 95.4),
(10.4, 221.2, 95.7),
    
(24.5, 173.3, 85.8),
(23.7, 181.1, 89.0),
(21.2, 188.7, 91.6),
(18.7, 195.1, 93.0),
(16.7, 201.4, 94.2),
(15.3, 207.5, 95.1),
(13.6, 213.2, 95.3),
(11.8, 218.2, 95.3),
(10.9, 222.1, 95.5),
(10.9, 222.1, 95.5),
    
(13.1, 181.2, 77.6),
(12.5, 200.5, 87.9),
(9.9, 210.4, 92.7),
(9.9, 210.4, 92.7),
(6.9, 215.8, 95.0),
(4.7, 218.7, 95.8),
(3.6, 220.6, 96.0),
(2.8, 221.9, 96.0),
(2.3, 222.7, 96.0),
(2.0, 223.4, 95.7),
    
/n
(12.0, 169.0, 98.4),
(12.0, 169.0, 98.4),
(12.4, 167.8, 97.8),
(12.4, 167.8, 97.8),
(12.4, 167.8, 97.8),
(13.0, 167.3, 98.3),
(13.0, 167.3, 98.3),
(13.7, 168.2, 98.8),
(13.7, 168.2, 98.8),
(11.5, 169.3, 98.7),
    
(20.4, 175.1, 85.3),
(18.8, 180.2, 86.5),
(18.8, 180.2, 86.5),
(17.1, 184.7, 87.3),
(14.9, 189.2, 87.9),
(12.9, 192.4, 88.0),
(11.0, 194.6, 88.0),
(9.6, 196.2, 88.1),
(8.7, 197.2, 88.4),
(7.9, 198.1, 89.2),
    
(15.7, 161.7, 80.9),
(14.2, 168.3, 81.5),
(12.7, 175.6, 82.2),
(11.8, 182.7, 82.8),
(11.8, 182.7, 82.8),
(11.3, 189.3, 83.8),
(11.0, 195.0, 85.0),
(10.6, 200.1, 86.3),
(10.0, 203.9, 87.3),
(9.3, 206.6, 88.0),
    
(25.2, 169.8, 85.6),
(25.0, 181.4, 90.3),
(25.0, 181.4, 90.3),
(23.1, 191.2, 93.9),
(20.2, 198.1, 95.8),
(17.7, 202.7, 96.4),
(15.6, 206.0, 96.3),
(14.0, 208.6, 95.8),
(13.0, 210.8, 95.2),
(12.2, 212.8, 94.7),
    
(337.0, 152.2, 67.7),
(343.7, 169.6, 60.8),
(343.7, 169.6, 60.8),
(354.5, 183.7, 61.0),
(4.8, 196.1, 65.3),
(12.3, 205.0, 70.8),
(14.7, 210.5, 75.9),
(14.6, 210.7, 77.5),
(13.9, 209.3, 77.8),
(13.0, 207.8, 77.6),
    
(353.4, 168.3, 57.0),
(6.7, 181.0, 60.1),
(15.4, 197.0, 65.8),
(15.4, 197.0, 65.8),
(19.3, 211.4, 71.8),
(20.3, 222.0, 76.5),
(20.2, 228.6, 78.7),
(19.7, 231.7, 79.4),
(19.1, 231.4, 79.4),
(18.5, 230.1, 79.3),
    
/n
/n
(7.5, 179.0, 78.5),
(8.8, 183.8, 81.5),
(8.8, 183.8, 81.5),
(9.4, 188.7, 84.7),
(8.8, 193.4, 87.1),
(7.7, 198.0, 89.1),
(6.7, 202.2, 90.8),
(5.9, 206.4, 92.5),
(5.3, 210.2, 94.3),
(4.6, 213.6, 95.8),
    
(9.9, 174.9, 78.5),
(10.8, 183.7, 81.3),
(10.8, 183.7, 81.3),
(12.9, 193.0, 84.2),
(13.7, 202.1, 86.5),
(13.0, 209.3, 87.7),
(12.2, 213.7, 87.5),
(11.7, 216.2, 87.0),
(11.6, 217.3, 86.5),
(11.5, 218.5, 86.4),
    
(9.6, 176.1, 79.2),
(11.1, 183.9, 80.9),
(11.1, 183.9, 80.9),
(12.3, 192.7, 83.2),
(13.4, 201.3, 85.9),
(14.0, 208.8, 88.8),
(13.3, 213.3, 90.4),
(12.6, 215.6, 90.8),
(12.3, 216.5, 90.4),
(12.1, 217.4, 90.0),
    
(17.6, 178.8, 82.8),
(16.7, 185.6, 84.7),
(15.5, 192.9, 85.6),
(15.5, 192.9, 85.6),
(14.9, 200.2, 86.3),
(14.4, 207.0, 87.3),
(13.5, 213.1, 88.8),
(12.7, 217.0, 90.9),
(12.0, 219.6, 92.8),
(11.7, 221.6, 94.4),
    
(19.1, 180.7, 81.2),
(19.3, 189.6, 83.5),
(19.8, 198.2, 86.1),
(20.0, 205.1, 88.7),
(20.0, 205.1, 88.7),
(19.0, 210.3, 90.7),
(17.9, 214.1, 91.5),
(17.0, 217.0, 91.4),
(16.4, 219.2, 91.0),
(16.1, 221.2, 90.7),
    
(17.7, 181.8, 85.0),
(17.6, 190.0, 88.2),
(16.3, 197.8, 90.7),
(16.3, 197.8, 90.7),
(14.7, 204.6, 91.9),
(12.8, 209.7, 92.4),
(10.6, 213.5, 92.2),
(8.9, 216.1, 92.2),
(8.0, 217.6, 92.2),
(7.4, 218.4, 92.2),
    
/n
(72.2, 232.5, 231.8),
(69.4, 215.3, 213.9),
(65.1, 204.3, 202.4),
(60.7, 197.3, 195.3),
(57.3, 193.0, 191.4),
(57.3, 193.0, 191.4),
(55.0, 190.0, 189.2),
(54.0, 188.3, 188.0),
(53.4, 187.6, 187.1),
(52.9, 187.3, 186.2),
    
(290.1, 214.0, 305.4),
(304.1, 185.6, 327.8),
(317.7, 169.7, 338.2),
(330.8, 162.6, 341.9),
(339.9, 160.8, 343.5),
(339.9, 160.8, 343.5),
(346.0, 161.0, 344.0),
(349.2, 161.1, 344.2),
(351.4, 161.3, 344.2),
(352.7, 161.8, 344.1),
    
(311.6, 183.4, 340.1),
(321.8, 179.2, 342.0),
(331.2, 176.5, 343.1),
(339.3, 174.0, 343.7),
(346.1, 171.8, 344.1),
(351.3, 170.4, 344.5),
(355.4, 169.4, 345.3),
(358.9, 168.3, 346.2),
(358.9, 168.3, 346.2),
(2.2, 166.5, 347.2),
    
(300.6, 186.6, 335.0),
(317.3, 179.2, 337.0),
(330.1, 174.9, 337.1),
(339.9, 170.9, 336.8),
(347.3, 168.0, 336.8),
(353.2, 166.0, 337.1),
(357.6, 165.0, 337.9),
(1.2, 164.1, 338.8),
(4.0, 163.2, 339.8),
(4.0, 163.2, 339.8),
    
(317.8, 188.2, 334.6),
(329.4, 181.9, 337.1),
(340.1, 177.7, 338.8),
(347.3, 176.5, 340.3),
(352.2, 176.0, 341.5),
(355.5, 175.6, 342.5),
(358.5, 175.4, 343.4),
(0.3, 174.9, 344.4),
(1.4, 174.2, 345.2),
(1.4, 174.2, 345.2),
    
(319.9, 189.7, 333.9),
(332.3, 183.7, 337.2),
(344.4, 177.1, 340.1),
(352.8, 171.6, 343.0),
(359.2, 167.8, 345.3),
(3.9, 166.0, 347.3),
(7.3, 165.3, 349.0),
(9.4, 164.9, 349.9),
(10.9, 164.4, 350.6),
(11.7, 163.6, 351.2),
    
(330.2, 178.8, 336.1),
(335.6, 176.6, 337.0),
(335.6, 176.6, 337.0),
(339.9, 174.9, 337.7),
(344.0, 174.0, 338.2),
(347.8, 173.5, 338.7),
(350.9, 172.5, 339.4),
(353.3, 171.0, 340.4),
(355.6, 169.0, 341.6),
(357.5, 167.3, 342.9),
    
(298.7, 174.5, 344.5),
(309.3, 173.2, 343.4),
(309.3, 173.2, 343.4),
(319.0, 171.0, 343.0),
(327.3, 169.3, 342.7),
(334.5, 167.9, 342.8),
(340.5, 166.6, 343.1),
(345.2, 164.8, 343.6),
(349.0, 163.1, 344.6),
(352.6, 161.3, 345.5),
    
(299.8, 186.4, 338.6),
(312.9, 181.6, 340.9),
(324.4, 175.5, 342.6),
(324.4, 175.5, 342.6),
(334.3, 170.5, 344.0),
(341.8, 168.4, 345.3),
(348.0, 167.6, 346.5),
(352.5, 166.9, 347.8),
(355.9, 166.2, 349.0),
(358.5, 165.5, 349.9),
    
(309.7, 181.5, 338.6),
(320.5, 175.1, 341.2),
(329.9, 171.0, 342.4),
(337.8, 169.9, 342.7),
(344.0, 169.7, 342.9),
(349.0, 169.5, 343.2),
(349.0, 169.5, 343.2),
(352.9, 168.8, 343.7),
(355.5, 167.6, 344.5),
(357.6, 166.1, 345.3),
    
(311.5, 186.0, 336.9),
(321.8, 179.4, 340.5),
(330.3, 174.9, 342.7),
(337.3, 172.5, 344.3),
(343.7, 171.4, 345.7),
(343.7, 171.4, 345.7),
(349.0, 170.5, 347.1),
(353.0, 169.3, 348.5),
(355.8, 168.0, 349.9),
(358.0, 167.1, 351.2),
    
(310.8, 181.0, 338.7),
(319.5, 176.6, 341.1),
(327.3, 172.2, 342.8),
(333.3, 168.9, 344.2),
(338.0, 166.7, 345.3),
(338.0, 166.7, 345.3),
(342.0, 165.1, 346.4),
(345.2, 163.8, 347.6),
(347.7, 162.6, 348.9),
(350.1, 161.7, 350.1),
    
(304.3, 182.1, 338.1),
(315.9, 177.4, 339.5),
(325.9, 173.0, 340.2),
(334.2, 170.5, 340.7),
(340.2, 168.8, 341.7),
(344.2, 167.3, 343.4),
(344.2, 167.3, 343.4),
(347.2, 166.0, 345.0),
(349.7, 165.2, 346.5),
(351.8, 164.9, 347.2),
    
(309.4, 186.3, 335.8),
(321.6, 178.6, 339.7),
(331.8, 173.1, 342.5),
(340.4, 169.5, 344.7),
(346.8, 167.8, 346.4),
(351.5, 166.7, 347.7),
(355.1, 165.7, 348.7),
(357.7, 165.4, 349.5),
(359.5, 165.6, 350.0),
(359.5, 165.6, 350.0),
    
(304.5, 186.2, 335.7),
(315.3, 181.2, 338.3),
(325.4, 175.2, 340.5),
(333.4, 171.7, 342.4),
(339.6, 170.3, 343.8),
(344.3, 169.5, 344.7),
(347.9, 168.9, 345.6),
(347.9, 168.9, 345.6),
(350.7, 168.3, 346.4),
(352.7, 167.6, 347.1),
    
(319.9, 191.8, 332.6),
(328.7, 183.2, 337.9),
(336.6, 176.9, 341.9),
(343.6, 173.3, 344.6),
(349.0, 172.2, 346.1),
(353.3, 171.7, 347.0),
(356.5, 170.9, 347.4),
(359.0, 170.1, 347.6),
(0.6, 169.6, 347.9),
(0.6, 169.6, 347.9),
    
(302.1, 190.4, 337.0),
(314.0, 184.7, 341.0),
(324.3, 179.0, 343.9),
(333.1, 174.3, 346.1),
(339.6, 172.0, 347.5),
(344.7, 171.1, 348.3),
(348.8, 171.2, 348.4),
(352.1, 171.7, 348.4),
(354/n
/n
(355.0, 143.4, 176.4),
(351.9, 145.0, 181.9),
(351.9, 145.0, 181.9),
(351.9, 145.0, 181.9),
(349.9, 144.6, 184.5),
(349.9, 144.6, 184.5),
(349.9, 144.6, 184.5),
(349.9, 144.6, 184.5),
(346.6, 147.4, 187.0),
(346.6, 147.4, 187.0),
    
/n
(345.2, 34.4, 85.1),
(347.7, 22.6, 92.8),
(352.1, 13.2, 96.3),
(352.1, 13.2, 96.3),
(355.9, 5.1, 97.1),
(357.3, 358.1, 96.1),
(358.3, 351.8, 95.6),
(0.4, 346.2, 95.5),
(3.1, 341.4, 95.1),
(5.8, 337.7, 94.6),
    
(347.6, 13.2, 93.1),
(350.2, 5.2, 96.0),
(350.9, 356.7, 99.2),
(353.1, 347.7, 100.9),
(356.4, 340.5, 101.5),
(359.8, 333.6, 100.9),
(359.8, 333.6, 100.9),
(0.9, 327.0, 98.4),
(0.7, 320.9, 96.4),
(359.9, 315.7, 95.1),
    
(349.4, 17.2, 84.4),
(341.6, 1.2, 88.6),
(339.0, 342.1, 94.0),
(346.3, 328.9, 94.4),
(354.6, 320.0, 91.9),
(358.6, 315.0, 89.1),
(359.3, 311.4, 87.5),
(359.3, 311.4, 87.5),
(358.5, 308.4, 87.1),
(357.9, 305.9, 87.0),
    
(354.9, 212.2, 281.1),
(356.1, 202.4, 283.3),
(358.5, 194.1, 284.4),
(0.4, 186.7, 283.8),
(1.3, 180.9, 282.5),
(1.3, 180.9, 282.5),
(0.9, 176.0, 281.1),
(359.9, 172.1, 279.7),
(358.9, 169.1, 278.8),
(358.2, 166.4, 278.4),
    
(2.0, 212.0, 291.0),
(356.2, 199.1, 285.5),
(352.1, 185.5, 280.9),
(349.4, 169.7, 276.9),
(3(351.2, 31.7, 58.4),
(342.7, 15.9, 62.8),
(336.3, 359.3, 69.4),
(331.7, 342.3, 77.6),
(332.0, 328.5, 84.5),
(334.2, 319.7, 88.2),
(334.2, 319.7, 88.2),
(334.8, 316.0, 88.9),
(335.1, 313.5, 88.3),
(335.6, 312.5, 87.1),
    
(343.2, 19.1, 76.7),
(340.9, 6.5, 78.0),
(340.1, 353.3, 79.4),
(340.0, 342.5, 81.4),
(340.3, 334.0, 84.0),
(340.8, 327.7, 86.7),
(340.8, 327.7, 86.7),
(341.2, 323.3, 88.9),
(341.4, 320.7, 89.6),
(341.5, 318.6, 89.8),
    
(1.9, 24.8, 66.1),
(357.3, 18.2, 69.2),
(355.8, 10.8, 71.4),
(356.1, 4.4, 71.9),
(355.9, 0.9, 71.6),
(355.9, 0.9, 71.6),
(355.0, 358.3, 71.9),
(353.7, 356.5, 72.2),
(353.5, 355.3, 72.2),
(353.8, 354.3, 71.9),
    
(4.8, 37.2, 62.6),
(0.8, 26.6, 65.6),
(357.8, 18.2, 68.3),
(356.1, 11.8, 70.4),
(355.7, 7.2, 71.5),
(356.1, 3.5, 71.7),
(356.1, 3.5, 71.7),
(357.2, 0.5, 71.7),
(358.0, 358.7, 71.9),
(358.3, 357.5, 72.6),
    
/n
(359.1, 51.7, 75.0),
(359.1, 51.9, 75.0),
(359.2, 52.0, 75.0),
(359.1, 52.1, 75.0),
(358.8, 52.1, 74.8),
(358.7, 52.0, 74.8),
(358.7, 52.0, 74.8),
(358.7, 52.0, 74.8),
(358.7, 52.0, 74.8),
(358.6, 52.2, 74.7),
    
(5.3, 67.4, 66.9),
(4.8, 61.5, 64.5),
(2.2, 54.4, 63.1),
(358.5, 47.0, 63.8),
(358.5, 47.0, 63.8),
(355.4, 41.3, 66.6),
(353.7, 37.8, 68.8),
(352.5, 36.6, 69.7),
(351.2, 36.1, 70.1),
(351.0, 36.0, 70.4),
    
(327.8, 35.6, 72.6),
(327.8, 35.6, 72.6),
(328.0, 35.4, 72.6),
(328.3, 35.2, 72.7),
(328.6, 35.0, 72.8),
(328.9, 34.8, 73.0),
(329.1, 34.6, 73.1),
(329.1, 34.5, 73.2),
(329.1, 34.5, 73.3),
(329.1, 34.5, 73.3),
    
(301.5, 51.0, 60.7),
(301.5, 51.0, 60.7),
(301.5, 51.0, 60.7),
(301.5, 51.0, 60.7),
(301.5, 50.9, 60.8),
(301.6, 50.9, 60.8),
(301.7, 50.9, 60.8),
(301.7, 50.9, 60.7),
(301.7, 50.9, 60.7),
(301.6, 50.9, 60.7),
    
(27.1, 17.6, 46.0),
(26.9, 17.0, 45.4),
(26.6, 16.6, 45.1),
(26.0, 16.4, 44.9),
(25.4, 16.5, 44.7),
(25.0, 16.3, 44.7),
(25.2, 15.9, 44.8),
(25.7, 15.4, 44.7),
(25.5, 15.4, 44.9),
(25.5, 15.4, 44.9),
    
(59.2, 45.9, 64.3),
(44.3, 18.9, 33.6),
(25.0, 18.1, 23.2),
(17.1, 18.8, 21.6),
(15.1, 18.5, 21.6),
(15.7, 18.8, 22.0),
(16.8, 19.9, 22.6),
(17.6, 21.0, 22.8),
(17.6, 21.0, 22.8),
(17.9, 21.4, 22.6),
    
/n
(8.3, 38.1, 62.1),
(5.3, 29.1, 58.9),
(0.9, 20.3, 58.9),
(356.2, 12.0, 62.2),
(352.1, 4.6, 67.5),
(350.3, 0.0, 72.6),
(350.3, 0.0, 72.6),
(349.1, 358.2, 76.1),
(348.5, 357.9, 78.3),
(349.0, 358.3, 78.6),
    
(11.6, 67.9, 64.6),
(3.0, 57.0, 60.3),
(353.1, 43.9, 59.7),
(347.7, 30.2, 63.4),
(347.7, 30.2, 63.4),
(346.5, 20.7, 67.8),
(347.6, 15.7, 70.4),
(348.9, 14.1, 71.2),
(350.0, 13.7, 71.4),
(350.5, 13.8, 71.6),
    
(13.8, 40.5, 57.8),
(4.8, 29.5, 59.0),
(359.1, 17.3, 62.3),
(355.9, 5.8, 66.1),
(354.1, 356.8, 70.1),
(353.4, 350.4, 74.4),
(353.5, 348.0, 77.0),
(353.8, 346.6, 78.6),
(353.8, 346.6, 78.6),
(354.0, 345.8, 79.5),
    
(359.5, 35.8, 65.0),
(357.6, 25.8, 67.5),
(355.2, 14.8, 70.5),
(352.7, 5.2, 74.1),
(350.6, 357.3, 77.9),
(349.5, 351.3, 81.5),
(349.5, 346.8, 84.4),
(350.1, 344.7, 85.6),
(351.0, 343.7, 85.8),
(351.0, 343.7, 85.8),
    
(19.0, 72.0, 61.3),
(17.8, 62.6, 61.6),
(14.3, 53.1, 59.8),
(8.0, 43.5, 56.5),
(0.9, 31.3, 56.6),
(356.8, 22.4, 60.7),
(356.8, 22.4, 60.7),
(355.6, 17.6, 64.0),
(356.0, 15.3, 65.4),
(356.7, 14.2, 65.6),
    
(27.7, 177.7, 117.9),
(21.4, 181.1, 117.3),
(15.4, 184.7, 116.5),
(10.0, 188.1, 115.0),
(4.6, 190.2, 112.8),
(0.3, 190.7, 111.0),
(0.3, 190.7, 111.0),
(357.1, 191.9, 109.0),
(357.0, 193.2, 107.8),
(359.4, 194.4, 108.1),
    
(16.9, 184.6, 115.8),
(16.9, 184.6, 115.8),
(8.9, 189.4, 115.4),
(2.8, 192.3, 113.8),
(358.1, 194.6, 112.0),
(355.3, 196.7, 111.4),
(355.3, 196.7, 111.4),
(353.1, 198.7, 111.6),
(351.3, 200.7, 112.1),
(349.7, 202.7, 112.7),
    
(19.4, 164.4, 101.2),
(14.4, 174.3, 105.5),
(8.6, 183.3, 108.6),
(2.4, 191.4, 111.5),
(356.6, 196.6, 113.0),
(356.6, 196.6, 113.0),
(352.4, 199.7, 113.2),
(349.4, 201.6, 113.3),
(347.5, 202.9, 113.8),
(346.1, 204.4, 113.9),
    
(22.6, 175.8, 113.3),
(7.8, 185.9, 116.4),
(355.9, 191.1, 116.2),
(349.7, 193.7, 115.0),
(347.5, 195.4, 114.3),
(347.2, 196.5, 114.1),
(347.6, 196.2, 114.3),
(347.6, 196.2, 114.3),
(347.4, 195.3, 114.8),(3.4, 49.7, 67.4),
(359.4, 40.2, 67.8),
(358.5, 30.5, 69.9),
(359.3, 23.8, 72.2),
(0.2, 21.1, 73.1),
(0.6, 20.3, 73.5),
(0.6, 20.3, 73.5),
(1.1, 20.5, 73.8),
(1.8, 20.9, 73.6),
(2.8, 21.4, 73.1),
    
(345.3, 353.5, 73.8),
(344.3, 349.2, 74.1),
(344.3, 349.2, 74.1),
(343.8, 345.5, 74.9),
(343.8, 343.1, 75.9),
(344.1, 341.5, 76.5),
(344.6, 340.2, 77.2),
(345.4, 339.1, 78.1),
(346.3, 338.4, 79.2),
(346.8, 338.4, 80.0),
    
(350.2, 346.6, 91.9),
(349.8, 340.1, 92.1),
(349.8, 340.1, 92.1),
(349.6, 335.3, 92.9),
(349.8, 332.7, 93.7),
(350.1, 331.0, 94.4),
(350.3, 330.3, 94.8),
(350.4, 330.2, 95.1),
(350.5, 330.2, 95.3),
(350.5, 330.1, 95.4),
    
(351.3, 18.0, 83.0),
(349.6, 8.6, 85.5),
(348.2, 360.0, 88.0),
(348.2, 360.0, 88.0),
(348.4, 354.0, 90.1),
(349.0, 350.5, 91.4),
(349.8, 348.1, 92.1),
(350.3, 345.9, 92.5),
(350.4, 343.6, 92.5),
(350.5, 341.2, 92.7),
    
(348.6, 3.1, 83.7),
(347.3, 356.0, 85.9),
(346.7, 349.2, 87.7),
(346.7, 349.2, 87.7),
(346.7, 343.9, 88.9),
(347.0, 339.8, 89.8),
(346.9, 336.4, 89.9),
(346.6, 332.3, 90.1),
(347.2, 328.3, 90.4),
(348.1, 325.3, 90.6),
    
(350.9, 2.3, 83.4),
(349.1, 355.1, 86.7),
(349.0, 347.6, 89.5),
(350.3, 340.2, 91.5),
(351.4, 334.7, 92.0),
(351.4, 334.7, 92.0),
(352.0, 330.4, 92.4),
(352.1, 327.3, 92.9),
(352.5, 324.5, 93.5),
(352.9, 322.1, 94.1),
    
(345.9, 8.4, 84.4),
(347.2, 358.4, 87.4),
(349.7, 349.9, 89.7),
(352.7, 343.6, 91.2),
(352.7, 343.6, 91.2),
(354.3, 338.6, 93.1),
(355.8, 334.4, 95.8),
(357.5, 331.8, 98.0),
(358.8, 329.6, 98.8),
(359.7, 327.8, 98.5),
    
(349.5, 13.1, 92.6),
(349.8, 6.0, 93.1),
(350.4, 357.6, 94.5),
(350.4, 357.6, 94.5),
(350.0, 350.7, 96.1),
(349.6, 344.8, 97.1),
(350.3, 339.7, 97.9),
(350.9, 336.5, 98.6),
(351.0, 335.1, 99.6),
(350.9, 334.0, 100.7),
    
(355.6, 359.7, 89.2),
(356.7, 351.9, 92.5),
(358.3, 345.5, 95.2),
(358.9, 340.5, 97.0),
(359.5, 336.4, 98.6),
(0.2, 333.2, 99.7),
(0.2, 333.2, 99.7),
(0.6, 330.4, 100.3),
(1.0, 328.0, 100(347.4, 5.5, 77.5),
(346.3, 358.8, 82.1),
(346.6, 353.2, 85.6),
(346.8, 348.9, 88.5),
(347.0, 345.5, 90.9),
(347.9, 342.6, 92.6),
(349.0, 340.8, 93.4),
(349.9, 339.3, 93.8),
(350.5, 337.7, 94.3),
(350.5, 337.7, 94.3),
    
(350.6, 3.1, 84.9),
(350.0, 356.7, 87.3),
(349.6, 352.0, 89.8),
(349.2, 347.8, 92.4),
(348.5, 343.4, 94.7),
(348.4, 339.3, 96.3),
(349.0, 335.8, 97.4),
(349.7, 333.1, 98.0),
(350.2, 331.2, 98.5),
(350.3, 329.9, 99.0),
    
(346.1, 17.7, 80.7),
(345.7, 8.9, 82.8),
(347.2, 0.7, 85.3),
(348.7, 353.7, 87.7),
(349.1, 347.3, 89.8),
(348.7, 341.0, 91.5),
(349.7, 335.8, 92.8),
(351.2, 331.5, 93.4),
(352.1, 328.2, 93.8),
(352.1, 328.2, 93.8),
    
(338.8, 11.2, 83.0),
(337.9, 359.6, 85.9),
(337.9, 359.6, 85.9),
(337.6, 347.2, 89.7),
(338.9, 336.4, 93.2),
(340.4, 327.7, 95.3),
(342.1, 321.3, 96.3),
(343.3, 316.8, 96.3),
(343.8, 313.6, 95.5),
(344.4, 310.7, 95.0),
    
(349.1, 15.0, 90.2),
(349.6, 5.2, 93.6),
(349.6, 5.2, 93.6),
(350.7, 354.9, 98.3),
(351.7, 345.6, 102.4),
(353.1, 338.4, 105.5),
(354.7, 333.3, 106.9),
(356.6, 329.5, 106.7),
(357.9, 327.4, 105.8),
(358.3, 325.9, 105.2),
    
(350.7, 355.1, 89.7),
(351.1, 347.1, 93.7),
(351.1, 347.1, 93.7),
(351.8, 341.3, 96.5),
(352.5, 336.3, 98.4),
(353.2, 331.3, 100.0),
(354.0, 326.8, 101.2),
(355.0, 322.8, 101.9),
(355.9, 319.7, 102.1),
(356.8, 317.3, 102.3),
    
(349.9, 8.5, 82.9),
(349.8, 357.8, 86.6),
(349.8, 357.8, 86.6),
(350.9, 346.6, 90.8),
(352.1, 337.7, 94.8),
(353.8, 332.1, 98.4),
(355.1, 329.3, 100.9),
(355.9, 326.9, 102.9),
(356.6, 324.6, 104.3),
(357.2, 322.7, 104.7),
    
(328.0, 26.8, 85.3),
(329.4, 21.1, 89.5),
(330.0, 16.0, 92.6),
(329.8, 9.5, 94.4),
(329.8, 2.8, 95.7),
(330.3, 356.3, 96.4),
(330.8, 351.9, 96.4),
(330.8, 351.9, 96.4),
(331.2, 348.7, 96.5),
(331.5, 346.4, 96.8),
    
(1.4, 11.3, 97.8),
(3.9, 4.3, 98.3),
(4.5, 357.3, 96.9),
(4.6, 351.0, 95.8),
(4.2, 345.5, 94.9),
(3.8, 340.4, 94.7),
(4.2, 334.8, 94.1),
(4.8, 328.9, 92.6),
(5.4(355.0, 25.8, 74.4),
(358.8, 20.2, 75.3),
(1.2, 14.8, 75.1),
(2.3, 10.0, 75.3),
(2.3, 10.0, 75.3),
(1.5, 6.2, 75.5),
(359.5, 2.4, 75.6),
(356.8, 357.6, 76.5),
(354.3, 354.1, 77.5),
(353.5, 352.6, 77.6),
    
(0.2, 18.1, 83.7),
(358.5, 5.8, 87.0),
(358.4, 355.3, 90.1),
(358.5, 345.7, 92.6),
(358.7, 337.1, 94.3),
(0.5, 329.0, 95.0),
(2.9, 323.7, 95.1),
(2.9, 323.7, 95.1),
(4.7, 320.3, 95.4),
(5.3, 317.8, 95.3),
    
(338.0, 25.3, 90.2),
(341.2, 13.5, 94.0),
(343.6, 2.9, 95.7),
(344.9, 353.5, 96.9),
(347.7, 345.8, 97.8),
(347.7, 345.8, 97.8),
(350.9, 340.7, 97.7),
(353.9, 336.3, 97.3),
(355.6, 332.5, 96.7),
(356.4, 328.8, 96.2),
    
(7.1, 2.0, 94.3),
(5.9, 348.2, 97.7),
(6.2, 336.8, 99.1),
(7.2, 327.6, 99.7),
(7.8, 319.4, 99.4),
(8.3, 311.8, 99.0),
(10.1, 305.4, 99.3),
(10.1, 305.4, 99.3),
(12.2, 299.4, 99.1),
(13.4, 294.0, 98.5),
    
(350.5, 353.3, 92.8),
(352.1, 341.5, 94.6),
(354.4, 330.9, 96.1),
(357.3, 320.8, 95.9),
(359.5, 311.6, 94.6),
(1.1, 303.8, 93.0),
(1.1, 303.8, 93.0),
(2.7, 298.2, 92.0),
(4.0, 293.9, 91.6),
(4.6, 290.1, 91.3),
    
(352.5, 26.4, 85.1),
(351.8, 15.5, 88.8),
(352.4, 3.3, 91.7),
(352.5, 352.0, 93.4),
(352.6, 341.3, 95.7),
(353.9, 331.8, 95.1),
(353.9, 331.8, 95.1),
(355.6, 323.1, 94.7),
(357.6, 316.4, 93.8),
(358.9, 310.2, 92.6),
    
(358.8, 2.2, 95.9),
(359.8, 349.9, 98.6),
(0.6, 339.3, 99.9),
(2.4, 329.8, 100.5),
(4.5, 321.5, 100.5),
(6.1, 313.0, 99.6),
(6.5, 305.6, 98.6),
(6.5, 299.1, 97.5),
(7.0, 293.5, 96.6),
(7.0, 293.5, 96.6),
    
(348.9, 354.8, 100.0),
(348.9, 354.8, 100.0),
(349.4, 344.0, 102.5),
(351.9, 335.1, 103.6),
(356.1, 327.5, 102.7),
(0.2, 321.6, 100.8),
(2.5, 316.3, 98.9),
(3.1, 312.0, 97.7),
(3.9, 308.1, 96.6),
(4.2, 304.9, 95.5),
    
(346.7, 11.7, 93.4),
(351.6, 358.4, 96.2),
(355.1, 348.3, 96.8),
(356.5, 339.2, 96.6),
(357.6, 330.9, 95.7),
(358.7, 324.5, 95.0),
(0.2, 319.3, 94.6),
(1.6, 314.3, 93.7),
(2.4, 309.8, 93.3),
(2.4, 309.8, 93.3),
    
(350.3, 355.4, 91.5),
(352.6, 348.2, 92.0),
(352.6, 348.2, 92.0),
(355.8, 341.8, 91.9),
(358.1, 335.8, 91.8),
(359.6, 329.7, 91.9),
(0.5, 323.2, 92.3),
(1.6, 316.5, 92.6),
(2.6, 310.9, 93.0),
(3.1, 306.2, 93.4),
    
(349.8, 0.8, 92.1),
(349.8, 0.8, 92.1),
(349.3, 350.3, 93.4),
(350.7, 341.3, 93.9),
(353.3, 333.2, 93.7),
(355.7, 325.7, 93.0),
(357.4, 318.3, 91.5),
(357.9, 311.6, 89.7),
(358.2, 305.6, 88.4),
(358.7, 300.4, 88.0),
    
(353.3, 359.8, 92.5),
(355.5, 348.0, 92.7),
(355.5, 348.0, 92.7),
(358.2, 338.3, 91.3),
(0.3, 330.9, 89.7),
(0.9, 324.5, 88.5),
(0.4, 318.7, 88.0),
(359.9, 312.9, 87.9),
(360.0, 307.5, 87.7),
(0.1, 302.8, 87.5),
    
(356.2, 15.1, 91.1),
(357.0, 3.7, 92.0),
(1.0, 353.1, 90.7),
(5.6, 344.7, 88.4),
(8.6, 338.2, 86.5),
(9.8, 332.1, 85.4),
(9.6, 325.7, 84.4),
(9.3, 318.9, 83.6),
(9.5, 312.1, 82.9),
(9.5, 312.1, 82.9),
    
(350.5, 2.9, 93.8),
(354.0, 353.7, 94.1),
(354.0, 353.7, 94.1),
(357.2, 344.0, 93.8),
(359.3, 334.9, 92.9),
(0.7, 326.7, 92.0),
(1.8, 319.5, 91.8),
(2.6, 312.7, 92.0),
(2.8, 306.0, 91.8),
(2.6, 299.7, 91.8),
    
(345.2, 8.1, 94.0),
(347.2, 358.1, 95.3),
(347.2, 358.1, 95.3),
(351.0, 348.7, 94.9),
(354.5, 341.3, 93.6),
(355.8, 335.2, 92.5),
(355.3, 329.5, 92.3),
(354.2, 324.2, 92.8),
(354.7, 319.1, 93.0),
(356.7, 314.1, 91.8),
    
(347.9, 2.0, 99.9),
(351.8, 354.0, 100.9),
(354.9, 345.3, 100.8),
(357.6, 337.1, 100.1),
(357.6, 337.1, 100.1),
(1.3, 329.5, 99.3),
(4.0, 322.6, 98.1),
(5.9, 316.3, 96.9),
(7.1, 311.2, 95.8),
(7.3, 306.6, 94.9),
    
(353.8, 17.8, 91.3),
(357.1, 7.7, 92.7),
(359.0, 356.5, 93.3),
(1.5, 346.1, 93.3),
(4.8, 336.9, 93.2),
(4.8, 336.9, 93.2),
(6.5, 328.1, 92.5),
(6.9, 320.6, 91.4),
(7.0, 313.8, 90.8),
(6.8, 307.0, 90.3),
    
(352.3, 2.0, 105.6),
(355.6, 351.3, 107.7),
(0.0, 342.8, 107.1),
(4.2, 335.1, 104.5),
(4.2, 335.1, 104.5),
(6.5, 328.8, 102.2),
(7.8, 322.6, 100.3),
(8.5, 316.9, 99.3),
(9.7, 311.3, 98.4),
(11.2, 306.6, 97.1),
    
(347.5, 24.3, 91.6),
(350.1, 13.0, 96.0),
(352.0, 1.2, 99.5),
(354.2, 350.7, 101.3),
(354.2, 350.7, 101.3),
(356.0, 340.4, 102.3),
(358.2, 331.3, 102.5),
(1.0, 323.8, 101.7),
(4.0, 316.9, 99.7),
(6.0, 311.4, 97.8),
    
(354.9, 22.4, 90.3),
(356.8, 10.6, 93.1),
(358.1, 358.7, 96.1),
(0.7, 347.9, 98.1),
(3.8, 337.4, 98.5),
(6.5, 327.3, 97.8),
(6.5, 327.3, 97.8),
(9.1, 317.9, 96.6),
(11.0, 309.7, 95.5),
(11.9, 303.4, 94.7),
    
(354.6, 3.3, 97.0),
(357.3, 352.7, 98.2),
(0.6, 342.0, 99.6),
(4.1, 331.7, 100.7),
(7.9, 320.9, 101.2),
(10.4, 312.4, 100.4),
(11.5, 306.3, 99.5),
(12.4, 301.5, 98.4),
(12.4, 301.5, 98.4),
(12.5, 297.4, 97.5),
    
(350.3, 5.6, 93.2),
(352.6, 352.1, 96.3),
(355.7, 340.6, 98.3),
(358.2, 330.7, 99.1),
(0.0, 320.8, 98.6),
(1.0, 311.9, 97.7),
(2.6, 304.5, 97.5),
(2.6, 304.5, 97.5),
(4.6, 298.7, 97.8),
(6.4, 294.3, 98.1),
    
(353.7, 18.3, 85.1),
(357.6, 4.5, 90.2),
(0.2, 352.1, 92.9),
(1.6, 341.0, 94.2),
(2.7, 330.2, 95.1),
(4.7, 319.2, 95.6),
(7.3, 310.5, 95.5),
(9.7, 303.0, 95.4),
(10.9, 296.4, 94.8),
(10.9, 296.4, 94.8),
    
(352.8, 9.1, 94.1),
(354.2, 357.9, 97.0),
(356.5, 347.2, 98.4),
(359.1, 338.0, 98.8),
(1.0, 329.3, 98.9),
(2.7, 320.1, 98.6),
(5.3, 312.6, 97.5),
(7.6, 306.7, 96.0),
(7.6, 306.7, 96.0),
(8.8, 301.8, 95.0),
    
(354.5, 3.7, 101.1),
(359.5, 353.6, 102.6),
(4.1, 343.2, 103.4),
(7.8, 334.0, 103.3),
(10.5, 326.3, 102.4),
(12.7, 319.8, 100.8),
(14.3, 314.5, 99.1),
(15.7, 309.1, 97.6),
(16.8, 303.6, 96.4),
(16.8, 303.6, 96.4),
    
(348.2, 1.8, 105.2),
(354.2, 350.4, 105.3),
(359.7, 338.9, 104.4),
(3.6, 329.4, 103.8),
(6.9, 320.4, 103.3),
(9.6, 311.8, 102.1),
(11.4, 305.3, 100.6),
(13.3, 299.8, 99.0),
(14.5, 295.0, 97.6),
(14.5, 295.0, 97.6),
    
(3.9, 2.7, 90.4),
(4.1, 350.5, 94.2),
(4.1, 350.5, 94.2),
(4.8, 338.1, 97.5),
(8.0, 327.6, 98.4),
(10.9, 317.8, 98.1),
(12.5, 308.8, 97.0),
(13.0, 300.5, 95.9),
(14.1, 293.5, 95.2),
(15.5, 288.1, 94.6),
    
(327.1, 21.0, 99.9),
(334.3, 11.4, 101.6),
(340.7, 1.4, 1