0.1679737,
0.1656471,
0,
0.1599387,
0.1233592,
0.09151784,
0.07404056,
0.05427141,
0.0431547,
    
0,
0.2056563,
0,
0.1780559,
0.1682741,
0.1584969,
0.1178364,
0.08554039,
0.0646996,
0.05153534,
    
0,
0.1500814,
0.1627298,
0.1688814,
0.1547057,
0,
0.1304092,
0.1070415,
0.09078021,
0.06587085,
    
0,
0.2118651,
0.2114195,
0.1893895,
0.1651875,
0.1408375,
0.1110633,
0.09264959,
0.07656099,
0,
    
0,
/n
0.2744487,
0,
0.1390011,
0.1309936,
0.1226017,
0.113179,
0.1056315,
0,
0.08628111,
    
0.1816299,
0,
0.1629069,
0.1392665,
0.1187257,
0.08907602,
0.07259215,
0.06332514,
0.05942413,
    
0.14611,
0,
0.1559832,
0.1539609,
0.1502121,
0.1261726,
0.1048822,
0.08976527,
0.080925,
    
0.1615966,
0.1467968,
0,
0.1337075,
0.1283924,
0.1154892,
0.10292,
0.08879898,
0.07871827,
    
0.1655187,
0,
0.1522851,
0.1430617,
0.1231449,
0.1074762,
0.0966806,
0.09382973,
0.08214936,
    
0.1699892,
0.1596245,
0.1488639,
0.1267634,
0.1095214,
0,
0.09386449,
0.08398319,
0.07085285,
    
0.154954,
0.1563518,
0.1395873,
0,
0.1244117,
0.1111565,
0.09560325,
0.08551311,
0.07773472,
    
0.1516934,
0.1335028,
0.1145302,
0,
0.102819,
0.09162736,
0.0817471,
0.06972235,
0.06202957,
    
0.144003,
0.1386585,
0.1321784,
0.1134837,
0,
0.1008119,
0.08830626,
0.08057996,
0.07037303,
    
0.1309288,
0.1347762,
0.1395739,
0.1369032,
0.1280198,
0,
0.115369,
0.09959903,
0.08227845,
    
0.1672525,
0.170787,
0.1619639,
0.1557679,
0,
0.1421862,
0.2351029,
0,
0.09390128,
    
0.1779038,
0.17606,
0.1718999,
0.1649471,
0.1507743,
0.1234961,
0.1061854,
0,
0.09179796,
    
0,
0.1595973,
0.1516061,
0.1430188,
0.1332638,
0.1235388,
0.1031012,
0.08947714,
0,
    
0.1488198,
0.1503638,
0.1357201,
0.1218131,
0.1067142,
0.09049858,
0.08360409,
0.06764361,
0,
    
0.1183283,
0.1269682,
0.1385233,
0.1395631,
0.1328828,
0.1291264,
0,
0.2363843,
0,
    
0.2661484,
0.154549,
0,
0.1277661,
0.1142868,
0.1086523,
0.09744455,
0.08665433,
0,
    
0.164869,
0,
0.1412062,
0.1262642,
0.1150412,
0.1064776,
0.08909138,
0.07749508,
0,
    
0.1512169,
0.1220188,
0.09819307,
0,
0.07821308,
0.06548427,
0.05146617,
0.04385289,
0.03927262,
    
0.1001588,
0.09538428,
0.09140241,
0,
0.1670389,
0,
0.06951327,
0.05995256,
0.05180404,
    
0.1772403,
0.1788193,
0.1567514,
0.131214,
0,
0.1078131,
0.08894806,
0.06794532,
0.05619787,
    
0.1226193,
0.1249342,
0,
0.1230663,
0.1213889,
0.1061162,
0.09239671,
0.08001155,
0.07450884,
    
0.1089596,
0.1067723,
0.1043325,
0.09392875,
0.08499278,
0,
0.07789013,
0.07322706,
0.06503186,
    
0.1221442,
0.118393,
0.1163364,
0.1033139,
0,
0.09129062,
0.07923293,
0.06960598,
0.05557772,
    
0.1782194,
0.1673185,
0.1556969,
0.1296933,
0.1112527,
0,
0.09657948,
0.08782962,
0.07482878,
    
0.1853251,
0.1762142,
0.1598849,
0.1240581,
0,
0.1005464,
0.08586857,
0.07336465,
0.07056952,
    
0.2918827,
0,
0.1357203,
0.1252708,
0.1140564,
0.09440461,
0.08180018,
0,
0.07297946,
    
0,
0.141207,
0.1334438,
0.1116381,
0.09215234,
0.07694555,
0.0673156,
0.05522275,
0.04944198,
    
/n
0.08325032,
0.08330079,
0,
0.08386067,
0.0791887,
0.07623017,
0.06437646,
0.05342684,
0.04184036,
    
0.1539316,
0.1397163,
0.1197276,
0.1118848,
0.08624611,
0,
0.0731699,
0.06351396,
0.05909129,
    
0.1114532,
0.1126333,
0.112152,
0.1094732,
0.1064151,
0.09622017,
0,
0.08632399,
0.07764169,
    
0.1569673,
0.1566605,
0.1414112,
0.1263508,
0.1118673,
0,
0.1016067,
0.08205751,
0.07193845,
    
/n
0.0006282253,
0.0006090555,
0.000566236,
0.0005824341,
0,
0.0004664251,
0.0003945837,
0.000371189,
0.0004761398,
    
0.0001986777,
0.0001861573,
0.0002228889,
0,
0.0005373479,
0.0004997589,
0.0005340783,
0.0001866511,
0.0002669191,
    
/n
0.119817,
0.09930843,
0.07871536,
0.05963842,
0.0470265,
0,
0.02935607,
0.02049616,
0.01710196,
    
0.1206679,
0.1205108,
0.1192061,
0.1153929,
0.111492,
0.1117144,
0.09915209,
0.08396439,
0.0674439,
    
0.1381058,
0.1413337,
0,
0.1524043,
0.1346015,
0.1199439,
0.04033862,
0.09637903,
0.08281312,
    
0.1568875,
0.1557603,
0.1393768,
0.1353377,
0.1283997,
0.1224799,
0.1126352,
0.09695776,
0,
    
0.3237095,
0.1670919,
0,
0.1193663,
0.08820323,
0.06704932,
0.05366692,
0.04421009,
0.0380893,
    
/n
0,
0.008077317,
0,
0,
0.004445264,
0,
0.0121463,
0,
0.02366462,
    
0.1066768,
0,
0.1019772,
0.1007502,
0.0876051,
0.07727088,
0.06823519,
0.06214004,
0.05665936,
    
0.1320795,
0.1385504,
0.1358113,
0,
0.1279942,
0.1154277,
0.107831,
0.088576,
0.07398106,
    
0.1833864,
0,
0.1677471,
0.1425195,
0.1178631,
0.101209,
0.08370866,
0.07308988,
0.06497428,
    
0.2492947,
0,
0.2430884,
0.2170152,
0.1575599,
0.101238,
0.03514715,
0.01334835,
0.009259535,
    
0.2739934,
0.2781602,
0,
0.2256908,
0.1709041,
0.1179568,
0.08116205,
0.04409121,
0.03097176,
    
/n
/n
0.1271641,
0,
0.1303632,
0.1249781,
0.1248048,
0.1177728,
0.1169263,
0.1081249,
0.09873202,
    
0.1721774,
0,
0.1796037,
0.1696488,
0.1477342,
0.1160387,
0.09545467,
0.07280948,
0.06741873,
    
0.1606077,
0,
0.173404,
0.1691371,
0.1596045,
0.1244517,
0.09793155,
0.07830076,
0.06648716,
    
0.1432162,
0.148548,
0,
0.1476044,
0.1389987,
0.1311885,
0.1012154,
0.08282717,
0.07141066,
    
0.1641908,
0.1616634,
0.1451648,
0,
0.1224939,
0.1047389,
0.09292728,
0.07976,
0.07285912,
    
0.1600252,
0.1548074,
0,
0.1428062,
0.1233907,
0.1127834,
0.09071013,
0.07413088,
0.06029163,
    
/n
/n
/n
0.0334164,
0,
0,
0.01463289,
0,
0,
0,
0.02618243,
0,
    
/n
0.2472534,
0.2379891,
0.2293184,
0.1745753,
0.1262817,
0,
0.0865534,
0.06461486,
0.04387328,
    
0.1837213,
0.1828125,
0.1583141,
0.137705,
0.1172395,
0,
0.1002859,
0.07682736,
0.06591599,
    
0.1659336,
0.1526049,
0.1336746,
0.1054948,
0,
0.09447739,
0.08367746,
0.06461484,
0.05646273,
    
0.2073525,
0.1861927,
0.1627941,
0.1340499,
0.1131328,
0,
0.09037724,
0.0763979,
0.06812383,
    
/n
0.0009988132,
0.001045872,
0.0009937627,
0.003155017,
0.001265002,
0,
0.001193254,
0.001083709,
0.00106399,
    
0.06415976,
0.07899877,
0.0867713,
0,
0.07148384,
0.04949221,
0.02974153,
0.02250316,
0.01311411,
    
0,
0.001489807,
0.001597122,
0.002181599,
0.002009185,
0.001723189,
0.001852821,
0.0009993608,
0,
    
0,
0.0003122398,
0.0002912881,
0.0002707062,
0.0005838998,
0.000461528,
0.0002700491,
0.0001772799,
0.0003602209,
    
0.007369874,
0.006364503,
0.006896969,
0.005729309,
0.00316335,
0.002501217,
0.003561378,
0.00257441,
0,
    
0.2612303,
0.2374955,
0.1031194,
0.04457987,
0.02307976,
0.01743424,
0.01637025,
0,
0.01786052,
    
/n
0.1132222,
0.1208591,
0.1219828,
0.117766,
0.08762706,
0,
0.06095126,
0.04220454,
0.02039097,
    
0.1608548,
0.1688036,
0.1372342,
0,
0.08796684,
0.04797275,
0.01987781,
0.01122035,
0.00844501,
    
0.153571,
0.1376877,
0.1182372,
0.09405371,
0.07447734,
0.04394792,
0.02973467,
0,
0.02229393,
    
0.1433853,
0.1532187,
0.1418681,
0.1252596,
0.102694,
0.08261541,
0.05573248,
0.04187425,
0,
    
0.1166939,
0.1301767,
0.1480058,
0.1618681,
0.1243296,
0,
0.08102623,
0.04788419,
0.03340186,
    
0.07646259,
0.07340039,
0.06755196,
0.05516589,
0.03860313,
0,
0.03456365,
0.03324326,
0.03388355,
    
0,
0.09580548,
0.07207491,
0.06625381,
0.06512509,
0,
0.06494744,
0.06497141,
0.06465247,
    
0.1571719,
0.1475286,
0.1402632,
0.1087681,
0,
0.08411244,
0.06905312,
0.06325764,
0.05526155,
    
0.1614474,
0.1022428,
0.06451312,
0.04786782,
0.04015733,
0.02377879,
0,
0.01309628,
0.006000516,
    
0.1033228,
0.1053985,
0.1022072,0.1080473,
0.0918837,
0.06900078,
0.03594067,
0.02212683,
0,
0.01393454,
0.01035199,
0.009033759,
    
0.05461759,
0,
0.04913266,
0.0388355,
0.03229094,
0.02912079,
0.0275083,
0.02513745,
0.02245725,
    
0.06501978,
0,
0.05191089,
0.03551397,
0.02692045,
0.01722347,
0.01252634,
0.01001877,
0.008237711,
    
0.1498027,
0.1500448,
0,
0.1238835,
0.1009102,
0.08751377,
0.07804159,
0.0752752,
0.07293436,
    
0.13119,
0.131079,
0,
0.1169663,
0.1061384,
0.09819695,
0.09915464,
0.09014125,
0.07981679,
    
0.1530577,
0.1473917,
0.1375467,
0.1135272,
0,
0.100295,
0.08912583,
0.08358438,
0.07345298,
    
0.1626686,
0.1475483,
0.1317573,
0,
0.121553,
0.1152648,
0.09732181,
0.07956389,
0.05885306,
    
0.1109783,
0.1258466,
0,
0.1209038,
0.1111296,
0.09605962,
0.08095647,
0.06244118,
0.05411589,
    
0.133303,
0.1187969,
0.1065094,
0.09626952,
0.0875591,
0,
0.07544996,
0.07005834,
0.06200463,
    
0.1495279,
0.1452726,
0.13001880.06438142,
0.07041839,
0.07332222,
0,
0.0760074,
0.07875316,
0.08483537,
0.07150073,
0.04780132,
    
0.1813318,
0.1589159,
0.145011,
0.1292308,
0.11242,
0.07911552,
0,
0.06147047,
0.04793818,
    
0.119463,
0.1150894,
0.1098958,
0.08672411,
0,
0.06771664,
0.06010394,
0.05879738,
0.05711635,
    
0.1990876,
0.1670177,
0.1437882,
0.1271971,
0.1174292,
0.09741487,
0,
0.08358492,
0.07303723,
    
0.1687678,
0.1543721,
0.1400927,
0.1238878,
0.1080145,
0,
0.08283073,
0.06980053,
0.06105545,
    
0.1671513,
0.1716527,
0.1611269,
0.1544216,
0.1312914,
0,
0.1219418,
0.09990512,
0.09057416,
    
0.1689531,
0.1503959,
0.1353435,
0.1219507,
0.1184429,
0.10261,
0.08841827,
0.07321165,
0,
    
0,
0.1527638,
0.1282664,
0.1049761,
0.08571153,
0.07931031,
0.07146637,
0.06457308,
0.05940667,
    
0.1586004,
0.1401299,
0.1362575,
0.1198817,
0.1033224,
0.08858982,
0.08136673,
0.07210299,
0,
    
0.1061097,
0,
0.09922689,
0.09725433,
0.09984129,
0.09951556,
0.0978029,
0.08523035,
0.07610638,
    
0,
0.1557407,
0.1333162,
0.1180406,
0.1107528,
0.1066539,
0.09623466,
0.08676973,
0.07814213,
    
0.1441791,
0,
0.1200261,
0.1052304,
0.09756679,
0.09571191,
0.09318428,
0.08104926,
0.07329063,
    
0.1633635,
0.1350691,
0.1127464,
0.10376,
0.1081864,
0.1074,
0.1030111,
0.09451267,
0,
    
0.1255976,
0,
0.1271587,
0.1186932,
0.1096698,
0.1028659,
0.09975202,
0.09029093,
0.08398249,
    
0.1384701,
0,
0.1264359,
0.109577,
0.1058473,
0.1065339,
0.103948,
0.0947414,
0.07983015,
    
0.1194504,
0.1215753,
0.1153052,
0,
0.1059716,
0.0972762,
0.09033622,
0.08224456,
0.07878622,
    
0.1568608,
0.1628156,
0.1509414,
0.1357175,
0,
0.1335489,
0.1197431,
0.1084162,
0.09976301,
    
0.148447,
0.1245783,
0.108163,
0,
0.09773003,
0.09285545,
0.08515653,
0.07965912,
0.06696182,
    
0.1675896,
0.173416,
0.1634621,
0,
0.160149,
0.1403173,
0.1179703,
0.10214,
0.08291885