    
    
    
    
    
    
    
    
    
0.2371341
0.2645834
0.3157312
0.2770069
0
0.2906135
0.1915422
0.1689971
0.07294534
    
0.1579479
0.2124437
0.2914644
0
0.2906882
0.2717248
0.2649182
0.1946342
0
    
0.1888411
0.2076817
0.238536
0.2751053
0
0.2264864
0.1934824
0.1456299
0.09197474
    
0.09657769
0.1219486
0.1776306
0.1936015
0.2119132
0
0.2580771
0.3018285
0.3218258
    
0.1951007
0.2290512
0.2501015
0
0.2596253
0.221189
0.1273848
0.08180469
0
    
0.1093784
0.1288252
0.1656076
0
0.2012753
0.239703
0.2032539
0.1743762
0
    
0
0.03845407
0.05175439
0.08321341
0.1097246
0
0.1432993
0.1665606
0.1976495
    
0.1200201
0
0.1144466
0.1380503
0.1858954
0.2277942
0
0.2804753
0.2291672
    
0.04057361
0
0.05782894
0.08743872
0.1001244
0.1116084
0
0.1861945
0.2594552
    
0.1746306
0.18374
0.1851473
0
0.188212
0.184989
0.1460352
0.09379857
0
    
0.1438477
0.1673302
0.1786759
0.1993849
0
0.2122442
0.207902
0.1676221
0.1548682
    
0.1687021
0
0.2099292
0.235564
0.2658512
0.2542532
0
0.2000721
0.1286468
    
0.1568668
0
0.2125634
0.2384928
0.2675438
0.2539391
0
0.1935806
0.1691498
    
0.150424
0.1947153
0.2364158
0
0.2587845
0.2693122
0.1858207
0.160749
0.1050678
    
0.07140855
0.09732572
0
0.1155814
0.1509937
0.1672204
0.213232
0
0.2347782
    
0
0.06754337
0.07662535
0.08966333
0.09929624
0
0.1038706
0.105028
0.1178384
    
0.1235318
0
0.1353959
0.1589022
0.1983642
0.2217423
0
0.2474056
0.2519076
    
0.09880387
0.1441249
0.1797963
0.206137
0
0.2201383
0.2222923
0.2073882
0.1844186
    
0.07904563
0.09534432
0
0.1224778
0.146449
0.1699067
0.1684992
0
0.1702042
    
0.184684
0.217199
0.2864165
0.3118601
0
0.2742886
0.2516997
0.1434026
0.1051693
    
0
0.1940477
0.2632471
0.3327021
0.3386084
0
0.2429416
0.1149325
0.05580675
    
0.08983875
0.1078927
0.1714498
0
0.2233823
0.2626037
0.2665302
0.2058807
0
    
0.07849506
0.1165116
0.1264844
0
0.1353745
0.1558084
0.1825793
0.2140118
0
    
0.1573578
0.1834829
0
0.2190823
0.2037335
0.2264046
0.1589679
0
0.1322877
    
0
0.3490714
0.361402
0.3220104
0.2148635
0
0.1581264
0.07307104
0.02940917
    
0.07199167
0
0.1064348
0.1709078
0.2035097
0.2056551
0
0.2044924
0.1810039
    
0.1304937
0.1335975
0
0.1398049
0.1580071
0.178094
0.1817287
0
0.1614889
    
0.06766915
0.0647071
0
0.07662053
0.08471787
0.1051434
0.1375853
0
0.1718006
    
0.08507023
0.1027057
0.1324101
0.1551539
0
0.1697757
0.2004193
0.1850313
0.1949437
    
0.04194852
0.04406224
0
0.05071164
0.07387063
0.1225396
0.1546333
0
0.1599413
    
0.14628
0.1735579
0
0.178585
0.1656498
0.1630044
0.1610115
0
0.1270325
    
0.1351025
0.1423331
0
0.1522867
0.1633665
0.1655743
0.1886739
0
0.1715504
    
0.1501795
0
0.1861866
0.2081536
0.2158052
0
0.212068
0.1910511
0.1848496
    
0.2162067
0.247377
0
0.2533342
0.2355581
0.1883781
0.1327578
0
0.09399793
    
0.1581015
0.2072494
0.2411985
0.2367457
0
0.2605938
0.1635105
0.1264142
0.05503174
    
0.1175749
0
0.1428192
0.1667815
0.2015765
0.1967424
0
0.2211189
0.1768928
    
0.1608806
0
0.184912
0.2191691
0.2430735
0.2289152
0
0.2330813
0.2025266
    
0.1392203
0.165331
0.2086853
0
0.2018625
0.2001989
0.1523491
0.1041989
0
    
0.1567049
0
0.1839061
0.2350936
0.2210568
0.1628871
0
0.08459339
0.0424756
    
0
0.1941252
0.2016329
0.1769029
0.1474685
0
0.1396486
0.1209106
0.09639402
    
0.1445277
0.1668274
0.172676
0
0.1617759
0.144787
0.1335048
0.09943146
0
    
0.1309184
0
0.16327
0.2034424
0.1862314
0.1928767
0
0.1711198
0.1348257
    
0.07450231
0.08542735
0.1004264
0
0.105315
0.1151414
0.109461
0
0.1159148
    
0.1045721
0.1253088
0.1466231
0.1538072
0
0.192405
0.1325886
0.1317735
0
    
0.138783
0.1744544
0
0.1870237
0.1583418
0.1092721
0.07851593
0
0.06099875
    
0.1275698
0.1427131
0
0.1549299
0.1699243
0.1795448
0.1931011
0
0.1553266
    
0.1249419
0
0.1349841
0.1387265
0.1368189
0.1175668
0
0.1086806
0.06148649
    
0.1349103
0.1480409
0.1360061
0.1300015
0
0.1356227
0.1186463
0.1179539
0.08433255
    
0.1645753
0
0.1892207
0.2027999
0.2312081
0.2457115
0
0.2341563
0.207579
    
0.1769125
0.1867442
0.1826811
0
0.1826826
0.1542509
0.1263804
0.1176839
0.1126298
    
0.2335153
0.2649859
0.2845387
0.2878157
0
0.2258798
0.1997881
0.09951643
0.06615563
    
0.296652
0.2959718
0.2245138
0
0.1295517
0.06036113
0.02769886
0.008279851
0
    
0.13719
0.1568563
0.1769296
0
0.1643288
0.158597
0.1435935
0.1358308
0.1230442
    
0.1912841
0
0.2138975
0.2289986
0.2283363
0.2219545
0
0.1463133
0.1173763
    
0.1674599
0.2149171
0
0.2628209
0.3009934
0.3509341
0.298738
0
0.2440549
    
0.1829445
0.2218478
0
0.2144296
0.2132019
0.2198902
0.1290177
0
0.06679446
    
0.1153596
0.1461691
0
0.1788232
0.1854374
0.2005507
0.2161173
0
0.2275223
    
0.1968751
0.211838
0.2116018
0
0.1360774
0.09614293
0.07109739
0.04538073
0
    
0
0.1253618
0.1468571
0.1597276
0.1550007
0
0.1208147
0.1052856
0.06970271
    
0.165458
0.1933298
0
0.2054243
0.1957
0.1841017
0.1175463
0
0.08349571
    
0.1371249
0.1611831
0.1803084
0.1873059
0
0.321798
0
0.1123035
0.07931779
    
0.212207
0.2817658
0.2800225
0
0.2976857
0.2672536
0.2001186
0.1389762
0
    
0.1561221
0.1946062
0.2268356
0
0.2249015
0.2014249
0.1700131
0.1305284
0
    
0.1238932
0
0.1407414
0.1550269
0.1808768
0.1519367
0
0.1329178
0.08420716
    
0.03752948
0.05682666
0
0.06071697
0.07633203
0.08572142
0.0908025
0
0.1029277
    
0.1102718
0.1412569
0.1684742
0
0.2150284
0.1993272
0.1975696
0
0.1545434
    
0.1026693
0.1097371
0
0.1121898
0.1150896
0.08603717
0.07403424
0
0.04797846
    
0.1341197
0.1426173
0
0.160609
0.17374
0.1737776
0.1591786
0
0.09922829
    
0.1512805
0.1915116
0.1816488
0.192418
0
0.1726973
0.1299522
0.08179684
0.05767416
    
0.1566941
0.1949754
0.1862851
0
0.1900348
0.1780367
0.1945024
0
0.1240654
    
0.208183
0.2276338
0
0.2221195
0.2052689
0.1221887
0.09049898
0
0.05619499
    
0.08504182
0.09608924
0.1130721
0
0.1281286
0.1529646
0.1810769
0.1740123
0
    
0.08899512
0.07951993
0
0.1108239
0.1699577
0.2216373
0.2583091
0
0.2597711
    
0.1131881
0.130582
0
0.1471316
0.1563375
0.1727387
0.186693
0
0.1896406
    
0.1172434
0.1184979
0
0.1417859
0.1764641
0.221217
0.1886965
0
0.2204916
    
0.1832221
0.2772358
0.3163573
0.3021498
0
0.2971878
0.2391198
0.1604976
0.1001516
    
0.2711524
0.2778962
0.2817602
0
0.2631266
0.1734647
0.1202268
0.0446211
0
    
0.09679615
0.1227374
0.1904673
0.215455
0
0.2379924
0.2021106
0.1426656
0.09749565
    
0.1985919
0.2058108
0.2157304
0.2329257
0
0.2291251
0.1887157
0.1167834
0.05782342
    
0.1345913
0.1486019
0.16917
0.1906517
0
0.2047345
0.232739
0.20449
0.1858873
    
0.2531087
0.278836
0
0.3328901
0.2723209
0.1667372
0.1241532
0
0.05222818
    
0.1861994
0.2376029
0
0.2037142
0.2314963
0.1314568
0.08477961
0
0.0531664
    
0.1711169
0.1970316
0
0.187418
0.2062339
0.17138
0.1554954
0
0.1276654
    
0.2921395
0.3123691
0.2577161
0.2224634
0
0.2212772
0.07111974
0.05936252
0.04223187
    
0
0.3653349
0.5447294
0.5849702
0
0.531489
0.3733238
0.1958954
0.09162438
    
0.3241823
0.374319
0.378582
0
0.3655165
0.2256005
0.1702444
0.1241205
0
    
0
0.3774992
0.4212648
0.433304
0.390421
0
0.4304787
0.2785476
0.1953945
    
0.2072325
0.2442565
0.2578616
0
0.2244277
0.1620769
0.1111405
0.06981611
0
    
0.1657017
0.1884764
0
0.2000337
0.1973868
0.1683164
0.1135985
0
0.06002697
    
0.1490325
0.1653943
0.1981822
0
0.1777874
0.1719991
0.1055709
0.08583344
0
    
0.1927434
0.2460386
0
0.2490238
0.2762116
0.2759982
0.1881355
0
0.1022594
    
0.2788308
0
0.3167993
0.3312238
0.2660751
0.1374221
0
0.09693226
0.09686445
    
0.244007
0
0.2877652
0.2708389
0.1812082
0.1054737
0
0.04633073
0.04817623
    
0.2934199
0
0.2974106
0.289306
0.2293469
0.2317729
0
0.08108085
0.05572136
    
0.1263831
0
0.1507182
0.1759083
0.1939556
0.2021484
0
0.1910583
0.1654836
    
0.1648178
0
0.213078
0.2290257
0.2598014
0.2895778
0
0.2246253
0.1890937
    
0.2581483
0.2739323
0.3208795
0.2595492
0
0.2350609
0.1802718
0.1219634
0.07091173
    
0.2582559
0.3262413
0
0.3361613
0.3046457
0.3120216
0.2044991
0
0.1747776
    
/n
0.2266057
0.288426
0.2633072
0.2713384
0
0.2865628
0.232596
0.2169257
0.1444739
    
0
0.2182017
0.3098046
0.3183416
0.3442861
0
0.3054646
0.1436493
0.07421566
    
0.1610541
0
0.2106898
0.2316559
0.2098317
0.1939859
0.1325832
0
0.06579527
    
0.03663891
0.05787545
0
0.08390317
0.1427746
0.2016569
0.2319763
0
0.2877437
    
0
0.1407616
0.1873321
0.1384904
0.145845
0
0.1158981
0.0547436
0.02931066
    
0.1040664
0.1362721
0.1493724
0
0.166659
0.1536259
0.1209052
0.0547083
0.0337019
    
0.1044168
0.1390385
0.1577606
0
0.2000918
0.1774269
0.1633759
0.1619712
0
    
0.1709316
0
0.190398
0.1997608
0.2038762
0.1941228
0
0.1568205
0.1470786
    
0.1546213
0.1951199
0.2588881
0
0.2230603
0.2492357
0.237951
0.1486931
0
    
0.1570748
0.1979621
0
0.2137712
0.2512989
0.2287476
0
0.182661
0.1589262
    
0.2326763
0
0.2606122
0.2748654
0.2549479
0.1680325
0
0.1079432
0.04706379
    
0.1939532
0.2144536
0.234932
0.2546537
0.1752201
0
0.1253708
0.09304678
0.06884102
    
0.2659746
0
0.2846447
0.2660903
0.2717374
0.1660392
0
0.1104843
0.048793
    
0.1414791
0.1794957
0.2093153
0.2277161
0
0.222798
0.183306
0.1129708
0.07882344
    
0.1952708
0
0.2053039
0.2057494
0.200193
0
0.1636781
0.143112
0.06552714
    
0.1648109
0.1914317
0.2315413
0
0.2579775
0.2602793
0.1562586
0.1075053
0
    
0.1073919
0.1173508
0.1333949
0.1545397
0
0.1795031
0.1529642
0.178226
0.1961439
    
0.2547533
0.2460233
0.249423
0.2107039
0
0.1594209
0.09946419
0.07032052
0
    
0.2087048
0.2395501
0.2573096
0.2471926
0
0.2040396
0.1251642
0.1029104
0.05955615
    
0.2692998
0.3013947
0
0.346637
0.2647529
0.1994694
0.1544012
0
0.07971018
    
0.2273256
0.2937462
0.2860038
0.2388726
0
0.1353747
0.07808495
0.04819751
0.04040462
    
0.2073529
0
0.2773135
0.1908184
0.1915303
0.1613154
0
0.1004777
0.06513858
    
0.2337159
0.2618419
0.2613654
0
0.2258218
0.1607987
0.1132557
0.08061007
0
    
0.1436863
0
0.1944033
0.2178359
0.2993958
0.1899459
0
0.1625519
0.08750034
    
0.1811424
0
0.2021816
0.2007481
0.2258673
0
0.2059388
0.1739677
0.128333
    
0
0.2267067
0.2561681
0.2589317
0.2226319
0
0.1493759
0.1165965
0.069265
    
0.1119882
0.1468272
0.155941
0.174511
0
0.1866812
0.1927237
0.167877
0.1142671
    
0
0.1586075
0.1960663
0.2024475
0.2419894
0
0.195084
0.1695316
0.13292
    
0.1981722
0.2328681
0.2679265
0.2239347
0
0.2145564
0.1596922
0.08722152
0.04911035
    
0.09810706
0.103097
0.1486029
0
0.1779601
0.2035274
0.2227594
0.2270352
0
    
0.1777168
0.1981367
0.243879
0.2051099
0
0.1978047
0.1049009
0.05929946
0.02637246
    
0.2351262
0.2630293
0.2598571
0.2096347
0
0.1176674
0.07652085
0.018272
0.01882053
    
0.09635019
0.1216133
0.1278906
0.135158
0
0.1358376
0.1370126
0.1264834
0.1014714
    
0.1637041
0.1949596
0.1821944
0.2053448
0
0.1324238
0.08977239
0.04175459
0.03176294
    
0.09963179
0.08409525
0.1200613
0.1679568
0
0.2123635
0.2121832
0.2809054
0.134747
    
0.1226114
0.1501293
0
0.1875289
0.1943365
0.1765161
0.1935232
0
0.127597
    
0.1004241
0.1390454
0.176864
0.1953605
0
0.1913811
0.1688241
0.1300631
0.1216606
    
0
0.08666223
0.09692124
0.1061048
0
0.1150683
0.1201069
0.1246953
0.120235
    
0.1138934
0.1264392
0.1352312
0
0.1259663
0.1416778
0.1458844
0.1133153
0
    
0.05587183
0.09890167
0
0.1541976
0.2002641
0.225925
0
0.2055844
0.2086182
    
0.08304429
0
0.1058546
0.1253109
0.1526371
0.1442875
0
0.1328266
0.1303095
    
0.1738738
0
0.1976651
0.2025592
0.2392697
0.1820762
0
0.16192
0.08391184
    
0.1615699
0.1601778
0.1764048
0
0.1602393
0.130393
0.1186519
0.08945132
0
    
0.1468752
0.1596312
0.1551649
0.1382356
0
0.110976
0.08630736
0.04445346
0.02734127
    
0
0.10999
0.1543803
0.1665045
0.1607558
0
0.1685187
0.1170991
0.09666476
    
0.06493963
0.1185051
0
0.1762432
0.2033766
0.2414582
0.2116623
0
0.214061
    
0.1894128
0.2094129
0
0.247407
0.2844473
0.242342
0.211619
0
0.1942225
    
0.2588203
0.2930235
0.2764834
0.2877946
0
0.2769336
0.2459936
0.208024
0.1612745
    
0.3108808
0.3500071
0
0.3513374
0.3256517
0.286171
0.2129781
0
0.1917207
    
0.3541307
0.4054502
0.4265773
0.4433735
0
0.3736303
0.3359982
0.1579224
0.07680108
    
0.568126
0.5576586
0.526962
0
0.4960968
0.2472736
0.1614711
0.0962446
0
    
0.2424298
0.269731
0
0.3281656
0.3333362
0.310894
0.2302054
0
0.1467005
    
0
0.1900979
0.2387885
0.2342435
0.2606256
0
0.2759749
0.2225185
0.2058387
    
0.3140824
0.330147
0
0.330618
0.3141776
0.2837522
0.2450145
0
0.2066714
    
0.315965
0.3993112
0
0.3753558
0.4042104
0.3123256
0.1654404
0
0.1437382
    
0.2394399
0
0.2411508
0.2036992
0.1265429
0.04641601
0
0.03528707
0.04198513
    
0.2392771
0.298337
0
0.2520515
0.1987282
0.1192203
0.07985659
0
0.03760638
    
0.2713078
0.3393167
0.3563314
0
0.3305767
0.3074507
0.2184207
0.1998464
0
    
0.2238884
0
0.2605895
0.3064685
0.326594
0.3055211
0
0.2139686
0.1613388
    
0.2726759
0.3692795
0
0.4131052
0.4187711
0.3973174
0.3438725
0
0.2621228
    
0.2554279
0.2777592
0.2816828
0
0.2401167
0.230276
0.1670268
0.08027843
0
    
0.2517833
0.2859691
0.2885301
0
0.2573774
0.2093419
0.1849671
0.1108263
0
    
0.2151472
0.2645542
0.3162234
0.2660708
0
0.2414225
0.1550733
0.08387376
0.04328974
    
0.2112123
0
0.2759567
0.3540244
0.3576711
0.3071225
0
0.2927204
0.1636743
    
0.235284
0.3188099
0.3352023
0
0.2915779
0.2175104
0.1564453
0.1181162
0.0868761
    
0.150622
0
0.2455312
0.320493
0.2509867
0.2645782
0
0.2478028
0.1505731
    
0.1576767
0.2340851
0.2697229
0
0.2530245
0.2126145
0.1698408
0.1412701
0
    
0.2176813
0.3258836
0.2156881
0.2315853
0
0.2185187
0.0867794
0.06936255
0
    
0
0.2484323
0.3097049
0.2831609
0.2131222
0
0.1546521
0.09460133
0.05766223
    
0.1301906
0.1942319
0.243266
0
0.3041725
0.21208
0.2005975
0.1424213
0
    
0.1768894
0
0.2238997
0.2890326
0.2660635
0.2864426
0
0.2186306
0.1964421
    
0.05793477
0.1211297
0.1972798
0.2377214
0
0.3046337
0.2955863
0.2237283
0.195561
    
0.1279406
0.1613683
0
0.1845017
0.1863188
0.1810886
0.1182322
0
0.09193044
    
0.09463658
0.1299631
0
0.1586324
0.1845391
0.2072521
0
0.2231128
0.1955898
    
0.07637335
0.09500439
0.1533635
0
0.2219259
0.2331981
0.2728923
0.1924964
0
    
0.2385481
0
0.2932356
0.3242065
0.312776
0.2185382
0
0.1700429
0.07600009
    
0.1498643
0.2104236
0.2533713
0.2945575
0.2905419
0
0.3338984
0.2387548
0.2607988
    
0.335916
0.3579602
0
0.4236109
0.4161017
0.3422295
0.2357703
0
0.1331165
    
0.2588173
0.356623
0.3650669
0.392321
0
0.3685381
0.3061572
0.2179105
0.1417447
    
0.4564707
0.4163336
0.3747776
0.3263109
0
0.285421
0.2681337
0.2046269
0.2109555
    
0
0.3459125
0.5044832
0.4491846
0.4494174
0
0.386924
0.2126808
0.1488927
    
0.2244263
0.3097953
0.3312309
0.3778601
0
0.3559768
0.2962525
0.2761334
0.145695
    
0.2008212
0.2435572
0
0.2971754
0.3389079
0.3361799
0
0.3916041
0.2948333
    
0.249633
0.3083044
0
0.6812109
0
0.2782665
0.1950169
0
0.1206363
    
/n
