    
    
    
    
    
    
    
    
    
(25.0, 139.5, 83.4)
(31.0, 149.0, 82.6)
(27.5, 163.2, 83.6)
(17.5, 180.4, 81.0)
(9.7, 194.5, 74.5)
(9.7, 194.5, 74.5)
(5.7, 209.7, 65.5)
(5.3, 218.1, 62.2)
(3.4, 226.8, 63.5)
(359.6, 227.3, 65.9)
    
(17.3, 145.0, 82.4)
(30.4, 147.4, 88.9)
(32.0, 155.5, 88.7)
(21.0, 170.6, 85.6)
(21.0, 170.6, 85.6)
(11.8, 187.1, 81.7)
(8.9, 201.6, 79.2)
(10.7, 214.0, 78.8)
(10.8, 221.2, 78.7)
(10.8, 221.2, 78.7)
    
(12.4, 158.7, 91.9)
(17.9, 167.3, 93.3)
(17.7, 176.2, 92.6)
(11.0, 188.7, 92.6)
(1.0, 204.6, 90.2)
(1.0, 204.6, 90.2)
(355.0, 218.3, 85.6)
(354.0, 228.3, 82.8)
(1.6, 232.5, 83.0)
(8.5, 235.3, 84.8)
    
(32.8, 137.5, 74.1)
(37.3, 138.6, 75.4)
(44.6, 141.3, 76.2)
(43.6, 152.6, 79.5)
(35.1, 164.4, 84.2)
(28.4, 173.2, 87.9)
(28.4, 173.2, 87.9)
(24.4, 186.0, 89.7)
(22.3, 204.1, 91.7)
(20.7, 224.8, 92.0)
    
(32.5, 153.0, 93.2)
(37.3, 162.6, 94.9)
(28.6, 174.3, 95.9)
(15.1, 185.5, 89.9)
(15.1, 185.5, 89.9)
(8.0, 198.7, 79.9)
(6.4, 211.0, 73.8)
(6.6, 216.1, 75.0)
(6.2, 217.1, 78.5)
(6.2, 217.1, 78.5)
    
(25.4, 143.7, 78.0)
(27.9, 146.6, 81.2)
(24.5, 150.8, 83.7)
(18.0, 158.1, 85.6)
(18.0, 158.1, 85.6)
(12.0, 168.6, 85.8)
(7.5, 182.6, 84.1)
(5.5, 194.4, 81.8)
(3.5, 204.4, 81.0)
(3.5, 204.4, 81.0)
    
(38.8, 169.7, 80.7)
(38.8, 169.7, 80.7)
(29.5, 167.6, 80.6)
(21.9, 165.1, 82.9)
(23.2, 165.5, 85.7)
(29.8, 168.6, 87.9)
(29.8, 168.6, 87.9)
(36.3, 175.1, 91.5)
(38.7, 182.3, 93.9)
(36.5, 191.1, 94.0)
    
(24.2, 156.4, 86.8)
(29.1, 158.8, 85.9)
(29.1, 158.8, 85.9)
(32.2, 159.3, 85.3)
(28.1, 161.6, 85.5)
(18.8, 167.6, 83.4)
(13.2, 180.1, 83.8)
(13.2, 180.1, 83.8)
(9.1, 197.5, 87.0)
(4.9, 210.5, 89.0)
    
(42.8, 154.7, 82.1)
(30.9, 152.7, 81.5)
(30.9, 152.7, 81.5)
(24.8, 151.5, 83.0)
(32.2, 152.6, 87.0)
(46.1, 154.9, 96.9)
(52.2, 157.3, 101.4)
(52.2, 157.3, 101.4)
(43.7, 162.0, 96.7)
(32.8, 173.6, 94.1)
    
(12.6, 150.1, 90.6)
(9.4, 157.2, 92.8)
(6.1, 165.1, 94.4)
(3.2, 173.2, 94.2)
(3.2, 173.2, 94.2)
(2.5, 182.6, 91.1)
(2.2, 193.6, 88.3)
(2.9, 201.2, 89.3)
(3.9, 203.6, 92.0)
(3.9, 203.6, 92.0)
    
(38.8, 159.8, 89.8)
(39.7, 167.1, 94.6)
(38.7, 174.5, 98.0)
(33.9, 182.0, 98.3)
(28.5, 190.6, 97.3)
(28.5, 190.6, 97.3)
(26.8, 201.0, 95.8)
(29.0, 212.3, 95.3)
(28.1, 220.3, 95.9)
(21.6, 225.5, 95.4)
    
(2.4, 145.6, 88.3)
(6.4, 152.8, 89.7)
(6.4, 152.8, 89.7)
(9.7, 161.9, 91.6)
(8.0, 175.3, 93.2)
(4.2, 191.6, 93.0)
(0.5, 207.4, 89.8)
(0.5, 207.4, 89.8)
(359.3, 218.3, 87.1)
(1.4, 222.2, 87.5)
    
(18.9, 147.7, 91.2)
(15.4, 150.7, 93.3)
(15.4, 150.7, 93.3)
(9.7, 158.1, 94.8)
(4.9, 170.2, 95.0)
(1.2, 185.4, 93.1)
(357.9, 199.6, 90.9)
(357.9, 199.6, 90.9)
(353.2, 208.9, 90.1)
(346.7, 215.7, 89.4)
    
(18.9, 166.4, 91.0)
(18.3, 169.5, 91.3)
(13.6, 175.5, 89.0)
(7.5, 185.5, 87.7)
(7.5, 185.5, 87.7)
(1.4, 198.1, 88.2)
(356.7, 211.7, 89.7)
(355.6, 218.0, 89.3)
(354.1, 221.9, 87.5)
(353.1, 222.6, 86.0)
    
(18.7, 157.9, 87.0)
(12.2, 156.4, 87.8)
(12.7, 158.0, 87.1)
(12.7, 158.0, 87.1)
(22.8, 159.4, 85.2)
(26.3, 164.4, 87.7)
(25.2, 168.8, 90.6)
(16.0, 176.2, 90.3)
(16.0, 176.2, 90.3)
(6.6, 187.6, 89.8)
    
(54.4, 171.0, 93.1)
(54.4, 171.0, 93.1)
(50.1, 171.6, 94.3)
(45.9, 172.2, 95.5)
(42.1, 173.2, 95.6)
(37.6, 174.2, 95.7)
(37.6, 174.2, 95.7)
(31.7, 174.2, 96.5)
(27.2, 173.6, 96.1)
(24.8, 174.0, 95.1)
    
(71.8, 153.3, 101.6)
(63.7, 155.5, 99.2)
(63.7, 155.5, 99.2)
(50.1, 157.7, 99.0)
(39.6, 161.8, 98.5)
(32.0, 169.1, 98.1)
(28.8, 180.7, 97.3)
(28.8, 180.7, 97.3)
(27.7, 195.0, 95.9)
(25.5, 209.7, 95.0)
    
(50.4, 155.6, 100.4)
(52.5, 156.6, 104.4)
(51.5, 163.6, 108.8)
(48.4, 172.6, 112.9)
(42.4, 181.2, 113.9)
(42.4, 181.2, 113.9)
(34.2, 189.0, 112.1)
(25.5, 197.0, 109.5)
(21.2, 205.6, 107.6)
(21.4, 213.7, 107.6)
    
(71.8, 197.8, 140.8)
(71.1, 196.5, 139.9)
(67.2, 189.4, 133.2)
(67.2, 189.4, 133.2)
(59.2, 183.3, 125.3)
(49.0, 181.7, 119.5)
(41.0, 184.8, 115.8)
(38.9, 190.2, 113.4)
(38.9, 190.2, 113.4)
(39.0, 195.5, 110.7)
    
(44.2, 172.1, 116.5)
(40.1, 175.0, 120.2)
(32.3, 177.1, 122.2)
(17.9, 183.4, 121.7)
(5.5, 196.2, 119.0)
(5.5, 196.2, 119.0)
(358.8, 209.8, 115.3)
(354.0, 221.0, 111.1)
(354.0, 224.0, 108.6)
(355.9, 224.3, 107.9)
    
(41.6, 158.6, 108.5)
(41.6, 158.6, 108.5)
(38.1, 162.1, 113.5)
(29.7, 174.6, 114.6)
(19.1, 194.0, 112.3)
(6.2, 214.4, 108.2)
(6.2, 214.4, 108.2)
(355.7, 225.2, 107.1)
(356.2, 222.8, 108.8)
(3.5, 217.5, 110.0)
    
(37.3, 156.5, 102.0)
(38.6, 158.8, 105.0)
(40.5, 159.5, 107.2)
(35.5, 165.8, 106.7)
(35.5, 165.8, 106.7)
(27.4, 176.3, 105.7)
(17.0, 191.6, 104.8)
(7.8, 208.8, 102.7)
(4.1, 220.6, 101.0)
(4.1, 220.6, 101.0)
    
(44.5, 139.4, 103.4)
(50.1, 145.5, 108.1)
(51.5, 153.3, 110.6)
(50.7, 158.8, 111.7)
(50.7, 158.8, 111.7)
(44.7, 161.7, 111.0)
(35.2, 165.1, 109.5)
(25.9, 172.2, 108.0)
(19.3, 183.6, 106.4)
(19.3, 183.6, 106.4)
    
(58.5, 182.1, 132.5)
(58.0, 194.7, 141.6)
(53.5, 201.8, 142.0)
(53.5, 201.8, 142.0)
(47.6, 208.5, 138.3)
(42.0, 211.4, 131.1)
(33.4, 213.2, 121.1)
(26.7, 212.5, 114.9)
(26.7, 212.5, 114.9)
(22.8, 212.0, 110.9)
    
(35.4, 153.5, 92.6)
(35.4, 153.5, 92.6)
(31.7, 175.7, 97.2)
(24.8, 199.5, 99.8)
(12.9, 218.4, 96.6)
(2.4, 228.3, 91.8)
(2.4, 228.3, 91.8)
(355.2, 232.3, 90.0)
(359.1, 229.9, 93.8)
(7.2, 226.6, 98.1)
    
(38.7, 143.9, 87.2)
(36.4, 143.2, 91.0)
(36.4, 143.2, 91.0)
(33.1, 146.2, 92.7)
(29.8, 155.4, 94.5)
(28.3, 166.7, 96.8)
(26.1, 176.2, 98.8)
(26.1, 176.2, 98.8)
(20.2, 183.0, 99.8)
(14.2, 189.1, 99.4)
    
(42.9, 165.5, 112.5)
(38.5, 168.9, 113.6)
(35.0, 172.2, 114.4)
(35.0, 172.2, 114.4)
(31.1, 175.2, 114.7)
(26.6, 180.3, 114.4)
(22.9, 189.0, 113.7)
(19.4, 198.8, 112.7)
(19.4, 198.8, 112.7)
(15.0, 205.9, 110.9)
    
(55.1, 161.1, 107.2)
(49.8, 161.3, 110.0)
(51.2, 163.9, 113.1)
(51.2, 163.9, 113.1)
(54.5, 167.3, 114.0)
(55.3, 168.1, 112.3)
(50.3, 168.3, 110.1)
(43.3, 172.3, 109.9)
(43.3, 172.3, 109.9)
(35.0, 179.1, 110.4)
    
(46.2, 151.6, 98.8)
(49.8, 155.6, 102.7)
(50.1, 159.3, 105.8)
(45.5, 164.0, 107.2)
(38.6, 168.6, 107.8)
(38.6, 168.6, 107.8)
(31.9, 175.2, 108.5)
(24.9, 184.2, 108.8)
(19.4, 192.9, 108.9)
(14.4, 202.1, 108.4)
    
(59.4, 161.7, 98.6)
(52.0, 155.6, 96.2)
(52.9, 153.0, 97.7)
(52.9, 153.0, 97.7)
(60.2, 154.4, 104.0)
(66.8, 163.3, 113.0)
(67.6, 174.8, 119.1)
(65.2, 182.4, 118.6)
(65.2, 182.4, 118.6)
(56.9, 184.6, 114.3)
    
(42.2, 144.3, 100.2)
(40.1, 153.5, 103.1)
(38.0, 164.7, 105.8)
(38.0, 164.7, 105.8)
(35.8, 175.4, 108.0)
(32.3, 183.8, 109.9)
(26.7, 190.2, 111.2)
(19.8, 195.5, 111.2)
(19.8, 195.5, 111.2)
(16.7, 200.4, 111.4)
    
(48.5, 163.7, 114.4)
(46.2, 170.2, 117.1)
(41.3, 174.4, 118.4)
(41.3, 174.4, 118.4)
(33.8, 177.6, 118.8)
(26.0, 181.6, 118.5)
(20.9, 187.9, 118.0)
(17.1, 197.8, 117.6)
(17.1, 197.8, 117.6)
(14.0, 206.5, 115.9)
    
(75.0, 235.7, 180.2)
(74.2, 240.8, 178.7)
(74.2, 240.8, 178.7)
(69.9, 222.1, 151.5)
(59.3, 208.5, 128.9)
(44.7, 205.0, 116.6)
(44.7, 205.0, 116.6)
(32.2, 207.5, 109.8)
(25.8, 213.5, 107.0)
(22.0, 220.7, 106.0)
    
(64.0, 163.1, 115.6)
(54.5, 177.4, 122.3)
(41.7, 190.4, 124.4)
(41.7, 190.4, 124.4)
(29.4, 202.3, 123.0)
(17.8, 212.3, 119.8)
(11.3, 219.9, 117.4)
(11.9, 224.9, 116.9)
(11.9, 224.9, 116.9)
(14.6, 227.7, 117.9)
    
(60.6, 150.5, 114.0)
(53.6, 157.3, 116.6)
(42.7, 165.0, 116.8)
(31.4, 177.6, 118.1)
(23.2, 192.0, 118.7)
(23.2, 192.0, 118.7)
(16.4, 209.2, 117.8)
(14.0, 217.8, 115.3)
(12.5, 222.4, 113.0)
(11.6, 220.6, 111.7)
    
(64.2, 156.6, 115.3)
(67.3, 173.7, 132.0)
(67.3, 173.7, 132.0)
(62.5, 179.5, 134.5)
(52.4, 179.7, 130.0)
(37.7, 181.2, 124.9)
(26.9, 186.2, 121.3)
(26.9, 186.2, 121.3)
(19.3, 195.4, 117.3)
(16.0, 203.2, 115.5)
    
(54.3, 148.0, 102.6)
(60.6, 161.9, 113.0)
(60.6, 161.9, 113.0)
(60.7, 176.7, 121.7)
(53.5, 186.2, 124.1)
(39.6, 192.1, 120.9)
(28.6, 199.9, 117.4)
(28.6, 199.9, 117.4)
(19.9, 209.8, 113.8)
(14.3, 218.4, 111.6)
    
(31.1, 168.9, 104.0)
(23.7, 171.7, 106.7)
(16.7, 177.1, 108.4)
(11.0, 187.8, 109.2)
(11.0, 187.8, 109.2)
(7.7, 199.9, 109.1)
(4.5, 212.0, 108.0)
(4.5, 219.6, 107.0)
(7.6, 223.4, 107.0)
(7.6, 223.4, 107.0)
    
(46.2, 174.5, 113.8)
(38.4, 177.2, 112.7)
(38.4, 177.2, 112.7)
(28.8, 183.0, 111.3)
(16.6, 193.6, 109.9)
(9.2, 206.1, 109.2)
(7.3, 214.2, 110.7)
(7.3, 214.2, 110.7)
(9.9, 214.5, 112.3)
(13.0, 211.2, 112.4)
    
(36.9, 174.5, 112.7)
(36.9, 174.5, 112.7)
(26.7, 182.3, 111.5)
(15.8, 189.5, 110.6)
(9.2, 196.1, 110.4)
(6.1, 202.2, 111.0)
(6.1, 202.2, 111.0)
(3.8, 208.5, 112.0)
(2.1, 214.6, 112.8)
(1.0, 219.6, 113.6)
    
(57.3, 164.2, 108.1)
(50.3, 168.5, 105.2)
(43.6, 176.3, 105.0)
(37.0, 184.8, 106.1)
(37.0, 184.8, 106.1)
(29.5, 191.6, 107.2)
(21.5, 195.9, 106.6)
(15.5, 199.3, 105.0)
(13.0, 202.9, 104.6)
(13.0, 202.9, 104.6)
    
(40.3, 144.3, 105.2)
(41.1, 149.0, 110.3)
(41.1, 149.0, 110.3)
(37.9, 158.5, 115.6)
(32.1, 170.9, 120.6)
(26.7, 181.5, 121.6)
(21.2, 191.7, 119.7)
(21.2, 191.7, 119.7)
(17.0, 199.7, 116.1)
(15.1, 205.5, 114.2)
    
(68.0, 124.4, 77.4)
(65.5, 131.9, 86.6)
(60.6, 139.2, 92.6)
(52.5, 146.2, 97.1)
(52.5, 146.2, 97.1)
(43.3, 152.3, 101.3)
(33.4, 157.6, 103.8)
(28.7, 163.4, 105.3)
(28.7, 163.4, 105.3)
(26.7, 170.6, 107.5)
    
(53.2, 154.4, 111.6)
(53.4, 162.1, 117.8)
(48.2, 168.1, 120.9)
(39.7, 173.4, 121.4)
(31.4, 179.5, 120.5)
(31.4, 179.5, 120.5)
(23.1, 189.0, 118.2)
(20.1, 195.2, 115.6)
(17.5, 201.0, 112.3)
(17.5, 201.0, 112.3)
    
(48.3, 152.0, 117.7)
(41.6, 158.4, 118.4)
(36.4, 171.7, 122.0)
(36.4, 171.7, 122.0)
(32.3, 187.4, 126.2)
(28.7, 198.7, 129.6)
(27.1, 202.6, 129.4)
(26.9, 202.7, 126.7)
(26.9, 202.7, 126.7)
(27.2, 202.4, 124.8)
    
(73.5, 142.2, 100.0)
(72.0, 161.0, 117.6)
(67.9, 175.6, 130.3)
(67.9, 175.6, 130.3)
(62.4, 184.0, 135.2)
(55.9, 190.7, 136.1)
(46.7, 195.1, 133.8)
(35.6, 199.7, 129.5)
(35.6, 199.7, 129.5)
(28.2, 204.6, 127.2)
    
(51.2, 171.2, 119.3)
(49.2, 177.9, 123.3)
(49.2, 177.9, 123.3)
(42.8, 180.9, 122.5)
(35.0, 183.6, 120.9)
(30.3, 189.1, 120.7)
(30.6, 196.6, 121.3)
(30.6, 196.6, 121.3)
(32.8, 204.3, 122.8)
(35.5, 206.6, 123.2)
    
(65.0, 170.1, 121.6)
(59.0, 177.9, 124.8)
(47.0, 177.8, 122.8)
(32.8, 174.2, 119.6)
(19.4, 171.3, 117.8)
(19.4, 171.3, 117.8)
(9.9, 171.3, 116.3)
(11.0, 177.3, 117.3)
(16.5, 186.2, 120.8)
(18.7, 191.2, 123.6)
    
(68.1, 167.6, 119.2)
(65.5, 175.7, 131.0)
(65.5, 175.7, 131.0)
(60.2, 180.0, 136.4)
(51.2, 181.8, 135.1)
(40.4, 186.1, 132.9)
(30.8, 194.1, 130.3)
(30.8, 194.1, 130.3)
(23.4, 202.1, 126.7)
(17.4, 208.2, 122.7)
    
(54.1, 151.4, 114.4)
(47.5, 162.0, 117.3)
(38.5, 170.6, 118.1)
(30.0, 178.2, 118.4)
(30.0, 178.2, 118.4)
(23.9, 186.2, 118.8)
(20.9, 192.7, 119.3)
(19.1, 197.5, 120.2)
(17.3, 201.5, 120.9)
(15.1, 205.2, 121.5)
    
(70.3, 173.2, 118.1)
(60.8, 185.5, 122.9)
(44.7, 192.6, 120.3)
(28.0, 201.6, 115.1)
(15.8, 214.8, 109.8)
(15.8, 214.8, 109.8)
(9.9, 226.1, 107.0)
(5.4, 235.9, 106.5)
(3.9, 238.6, 108.2)
(5.2, 238.9, 110.6)
    
(52.4, 136.9, 99.1)
(25.8, 153.7, 105.6)
(1.5, 169.0, 101.7)
(359.3, 183.6, 98.0)
(359.3, 183.6, 98.0)
(9.3, 193.2, 102.7)
(16.5, 199.3, 108.4)
(22.4, 203.0, 113.4)
(25.9, 204.1, 115.5)
(25.9, 204.1, 115.5)
    
(70.0, 157.7, 117.8)
(61.8, 162.4, 119.6)
(52.6, 166.6, 118.5)
(45.4, 173.9, 118.2)
(45.4, 173.9, 118.2)
(41.7, 181.9, 118.7)
(38.8, 188.4, 118.4)
(35.4, 192.0, 117.1)
(31.3, 194.6, 115.2)
(27.7, 197.2, 113.4)
    
(60.1, 145.1, 105.9)
(52.1, 155.6, 109.8)
(52.1, 155.6, 109.8)
(39.8, 164.3, 110.1)
(27.0, 174.4, 109.7)
(17.0, 186.3, 109.7)
(11.4, 199.9, 110.2)
(11.4, 199.9, 110.2)
(10.8, 208.1, 110.8)
(10.8, 212.8, 110.6)
    
(65.4, 140.9, 103.3)
(71.2, 155.9, 111.2)
(66.5, 171.9, 118.8)
(66.5, 171.9, 118.8)
(55.0, 185.1, 121.7)
(40.0, 198.5, 120.7)
(25.4, 216.8, 116.2)
(16.6, 233.7, 109.1)
(16.6, 233.7, 109.1)
(11.1, 247.7, 102.8)
    
(50.2, 151.7, 112.7)
(46.6, 163.5, 122.8)
(32.4, 169.2, 123.4)
(32.4, 169.2, 123.4)
(17.8, 174.6, 119.5)
(7.9, 183.7, 114.8)
(3.1, 196.4, 109.3)
(3.5, 202.2, 108.0)
(3.5, 202.2, 108.0)
(5.6, 201.4, 108.2)
    
(46.1, 142.3, 94.5)
(46.6, 149.9, 102.9)
(48.1, 160.1, 110.4)
(48.1, 160.1, 110.4)
(46.7, 171.5, 114.2)
(40.9, 179.7, 114.2)
(30.9, 186.4, 112.7)
(20.6, 195.1, 110.7)
(20.6, 195.1, 110.7)
(14.2, 207.1, 107.8)
    
(20.3, 155.7, 108.1)
(14.0, 165.9, 109.9)
(5.1, 177.6, 109.4)
(354.4, 188.9, 106.1)
(354.4, 188.9, 106.1)
(351.0, 196.0, 103.4)
(351.9, 201.0, 102.8)
(356.5, 204.4, 103.7)
(1.1, 203.2, 103.2)
(1.1, 203.2, 103.2)
    
(39.3, 156.6, 114.7)
(39.3, 156.6, 114.7)
(32.8, 161.2, 114.1)
(29.3, 169.4, 113.4)
(28.0, 180.3, 113.3)
(27.4, 191.4, 114.2)
(27.4, 191.4, 114.2)
(24.7, 197.9, 115.0)
(20.1, 201.1, 115.3)
(17.6, 200.8, 113.2)
    
(46.6, 155.7, 107.4)
(41.7, 165.4, 112.0)
(33.0, 175.6, 114.7)
(33.0, 175.6, 114.7)
(23.0, 185.6, 115.3)
(14.8, 194.4, 113.8)
(7.4, 202.0, 109.4)
(3.2, 205.6, 105.6)
(3.2, 205.6, 105.6)
(1.0, 206.9, 103.7)
    
(66.6, 164.2, 114.6)
(60.2, 171.9, 119.8)
(51.1, 179.1, 124.1)
(40.8, 186.3, 126.3)
(32.5, 194.3, 125.4)
(32.5, 194.3, 125.4)
(20.9, 205.2, 117.2)
(20.9, 205.2, 117.2)
(15.8, 206.5, 113.3)
(12.7, 207.0, 111.7)
    
(48.4, 141.1, 91.6)
(52.6, 154.7, 101.8)
(50.6, 176.4, 115.3)
(41.2, 191.5, 118.3)
(41.2, 191.5, 118.3)
(28.6, 203.3, 113.2)
(17.0, 212.7, 104.5)
(10.5, 219.3, 98.8)
(12.0, 222.9, 98.5)
(12.0, 222.9, 98.5)
    
(30.7, 143.6, 103.0)
(26.2, 150.1, 110.5)
(22.1, 161.7, 115.3)
(17.8, 177.6, 118.0)
(17.8, 177.6, 118.0)
(12.6, 191.9, 117.4)
(6.0, 202.1, 113.8)
(359.9, 209.8, 109.0)
(357.2, 216.2, 105.5)
(357.2, 216.2, 105.5)
    
(41.3, 150.3, 100.0)
(42.8, 157.3, 106.5)
(42.8, 157.3, 106.5)
(40.6, 165.9, 112.3)
(32.9, 173.6, 114.6)
(20.4, 181.7, 113.0)
(11.8, 189.6, 109.3)
(11.8, 189.6, 109.3)
(8.0, 197.4, 105.9)
(9.4, 201.8, 105.6)
    
(71.3, 193.9, 109.0)
(64.4, 190.5, 106.5)
(59.8, 191.8, 107.9)
(59.8, 191.8, 107.9)
(57.0, 194.5, 111.0)
(57.3, 200.8, 116.1)
(57.0, 206.8, 120.4)
(55.4, 210.4, 122.2)
(55.4, 210.4, 122.2)
(49.6, 210.6, 120.6)
    
(54.4, 177.4, 117.8)
(56.6, 184.4, 126.4)
(53.8, 189.7, 131.2)
(44.8, 191.5, 130.1)
(44.8, 191.5, 130.1)
(32.2, 195.4, 127.2)
(23.5, 201.4, 123.8)
(15.9, 208.1, 120.1)
(15.9, 208.1, 120.1)
(9.7, 211.7, 117.8)
    
(54.5, 167.9, 109.8)
(54.0, 174.0, 110.7)
(49.7, 179.0, 110.7)
(49.7, 179.0, 110.7)
(42.4, 182.3, 109.2)
(33.3, 185.2, 107.3)
(26.3, 187.0, 105.2)
(21.4, 188.6, 103.6)
(21.4, 188.6, 103.6)
(20.5, 189.4, 103.4)
    
(47.4, 161.4, 105.8)
(45.8, 167.6, 111.8)
(38.7, 171.5, 114.8)
(38.7, 171.5, 114.8)
(28.1, 174.6, 114.7)
(18.2, 180.1, 113.5)
(11.2, 187.5, 111.7)
(9.6, 195.1, 109.9)
(9.6, 195.1, 109.9)
(12.3, 198.9, 109.9)
    
(66.2, 173.5, 118.5)
(62.4, 187.8, 128.7)
(54.4, 199.6, 134.2)
(43.2, 204.2, 133.3)
(30.3, 208.4, 130.9)
(30.3, 208.4, 130.9)
(21.7, 214.1, 127.7)
(19.1, 218.8, 124.9)
(19.8, 218.9, 122.8)
(21.5, 213.5, 120.6)
    
(78.4, 204.1, 171.7)
(70.7, 182.0, 141.0)
(59.1, 179.1, 128.5)
(47.6, 181.0, 124.9)
(47.6, 181.0, 124.9)
(35.5, 184.6, 122.1)
(27.3, 191.5, 120.8)
(21.6, 202.6, 120.3)
(21.6, 202.6, 120.3)
(18.3, 208.5, 120.7)
    
(57.1, 172.9, 122.0)
(42.6, 178.3, 122.9)
(27.2, 184.9, 121.4)
(27.2, 184.9, 121.4)
(17.8, 195.1, 119.4)
(13.5, 206.3, 116.6)
(11.5, 210.7, 115.2)
(8.9, 211.9, 115.0)
(8.9, 211.9, 115.0)
(7.6, 209.7, 114.5)
    
(75.5, 160.7, 110.7)
(72.7, 162.8, 114.4)
(68.0, 162.7, 116.3)
(59.4, 160.4, 117.3)
(59.4, 160.4, 117.3)
(50.5, 162.2, 119.5)
(41.5, 167.1, 122.8)
(34.6, 176.5, 127.8)
(30.8, 186.4, 131.4)
(30.8, 186.4, 131.4)
    
(54.4, 162.1, 97.8)
(52.7, 149.6, 96.9)
(58.8, 149.3, 103.6)
(58.8, 149.3, 103.6)
(63.9, 147.8, 107.8)
(55.6, 157.6, 112.3)
(43.2, 168.9, 115.8)
(29.2, 181.5, 118.2)
(29.2, 181.5, 118.2)
(16.5, 192.6, 117.8)
    
(67.3, 187.2, 123.4)
(63.9, 191.6, 125.9)
(59.6, 193.5, 124.1)
(59.6, 193.5, 124.1)
(53.9, 193.7, 119.9)
(46.6, 194.7, 115.7)
(38.4, 197.4, 112.1)
(30.9, 203.3, 109.6)
(30.9, 203.3, 109.6)
(25.6, 210.9, 107.8)
    
(74.8, 221.9, 175.7)
(70.6, 238.8, 195.1)
(68.8, 235.6, 192.8)
(68.8, 235.6, 192.8)
(68.0, 210.9, 164.0)
(58.3, 183.1, 129.6)
(42.1, 180.1, 121.0)
(34.0, 184.7, 119.3)
(34.0, 184.7, 119.3)
(26.1, 191.6, 116.8)
    
(76.9, 121.8, 89.7)
(75.9, 140.7, 103.7)
(64.9, 164.6, 120.1)
(46.8, 179.6, 125.5)
(31.4, 190.5, 122.1)
(31.4, 190.5, 122.1)
(18.8, 201.3, 114.1)
(6.4, 209.5, 107.3)
(358.9, 213.7, 105.2)
(357.8, 214.8, 108.1)
    
(56.1, 172.6, 118.2)
(46.9, 186.4, 126.3)
(31.9, 192.6, 126.7)
(15.0, 198.4, 120.1)
(15.0, 198.4, 120.1)
(0.5, 207.3, 110.4)
(352.2, 214.0, 104.1)
(345.3, 215.5, 102.7)
(349.3, 208.6, 104.1)
(349.3, 208.6, 104.1)
    
(62.8, 156.3, 118.0)
(62.9, 157.5, 123.4)
(55.3, 153.8, 119.6)
(40.0, 156.1, 115.9)
(32.1, 167.9, 116.3)
(32.1, 167.9, 116.3)
(28.2, 184.3, 117.9)
(21.5, 194.9, 120.2)
(12.4, 196.1, 119.5)
(6.3, 194.7, 117.2)
    
(69.1, 148.7, 108.6)
(67.5, 174.1, 128.7)
(57.5, 181.2, 131.3)
(43.8, 181.8, 125.5)
(32.1, 187.2, 118.7)
(32.1, 187.2, 118.7)
(22.2, 195.9, 113.5)
(11.5, 203.0, 110.8)
(4.4, 204.9, 111.1)
(4.2, 204.0, 112.3)
    
(82.3, 151.7, 102.1)
(79.7, 176.4, 126.2)
(77.2, 202.4, 149.7)
(71.2, 212.4, 157.6)
(60.8, 208.5, 151.3)
(60.8, 208.5, 151.3)
(47.0, 203.8, 143.1)
(30.7, 202.8, 133.1)
(19.0, 206.3, 125.4)
(12.2, 211.1, 118.6)
    
(47.9, 149.5, 106.5)
(38.0, 162.5, 112.4)
(24.6, 176.3, 114.0)
(24.6, 176.3, 114.0)
(11.7, 194.4, 111.5)
(3.6, 209.0, 106.9)
(359.9, 214.8, 104.0)
(356.7, 215.7, 102.6)
(356.7, 215.7, 102.6)
(356.5, 212.9, 103.2)
    
(72.4, 185.0, 136.9)
(62.9, 189.4, 133.6)
(48.8, 196.9, 131.5)
(48.8, 196.9, 131.5)
(35.8, 200.2, 126.5)
(20.1, 204.2, 118.2)
(15.6, 206.2, 112.3)
(15.7, 205.7, 108.7)
(15.7, 205.7, 108.7)
(18.3, 201.0, 107.0)
    
(70.4, 144.4, 108.3)
(61.2, 155.5, 114.1)
(47.8, 162.2, 115.8)
(47.8, 162.2, 115.8)
(36.5, 167.7, 116.7)
(25.3, 174.3, 116.5)
(18.3, 180.3, 116.7)
(13.7, 185.7, 117.4)
(13.7, 185.7, 117.4)
(12.1, 190.1, 118.6)
    
(72.7, 140.1, 90.1)
(67.9, 182.9, 123.9)
(52.6, 199.2, 129.1)
(38.1, 203.9, 122.1)
(24.1, 208.2, 115.5)
(24.1, 208.2, 115.5)
(11.4, 214.4, 111.8)
(12.7, 215.2, 113.1)
(17.9, 215.4, 115.1)
(22.6, 214.1, 116.0)
    
(70.7, 347.0, 313.4)
(70.7, 347.0, 313.4)
(66.4, 359.9, 320.0)
(73.6, 172.3, 105.8)
(39.6, 210.3, 112.3)
(39.6, 210.3, 112.3)
(25.4, 240.2, 103.2)
(20.6, 261.7, 98.1)
(11.3, 266.1, 98.0)
(4.2, 258.1, 99.3)
    
(76.8, 290.8, 249.0)
(74.9, 219.7, 164.3)
(54.1, 206.0, 133.3)
(38.8, 215.9, 121.3)
(38.8, 215.9, 121.3)
(31.8, 230.7, 111.1)
(29.3, 237.1, 106.6)
(27.5, 239.2, 104.1)
(26.5, 239.6, 102.4)
(26.5, 239.6, 102.4)
    
(54.7, 153.0, 115.2)
(54.7, 153.0, 115.2)
(44.7, 165.2, 111.1)
(37.7, 186.0, 111.0)
(29.7, 208.9, 112.3)
(20.1, 228.6, 110.7)
(20.1, 228.6, 110.7)
(10.2, 251.9, 101.7)
(10.3, 265.5, 92.1)
(10.3, 272.7, 88.1)
    
(50.7, 156.5, 111.3)
(42.0, 166.7, 116.6)
(35.1, 181.4, 120.1)
(30.9, 198.3, 120.6)
(30.9, 198.3, 120.6)
(27.0, 209.4, 116.9)
(23.2, 212.6, 111.9)
(21.0, 213.1, 108.2)
(18.6, 212.1, 106.3)
(18.6, 212.1, 106.3)
    
(70.5, 171.9, 118.6)
(64.8, 184.8, 127.1)
(54.4, 191.2, 128.8)
(54.4, 191.2, 128.8)
(41.5, 195.2, 126.1)
(29.8, 200.1, 121.5)
(24.9, 206.7, 118.2)
(24.8, 211.5, 117.9)
(24.8, 211.5, 117.9)
(26.5, 211.6, 119.4)
    
(67.6, 193.7, 131.7)
(57.8, 190.4, 125.4)
(47.6, 192.3, 122.0)
(37.2, 198.6, 120.0)
(37.2, 198.6, 120.0)
(32.4, 207.2, 119.2)
(29.5, 215.8, 119.9)
(28.2, 218.1, 120.3)
(26.4, 218.1, 119.7)
(26.4, 218.1, 119.7)
    
(59.4, 150.9, 108.2)
(60.5, 168.4, 120.3)
(58.9, 187.2, 130.9)
(58.9, 187.2, 130.9)
(47.1, 193.5, 128.0)
(28.2, 198.7, 122.5)
(12.7, 206.9, 116.3)
(12.5, 214.5, 113.0)
(12.5, 214.5, 113.0)
(17.5, 215.7, 112.0)
    
(51.4, 172.0, 127.1)
(40.6, 187.4, 133.0)
(40.6, 187.4, 133.0)
(29.5, 207.2, 134.6)
(15.1, 228.3, 133.6)
(358.6, 240.6, 129.1)
(351.7, 239.4, 125.0)
(351.7, 239.4, 125.0)
(354.8, 228.0, 121.1)
(2.6, 215.7, 116.9)
    
(72.1, 184.3, 143.1)
(59.9, 192.7, 141.1)
(59.9, 192.7, 141.1)
(44.4, 200.2, 133.3)
(28.2, 206.6, 122.9)
(22.3, 210.1, 116.6)
(24.8, 210.4, 115.4)
(24.8, 210.4, 115.4)
(28.3, 207.5, 115.7)
(31.0, 201.3, 115.0)
    
(57.7, 160.0, 107.1)
(44.2, 173.4, 111.1)
(44.2, 173.4, 111.1)
(29.1, 184.8, 111.9)
(16.8, 195.6, 108.6)
(11.4, 203.6, 103.4)
(8.4, 210.6, 99.2)
(8.4, 210.6, 99.2)
(8.0, 209.7, 100.1)
(9.3, 207.3, 101.4)
    
(75.7, 172.8, 126.8)
(71.7, 178.6, 132.6)
(71.7, 178.6, 132.6)
(62.6, 176.1, 128.2)
(51.1, 176.0, 124.2)
(40.7, 180.1, 122.1)
(35.0, 188.2, 121.0)
(35.0, 188.2, 121.0)
(32.5, 195.9, 119.2)
(29.5, 199.4, 115.6)
    
(61.2, 162.7, 124.7)
(63.3, 178.6, 136.8)
(63.3, 178.6, 136.8)
(58.9, 190.4, 143.8)
(49.1, 193.8, 140.4)
(36.6, 197.6, 134.2)
(24.4, 204.5, 124.5)
(24.4, 204.5, 124.5)
(19.5, 210.0, 116.1)
(16.9, 213.6, 110.3)
    
(76.8, 154.2, 124.6)
(64.8, 171.4, 133.5)
(50.0, 179.8, 133.0)
(30.7, 187.0, 128.0)
(16.7, 193.0, 121.5)
(16.7, 193.0, 121.5)
(7.9, 199.8, 114.0)
(7.2, 207.2, 109.4)
(9.7, 213.2, 110.6)
(11.1, 215.5, 113.8)
    
(53.9, 137.0, 90.0)
(51.9, 152.9, 100.6)
(48.4, 175.8, 116.9)
(48.4, 175.8, 116.9)
(36.0, 194.9, 127.9)
(20.3, 205.2, 127.1)
(5.6, 215.1, 119.4)
(2.2, 221.9, 113.5)
(2.2, 221.9, 113.5)
(2.0, 228.0, 111.2)
    
/n
(68.6, 137.0, 99.2)
(64.5, 158.7, 112.9)
(60.1, 180.9, 122.4)
(51.4, 191.2, 121.2)
(38.0, 194.8, 112.8)
(38.0, 194.8, 112.8)
(24.6, 199.5, 100.0)
(17.4, 205.9, 88.8)
(13.0, 214.3, 78.2)
(11.2, 219.9, 75.3)
    
(57.4, 143.1, 99.5)
(57.4, 143.1, 99.5)
(54.6, 158.6, 110.1)
(45.6, 177.6, 116.9)
(34.2, 194.1, 115.8)
(22.1, 210.8, 108.1)
(22.1, 210.8, 108.1)
(12.0, 223.2, 96.6)
(9.3, 224.6, 90.9)
(14.2, 221.4, 90.6)
    
(37.6, 151.9, 97.5)
(32.2, 159.3, 101.7)
(32.2, 159.3, 101.7)
(24.3, 168.7, 105.1)
(14.2, 179.9, 103.7)
(4.5, 190.1, 99.9)
(356.2, 200.1, 94.4)
(356.9, 205.9, 91.4)
(356.9, 205.9, 91.4)
(2.8, 205.3, 91.5)
    
(49.5, 170.4, 88.5)
(46.4, 165.3, 87.8)
(51.0, 164.4, 88.6)
(51.0, 164.4, 88.6)
(60.4, 164.7, 91.7)
(62.8, 174.0, 99.3)
(58.8, 186.8, 106.4)
(48.0, 198.7, 108.4)
(48.0, 198.7, 108.4)
(32.1, 211.5, 104.7)
    
(44.7, 176.2, 109.8)
(44.7, 176.2, 109.8)
(36.3, 180.0, 108.6)
(23.3, 184.9, 104.5)
(11.9, 188.6, 101.0)
(357.5, 193.3, 96.7)
(357.5, 193.3, 96.7)
(349.0, 197.4, 93.9)
(350.8, 198.9, 93.0)
(357.8, 198.8, 93.2)
    
(46.4, 156.0, 100.9)
(37.3, 157.2, 100.4)
(29.4, 162.2, 99.9)
(24.6, 170.2, 99.6)
(24.6, 170.2, 99.6)
(22.0, 180.7, 99.6)
(20.0, 191.2, 100.5)
(17.8, 198.4, 101.3)
(17.0, 199.7, 101.2)
(17.8, 198.6, 100.5)
    
(65.4, 166.2, 105.7)
(64.2, 168.5, 108.1)
(57.9, 173.5, 110.2)
(50.7, 178.5, 110.9)
(50.7, 178.5, 110.9)
(40.1, 183.8, 108.7)
(27.7, 187.4, 105.1)
(14.7, 190.4, 101.4)
(1.7, 193.6, 97.1)
(1.7, 193.6, 97.1)
    
(68.9, 152.1, 100.7)
(65.0, 166.0, 109.4)
(65.0, 166.0, 109.4)
(54.1, 174.1, 111.3)
(40.0, 179.7, 110.4)
(25.5, 186.0, 109.3)
(16.3, 194.1, 108.5)
(16.3, 194.1, 108.5)
(15.8, 203.0, 108.8)
(18.6, 213.1, 110.2)
    
(65.6, 142.8, 86.4)
(67.9, 158.6, 100.1)
(61.6, 176.3, 110.7)
(49.9, 191.3, 113.1)
(49.9, 191.3, 113.1)
(42.1, 202.4, 110.5)
(35.1, 215.3, 105.6)
(31.0, 228.8, 102.0)
(30.3, 236.6, 102.1)
(30.3, 236.6, 102.1)
    
(81.4, 205.2, 155.8)
(75.8, 204.6, 152.8)
(67.7, 198.3, 140.3)
(67.7, 198.3, 140.3)
(58.0, 199.0, 131.2)
(44.7, 204.1, 123.1)
(30.9, 210.3, 118.4)
(30.9, 210.3, 118.4)
(22.6, 216.2, 116.4)
(19.2, 222.3, 115.3)
    
(40.1, 142.7, 107.8)
(30.0, 153.2, 112.9)
(30.0, 153.2, 112.9)
(19.8, 165.3, 116.1)
(9.1, 178.7, 119.1)
(359.1, 191.5, 120.7)
(355.1, 199.7, 120.6)
(355.1, 199.7, 120.6)
(355.1, 204.0, 119.9)
(357.9, 204.1, 119.3)
    
(53.4, 136.1, 98.5)
(44.1, 148.1, 106.5)
(31.9, 158.1, 109.0)
(21.6, 169.7, 107.8)
(14.6, 184.3, 105.1)
(11.9, 193.4, 105.3)
(11.9, 193.4, 105.3)
(8.7, 196.6, 105.7)
(2.6, 197.2, 104.3)
(0.2, 198.9, 103.2)
    
(38.0, 145.0, 104.9)
(27.7, 158.6, 109.9)
(27.7, 158.6, 109.9)
(17.4, 172.8, 109.5)
(7.8, 186.3, 107.6)
(356.9, 199.9, 103.0)
(350.5, 206.2, 102.8)
(350.5, 206.2, 102.8)
(347.0, 206.8, 105.8)
(350.4, 204.1, 108.5)
    
(41.7, 148.1, 88.2)
(37.8, 153.9, 92.5)
(30.9, 162.7, 97.3)
(23.7, 173.2, 99.0)
(16.4, 185.5, 98.4)
(16.4, 185.5, 98.4)
(9.4, 197.9, 96.3)
(4.8, 207.2, 95.8)
(2.1, 210.5, 96.0)
(0.8, 210.3, 96.1)
    
(62.1, 156.0, 96.8)
(56.1, 172.6, 104.9)
(56.1, 172.6, 104.9)
(49.9, 186.3, 108.4)
(45.0, 198.9, 109.5)
(39.6, 210.6, 108.0)
(39.6, 210.6, 108.0)
(37.8, 220.1, 108.4)
(33.7, 226.1, 108.4)
(31.8, 225.2, 107.0)
    
(54.9, 146.9, 78.3)
(50.0, 158.6, 86.8)
(44.9, 172.7, 93.1)
(42.0, 189.7, 96.9)
(42.0, 189.7, 96.9)
(39.9, 210.8, 100.2)
(33.7, 231.5, 102.3)
(28.6, 240.1, 102.0)
(25.4, 243.2, 101.6)
(25.4, 243.2, 101.6)
    
(81.2, 193.0, 133.9)
(73.4, 183.2, 123.2)
(66.6, 181.5, 119.6)
(63.2, 185.5, 119.1)
(60.3, 192.1, 119.3)
(60.3, 192.1, 119.3)
(54.0, 196.8, 115.5)
(48.2, 200.4, 112.1)
(42.5, 205.9, 107.8)
(35.8, 213.0, 103.6)
    
(68.0, 163.4, 112.6)
(53.9, 174.2, 108.2)
(41.8, 186.1, 105.7)
(27.7, 198.0, 104.3)
(16.3, 207.0, 104.8)
(16.3, 207.0, 104.8)
(10.7, 213.0, 105.9)
(10.1, 215.3, 106.2)
(11.6, 214.8, 106.5)
(11.6, 214.8, 106.5)
    
(79.8, 259.5, 215.1)
(75.6, 218.4, 164.3)
(64.5, 202.6, 135.0)
(54.9, 209.1, 125.7)
(48.1, 220.6, 121.6)
(48.1, 220.6, 121.6)
(40.2, 227.6, 116.9)
(35.8, 228.8, 115.2)
(32.2, 225.7, 112.2)
(30.9, 223.0, 110.5)
    
(65.9, 141.8, 97.3)
(53.5, 161.8, 108.3)
(39.1, 177.7, 108.9)
(39.1, 177.7, 108.9)
(26.7, 196.5, 104.0)
(19.9, 210.7, 101.2)
(14.4, 219.8, 100.6)
(9.2, 224.4, 101.8)
(9.2, 224.4, 101.8)
(7.6, 223.8, 101.8)
    
(57.0, 175.3, 128.7)
(47.1, 185.4, 127.8)
(38.7, 202.1, 124.3)
(31.9, 219.2, 119.5)
(20.7, 229.1, 113.5)
(20.7, 229.1, 113.5)
(11.5, 230.2, 110.3)
(8.2, 226.5, 108.5)
(13.7, 221.2, 107.0)
(21.9, 216.5, 106.5)
    
(60.7, 159.0, 106.0)
(53.2, 170.5, 106.8)
(53.2, 170.5, 106.8)
(42.9, 185.8, 106.6)
(32.8, 192.8, 104.9)
(20.8, 198.7, 102.0)
(13.1, 203.4, 99.0)
(13.1, 203.4, 99.0)
(12.6, 206.7, 97.9)
(15.1, 208.2, 99.1)
    
(52.4, 152.8, 103.2)
(45.6, 167.5, 102.8)
(40.9, 184.7, 101.7)
(35.0, 202.8, 102.9)
(35.0, 202.8, 102.9)
(28.3, 216.1, 103.5)
(24.5, 221.2, 101.0)
(22.6, 222.1, 98.2)
(22.6, 221.0, 97.0)
(22.6, 221.0, 97.0)
    
(54.1, 140.0, 104.7)
(46.9, 145.9, 110.8)
(46.9, 145.9, 110.8)
(37.0, 154.7, 114.2)
(29.3, 166.9, 113.6)
(22.5, 187.2, 111.3)
(19.7, 197.8, 108.0)
(19.7, 197.8, 108.0)
(17.9, 205.0, 105.2)
(15.9, 203.2, 104.3)
    
(70.0, 179.9, 119.6)
(56.5, 178.8, 114.5)
(56.5, 178.8, 114.5)
(43.0, 182.7, 111.8)
(33.9, 189.1, 109.9)
(27.3, 198.8, 106.7)
(27.3, 198.8, 106.7)
(23.5, 208.4, 103.9)
(19.1, 215.2, 102.3)
(13.9, 217.4, 101.6)
    
(55.0, 162.3, 124.3)
(55.0, 162.3, 124.3)
(47.1, 173.7, 126.5)
(39.0, 185.1, 122.8)
(30.1, 195.2, 116.2)
(19.6, 202.0, 110.4)
(19.6, 202.0, 110.4)
(12.6, 204.7, 107.4)
(9.8, 205.7, 106.0)
(9.9, 205.9, 106.1)
    
(72.6, 190.5, 145.1)
(65.9, 180.3, 134.0)
(55.3, 176.2, 128.6)
(44.4, 175.2, 125.1)
(33.3, 175.8, 120.2)
(33.3, 175.8, 120.2)
(25.0, 179.5, 113.0)
(17.9, 186.0, 104.5)
(10.6, 193.2, 99.2)
(5.9, 196.9, 100.0)
    
(58.7, 149.9, 117.8)
(58.7, 149.9, 117.8)
(52.9, 159.6, 126.9)
(46.0, 170.6, 133.6)
(39.7, 181.2, 133.5)
(36.9, 196.7, 131.5)
(36.9, 196.7, 131.5)
(34.2, 204.7, 126.2)
(27.1, 204.1, 117.1)
(8.8, 198.6, 109.7)
    
(44.7, 137.8, 98.5)
(47.6, 153.4, 110.8)
(46.6, 172.1, 119.2)
(39.8, 186.9, 118.4)
(30.9, 194.3, 112.3)
(30.9, 194.3, 112.3)
(20.1, 201.4, 106.3)
(12.6, 206.2, 101.8)
(11.7, 205.5, 100.5)
(13.8, 201.2, 100.2)
    
(76.3, 276.5, 229.7)
(66.2, 279.5, 238.6)
(68.1, 268.4, 229.5)
(72.7, 226.5, 182.1)
(72.7, 226.5, 182.1)
(62.2, 189.0, 138.2)
(47.9, 184.1, 125.8)
(39.1, 189.6, 119.3)
(34.4, 198.2, 113.0)
(34.4, 198.2, 113.0)
    
(54.1, 160.9, 109.0)
(53.2, 175.5, 115.7)
(49.4, 188.3, 117.7)
(42.0, 201.8, 116.6)
(32.8, 209.1, 110.8)
(32.8, 209.1, 110.8)
(22.6, 215.0, 103.1)
(18.9, 215.5, 98.3)
(19.5, 213.2, 96.9)
(21.5, 208.9, 97.3)
    
(66.2, 176.4, 122.5)
(57.4, 193.1, 127.5)
(47.5, 205.6, 122.7)
(35.9, 215.6, 114.2)
(22.7, 221.9, 107.7)
(22.7, 221.9, 107.7)
(13.6, 222.4, 106.9)
(7.8, 217.6, 109.3)
(8.5, 213.1, 110.2)
(10.3, 209.7, 110.5)
    
(47.9, 147.2, 101.5)
(44.2, 151.6, 104.4)
(41.5, 158.3, 108.4)
(39.0, 165.3, 110.9)
(35.7, 171.3, 110.9)
(35.7, 171.3, 110.9)
(30.8, 175.9, 108.6)
(25.2, 181.2, 105.8)
(19.3, 186.6, 104.0)
(14.6, 190.7, 103.8)
    
(58.8, 166.8, 109.3)
(54.4, 178.7, 115.5)
(47.7, 189.6, 117.2)
(40.4, 198.1, 115.9)
(27.6, 206.6, 113.5)
(27.6, 206.6, 113.5)
(18.3, 210.4, 111.6)
(14.8, 212.4, 110.8)
(16.7, 211.2, 110.9)
(19.9, 207.7, 110.0)
    
(60.8, 185.4, 129.4)
(66.2, 186.8, 142.6)
(65.2, 182.5, 143.4)
(58.5, 173.1, 134.5)
(46.9, 170.6, 126.5)
(46.9, 170.6, 126.5)
(33.4, 173.2, 117.6)
(23.6, 180.8, 110.8)
(10.3, 195.0, 103.7)
(5.6, 200.1, 102.7)
    
(66.7, 167.0, 113.6)
(62.0, 172.8, 117.8)
(55.3, 178.7, 118.7)
(55.3, 178.7, 118.7)
(48.0, 186.6, 117.7)
(42.3, 195.2, 115.4)
(36.0, 201.6, 112.5)
(25.0, 207.5, 108.4)
(25.0, 207.5, 108.4)
(17.1, 210.1, 105.9)
    
(59.5, 160.1, 108.3)
(59.1, 163.1, 115.4)
(53.0, 170.4, 121.9)
(44.2, 178.5, 125.0)
(34.7, 185.1, 124.5)
(34.7, 185.1, 124.5)
(25.4, 190.1, 120.7)
(15.4, 192.8, 116.3)
(8.6, 194.8, 112.8)
(6.7, 198.8, 110.1)
    
(54.8, 171.4, 113.9)
(54.8, 171.4, 113.9)
(52.0, 175.6, 117.0)
(49.3, 180.4, 119.8)
(46.2, 184.5, 120.8)
(46.2, 184.5, 120.8)
(41.7, 187.5, 119.4)
(36.5, 190.0, 116.3)
(31.9, 194.0, 113.5)
(27.6, 198.8, 111.1)
    
(65.1, 162.3, 111.6)
(66.2, 180.4, 127.9)
(64.6, 196.9, 141.5)
(56.5, 195.3, 136.1)
(56.5, 195.3, 136.1)
(47.6, 191.4, 128.4)
(38.0, 191.2, 123.2)
(31.4, 194.3, 120.0)
(28.9, 197.0, 117.3)
(28.9, 197.0, 117.3)
    
(69.3, 198.0, 132.9)
(71.2, 201.2, 142.4)
(67.4, 196.5, 138.6)
(67.4, 196.5, 138.6)
(58.6, 194.0, 131.7)
(49.3, 197.4, 125.9)
(43.4, 207.4, 122.2)
(43.4, 207.4, 122.2)
(39.0, 216.9, 119.4)
(30.6, 223.9, 115.8)
    
(61.1, 281.2, 228.0)
(66.4, 258.1, 205.8)
(66.4, 258.1, 205.8)
(66.1, 226.8, 172.2)
(58.5, 202.1, 143.2)
(49.7, 195.4, 127.9)
(45.7, 198.9, 122.6)
(45.7, 198.9, 122.6)
(43.4, 204.2, 120.5)
(41.1, 208.6, 119.0)
    
(56.5, 158.6, 106.1)
(51.1, 169.1, 112.7)
(51.1, 169.1, 112.7)
(41.2, 177.8, 114.9)
(31.7, 186.5, 113.7)
(25.3, 199.0, 109.8)
(22.2, 208.4, 107.0)
(22.2, 208.4, 107.0)
(17.2, 215.0, 104.6)
(13.6, 216.4, 104.5)
    
(43.7, 165.6, 101.0)
(39.7, 174.1, 103.2)
(34.6, 181.4, 103.8)
(26.2, 187.9, 102.1)
(26.2, 187.9, 102.1)
(14.5, 192.5, 98.3)
(6.1, 196.6, 95.2)
(3.0, 201.1, 92.5)
(6.1, 204.5, 92.0)
(6.1, 204.5, 92.0)
    
(47.1, 181.1, 109.4)
(40.0, 187.7, 109.3)
(31.3, 194.2, 107.3)
(23.8, 200.5, 104.2)
(18.1, 205.8, 100.3)
(18.1, 205.8, 100.3)
(14.4, 210.1, 97.4)
(12.8, 213.1, 96.1)
(13.2, 214.0, 96.2)
(14.3, 213.6, 97.0)
    
(54.2, 143.9, 97.8)
(54.2, 143.9, 97.8)
(50.3, 149.8, 97.9)
(45.0, 159.2, 96.8)
(41.5, 170.2, 95.1)
(37.5, 181.7, 94.0)
(37.5, 181.7, 94.0)
(31.9, 192.9, 92.1)
(25.8, 200.6, 90.7)
(19.4, 206.8, 89.9)
    
(71.4, 272.4, 212.3)
(70.6, 264.0, 211.3)
(71.7, 244.4, 190.6)
(71.7, 244.4, 190.6)
(67.7, 214.9, 153.3)
(58.5, 203.8, 130.7)
(49.0, 205.4, 116.8)
(40.4, 211.6, 110.0)
(40.4, 211.6, 110.0)
(29.5, 218.9, 104.9)
    
(80.5, 195.8, 145.8)
(72.3, 193.5, 143.2)
(62.5, 192.5, 134.0)
(62.5, 192.5, 134.0)
(51.4, 196.6, 126.0)
(40.7, 207.7, 120.0)
(33.4, 218.5, 115.9)
(27.8, 227.3, 111.6)
(27.8, 227.3, 111.6)
(22.6, 233.7, 106.3)
    
(84.5, 203.0, 156.9)
(75.9, 192.2, 136.7)
(61.8, 190.6, 123.5)
(48.2, 197.4, 118.5)
(36.5, 207.6, 114.8)
(36.5, 207.6, 114.8)
(26.5, 219.0, 111.5)
(19.6, 228.4, 107.7)
(12.6, 234.6, 102.6)
(3.9, 237.3, 97.6)
    
(76.8, 162.0, 114.9)
(75.4, 211.0, 151.1)
(66.6, 240.3, 162.2)
(66.6, 240.3, 162.2)
(56.4, 247.1, 148.9)
(43.4, 245.9, 129.2)
(28.4, 246.2, 112.8)
(21.1, 248.6, 102.8)
(21.1, 248.6, 102.8)
(19.6, 252.2, 95.5)
    
(73.4, 153.3, 109.7)
(69.1, 171.7, 112.8)
(61.2, 195.3, 118.9)
(50.2, 215.9, 119.6)
(39.0, 235.3, 111.9)
(39.0, 235.3, 111.9)
(28.0, 250.2, 100.0)
(14.7, 263.2, 86.7)
(8.9, 264.6, 84.9)
(11.9, 258.6, 90.0)
    
(35.9, 145.6, 107.2)
(23.7, 173.7, 111.8)
(19.5, 204.8, 104.1)
(21.8, 236.1, 92.5)
(21.8, 236.1, 92.5)
(19.3, 266.9, 83.0)
(12.3, 277.1, 80.7)
(7.8, 276.5, 80.8)
(9.0, 269.5, 83.1)
(9.0, 269.5, 83.1)
    
(70.4, 182.7, 115.3)
(66.4, 195.9, 122.4)
(54.6, 202.7, 120.4)
(54.6, 202.7, 120.4)
(40.7, 210.8, 112.7)
(30.4, 222.2, 102.4)
(19.5, 234.9, 91.3)
(13.0, 244.2, 86.8)
(13.0, 244.2, 86.8)
(10.3, 246.8, 88.1)
    
(65.0, 169.1, 111.8)
(65.0, 169.1, 111.8)
(58.8, 171.9, 109.2)
(52.4, 178.1, 107.5)
(47.0, 187.9, 107.9)
(41.5, 198.7, 107.4)
(41.5, 198.7, 107.4)
(32.1, 209.3, 105.8)
(20.7, 215.9, 103.0)
(9.2, 220.8, 98.1)
    
(79.2, 185.7, 135.0)
(59.6, 177.5, 113.6)
(40.9, 184.6, 105.5)
(40.9, 184.6, 105.5)
(30.6, 195.7, 98.1)
(27.7, 208.3, 91.4)
(26.8, 220.8, 87.7)
(23.8, 231.5, 86.6)
(23.8, 231.5, 86.6)
(21.3, 238.8, 85.5)
    
(51.9, 157.4, 98.5)
(43.0, 170.7, 101.5)
(35.0, 189.0, 101.8)
(35.0, 189.0, 101.8)
(29.9, 207.5, 99.4)
(24.4, 228.6, 95.0)
(16.8, 241.1, 89.3)
(11.8, 244.2, 86.3)
(11.8, 244.2, 86.3)
(6.9, 244.9, 84.6)
    
(20.9, 167.7, 107.7)
(10.0, 177.9, 103.4)
(10.0, 177.9, 103.4)
(356.6, 190.2, 96.9)
(345.0, 203.0, 89.5)
(343.9, 210.1, 86.0)
(350.9, 208.3, 87.8)
(350.9, 208.3, 87.8)
(358.4, 201.2, 90.0)
(2.1, 195.3, 90.7)
    
(41.8, 162.4, 104.1)
(36.5, 177.9, 102.6)
(33.3, 197.7, 98.8)
(33.3, 197.7, 98.8)
(27.8, 213.9, 96.1)
(18.9, 226.3, 94.6)
(13.9, 232.3, 92.7)
(13.2, 235.3, 92.5)
(13.2, 235.3, 92.5)
(14.9, 234.3, 92.8)
    
(52.4, 155.8, 95.6)
(42.9, 166.4, 98.0)
(35.9, 183.4, 100.1)
(30.1, 201.2, 99.7)
(30.1, 201.2, 99.7)
(21.4, 215.4, 97.1)
(7.5, 226.4, 92.6)
(357.9, 234.1, 88.1)
(354.2, 241.3, 83.2)
(354.2, 241.3, 83.2)
    
(80.7, 292.7, 224.5)
(78.3, 224.6, 151.2)
(78.3, 224.6, 151.2)
(63.3, 212.2, 129.5)
(45.7, 217.4, 120.6)
(29.8, 228.9, 111.4)
(18.9, 242.4, 100.9)
(18.9, 242.4, 100.9)
(13.0, 252.1, 95.1)
(11.0, 257.4, 94.3)
    
(83.0, 261.3, 202.3)
(85.8, 213.6, 148.4)
(71.5, 192.3, 113.6)
(71.5, 192.3, 113.6)
(57.2, 207.0, 111.3)
(45.3, 226.9, 110.7)
(36.1, 246.6, 106.6)
(29.1, 262.1, 99.1)
(29.1, 262.1, 99.1)
(22.4, 269.9, 91.4)
    
(49.2, 158.4, 99.3)
(41.7, 172.6, 104.7)
(31.5, 185.9, 105.6)
(21.9, 198.6, 102.4)
(21.9, 198.6, 102.4)
(15.3, 208.7, 97.1)
(10.1, 218.5, 92.1)
(5.6, 223.7, 91.8)
(4.8, 224.6, 92.9)
(4.8, 224.6, 92.9)
    
(44.2, 148.9, 102.4)
(33.8, 161.6, 103.4)
(30.7, 178.6, 102.7)
(33.1, 197.7, 102.8)
(33.1, 197.7, 102.8)
(33.1, 212.5, 101.6)
(29.4, 220.9, 98.3)
(26.5, 227.0, 93.4)
(23.6, 230.0, 90.5)
(23.6, 230.0, 90.5)
    
(34.5, 165.5, 106.7)
(31.1, 173.9, 108.7)
(28.2, 188.0, 109.3)
(23.3, 206.9, 107.2)
(14.2, 221.1, 103.0)
(14.2, 221.1, 103.0)
(1.4, 232.9, 97.7)
(355.8, 237.2, 93.8)
(355.7, 235.7, 92.8)
(355.6, 231.9, 92.8)
    
(60.7, 158.2, 110.4)
(52.9, 164.4, 112.9)
(52.9, 164.4, 112.9)
(43.0, 176.0, 113.7)
(30.7, 192.5, 112.1)
(20.2, 210.9, 107.3)
(12.6, 226.9, 100.6)
(12.6, 226.9, 100.6)
(9.7, 241.8, 92.2)
(11.3, 245.8, 88.2)
    
(45.8, 152.5, 106.4)
(41.7, 161.5, 106.1)
(34.1, 180.0, 105.9)
(27.9, 200.9, 104.7)
(27.9, 200.9, 104.7)
(23.2, 217.4, 101.7)
(20.4, 226.7, 98.7)
(19.9, 230.8, 96.2)
(21.0, 232.4, 93.6)
(18.7, 232.3, 91.1)
    
(66.7, 157.4, 107.3)
(69.6, 168.5, 117.3)
(69.6, 168.5, 117.3)
(60.8, 184.1, 119.0)
(47.7, 202.7, 116.5)
(39.7, 216.4, 111.8)
(33.5, 230.7, 104.5)
(33.5, 230.7, 104.5)
(28.5, 244.1, 95.6)
(23.9, 252.1, 91.4)
    
(54.8, 157.1, 102.2)
(51.5, 161.4, 103.5)
(44.6, 177.6, 105.8)
(38.8, 196.0, 105.3)
(38.8, 196.0, 105.3)
(33.0, 212.1, 103.5)
(27.1, 223.4, 100.0)
(21.4, 230.4, 94.5)
(16.6, 236.3, 89.1)
(16.6, 236.3, 89.1)
    
(59.9, 171.6, 118.8)
(49.2, 181.2, 116.8)
(40.7, 203.0, 114.0)
(34.2, 217.4, 113.1)
(25.9, 232.1, 109.4)
(25.9, 232.1, 109.4)
(16.4, 244.8, 105.3)
(13.9, 247.0, 104.0)
(13.0, 246.5, 101.0)
(13.0, 246.5, 101.0)
    
(71.9, 193.9, 140.4)
(71.9, 193.9, 140.4)
(59.8, 199.6, 132.6)
(50.3, 215.2, 126.8)
(43.9, 230.6, 121.6)
(35.8, 239.6, 115.9)
(35.8, 239.6, 115.9)
(28.8, 242.4, 110.4)
(26.3, 239.8, 107.0)
(25.3, 236.6, 105.3)
    
(74.6, 215.1, 158.6)
(72.4, 221.1, 163.2)
(64.4, 213.5, 149.2)
(52.1, 210.0, 134.3)
(52.1, 210.0, 134.3)
(39.3, 215.5, 119.8)
(32.3, 221.1, 111.5)
(24.7, 226.8, 104.9)
(18.9, 229.6, 102.9)
(18.9, 229.6, 102.9)
    
(68.1, 169.0, 122.8)
(62.8, 172.8, 123.5)
(62.8, 172.8, 123.5)
(53.4, 181.9, 124.7)
(41.7, 193.7, 122.4)
(33.5, 203.9, 116.6)
(26.4, 214.5, 107.6)
(26.4, 214.5, 107.6)
(20.0, 222.7, 100.5)
(13.5, 230.9, 94.3)
    
(35.7, 159.0, 102.7)
(40.6, 154.1, 102.8)
(41.4, 153.7, 100.2)
(31.7, 161.1, 100.5)
(20.2, 173.2, 100.4)
(20.2, 173.2, 100.4)
(10.7, 190.9, 94.8)
(10.4, 209.9, 87.0)
(13.0, 224.1, 84.1)
(11.9, 234.8, 82.5)
    
(39.0, 147.1, 105.2)
(32.6, 152.2, 107.4)
(25.1, 160.0, 108.0)
(25.1, 160.0, 108.0)
(19.8, 170.1, 107.3)
(16.3, 180.8, 105.9)
(12.7, 190.6, 103.9)
(8.9, 195.8, 102.8)
(8.9, 195.8, 102.8)
(5.0, 199.3, 102.5)
    
(68.2, 153.5, 115.4)
(61.5, 151.7, 115.4)
(49.5, 153.3, 115.5)
(49.5, 153.3, 115.5)
(35.6, 156.5, 116.0)
(24.7, 163.5, 114.9)
(18.3, 174.4, 111.3)
(18.3, 174.4, 111.3)
(14.4, 188.4, 106.7)
(10.5, 200.4, 103.9)
    
(71.1, 185.5, 151.2)
(72.2, 232.4, 203.4)
(68.7, 231.3, 206.0)
(66.3, 210.1, 182.9)
(66.3, 210.1, 182.9)
(57.9, 186.6, 148.7)
(45.4, 180.3, 130.3)
(31.1, 182.0, 117.2)
(22.8, 185.5, 110.5)
(22.8, 185.5, 110.5)
    
(70.0, 161.5, 111.6)
(57.5, 175.1, 117.8)
(57.5, 175.1, 117.8)
(38.3, 187.5, 117.5)
(20.8, 202.2, 110.5)
(9.9, 219.4, 101.1)
(6.6, 231.9, 98.9)
(6.6, 231.9, 98.9)
(6.1, 239.9, 103.9)
(6.8, 240.1, 110.2)
    
(78.4, 249.4, 208.1)
(80.6, 212.2, 167.7)
(69.0, 171.5, 121.6)
(54.6, 170.3, 113.4)
(43.7, 179.8, 111.1)
(35.2, 191.3, 109.8)
(35.2, 191.3, 109.8)
(23.9, 204.1, 106.7)
(14.2, 211.9, 103.0)
(3.6, 220.5, 96.5)
    
(81.3, 331.6, 300.8)
(78.4, 153.8, 114.8)
(59.5, 174.2, 119.9)
(59.5, 174.2, 119.9)
(39.7, 191.6, 114.8)
(24.0, 209.6, 106.2)
(12.3, 224.4, 98.3)
(1.9, 232.2, 94.0)
(1.9, 232.2, 94.0)
(353.5, 231.9, 94.8)
    
(77.8, 162.8, 127.4)
(76.1, 169.9, 126.3)
(67.1, 181.8, 124.9)
(52.9, 192.3, 119.3)
(35.5, 202.7, 109.6)
(35.5, 202.7, 109.6)
(16.5, 213.1, 96.7)
(1.9, 223.9, 84.2)
(356.3, 231.5, 77.2)
(357.3, 234.6, 78.2)
    
(67.3, 132.1, 90.2)
(59.9, 174.7, 115.1)
(43.1, 194.7, 121.4)
(32.4, 210.8, 120.2)
(27.4, 224.2, 116.7)
(27.4, 224.2, 116.7)
(23.5, 233.7, 112.9)
(18.8, 240.3, 107.4)
(13.5, 243.1, 102.8)
(6.9, 245.8, 97.9)
    
(61.1, 134.3, 96.4)
(61.1, 134.3, 96.4)
(56.5, 153.3, 107.7)
(41.2, 180.3, 114.1)
(26.5, 202.1, 112.1)
(13.1, 223.9, 105.7)
(13.1, 223.9, 105.7)
(0.4, 240.4, 96.5)
(355.1, 245.9, 92.6)
(355.2, 247.2, 92.4)
    
(76.7, 156.2, 101.6)
(58.9, 165.4, 108.9)
(42.5, 180.2, 113.5)
(30.4, 195.5, 112.5)
(21.6, 213.2, 106.6)
(21.6, 213.2, 106.6)
(17.7, 231.0, 98.3)
(13.2, 246.0, 90.8)
(5.2, 260.9, 84.6)
(359.1, 266.2, 82.3)
    
(49.5, 140.5, 106.2)
(55.1, 150.2, 110.8)
(54.5, 161.7, 117.4)
(54.5, 161.7, 117.4)
(47.1, 173.7, 120.8)
(36.3, 185.7, 120.0)
(25.0, 197.8, 116.6)
(25.0, 197.8, 116.6)
(11.6, 212.8, 109.7)
(3.4, 221.9, 103.4)
    
(63.7, 297.3, 264.5)
(70.7, 264.2, 222.9)
(62.2, 235.4, 176.5)
(62.2, 235.4, 176.5)
(37.8, 238.5, 133.2)
(37.8, 238.5, 133.2)
(28.7, 238.3, 113.5)
(22.8, 235.8, 98.7)
(22.8, 235.8, 98.7)
(19.8, 231.7, 89.9)
    
/n
