    
    
    
    
    
    
    
    
    
    
(21.0, 183.3, 68.3)
(27.2, 196.0, 81.2)
(27.4, 207.3, 91.5)
(25.8, 215.3, 96.9)
(26.0, 221.7, 98.4)
(27.0, 228.9, 99.9)
(26.8, 235.1, 100.9)
(24.2, 238.7, 100.5)
(24.2, 238.7, 100.5)
(20.2, 239.5, 98.5)
    
(351.4, 168.7, 70.0)
(358.8, 182.5, 67.2)
(10.0, 195.7, 69.0)
(18.7, 206.9, 72.8)
(21.8, 218.4, 77.5)
(22.1, 225.9, 79.6)
(22.1, 225.9, 79.6)
(22.9, 230.5, 81.2)
(22.8, 234.5, 82.5)
(21.9, 239.3, 84.4)
    
(9.8, 176.0, 75.5)
(8.9, 183.2, 77.0)
(10.4, 192.9, 81.3)
(8.6, 203.0, 84.3)
(4.0, 211.3, 85.4)
(2.1, 216.5, 86.7)
(2.1, 216.5, 86.7)
(4.3, 220.2, 89.1)
(5.0, 222.9, 90.5)
(3.8, 225.9, 90.8)
    
(13.0, 170.8, 70.2)
(13.2, 189.8, 65.8)
(11.8, 202.2, 63.4)
(9.8, 210.9, 67.1)
(11.6, 220.7, 71.6)
(11.7, 230.2, 76.1)
(13.2, 236.4, 79.9)
(13.2, 236.4, 79.9)
(17.2, 239.6, 83.8)
(17.8, 239.1, 85.1)
    
(17.5, 187.7, 66.7)
(25.2, 197.6, 69.5)
(27.2, 204.1, 76.7)
(27.2, 209.1, 81.7)
(27.8, 212.7, 84.5)
(27.7, 215.5, 86.2)
(27.7, 215.5, 86.2)
(26.5, 218.6, 88.0)
(25.8, 221.9, 89.4)
(25.3, 225.7, 90.2)
    
(11.7, 169.2, 69.6)
(20.2, 185.0, 72.8)
(22.3, 197.4, 77.3)
(20.8, 203.2, 78.0)
(19.7, 207.2, 77.9)
(19.3, 211.9, 78.8)
(19.3, 211.9, 78.8)
(18.8, 217.8, 81.7)
(17.1, 223.6, 83.7)
(15.7, 228.1, 84.6)
    
(5.4, 181.9, 63.1)
(5.6, 191.4, 64.0)
(5.0, 199.2, 66.5)
(3.8, 206.5, 70.9)
(1.0, 213.7, 74.7)
(358.8, 218.6, 78.2)
(0.1, 220.0, 82.3)
(0.1, 220.0, 82.3)
(2.2, 221.1, 85.0)
(1.1, 222.4, 85.5)
    
(13.4, 179.4, 79.1)
(13.3, 188.7, 78.4)
(12.0, 197.6, 77.7)
(12.4, 206.5, 77.8)
(12.4, 215.2, 79.7)
(9.6, 223.5, 82.3)
(9.3, 230.5, 84.6)
(9.3, 230.5, 84.6)
(14.3, 236.4, 87.7)
(17.2, 240.0, 90.0)
    
(19.5, 163.7, 76.5)
(16.6, 177.8, 75.8)
(12.3, 188.1, 75.2)
(7.9, 198.7, 77.0)
(8.5, 209.5, 81.5)
(7.0, 220.1, 85.7)
(3.9, 227.9, 87.4)
(3.9, 227.9, 87.4)
(3.5, 233.4, 89.3)
(5.9, 238.2, 92.2)
    
(16.2, 169.7, 82.0)
(19.6, 183.7, 82.5)
(22.7, 196.6, 85.0)
(21.1, 207.9, 87.0)
(18.7, 215.5, 85.9)
(17.1, 220.5, 85.8)
(17.1, 220.5, 85.8)
(19.6, 224.9, 87.6)
(21.1, 229.3, 90.9)
(21.1, 234.2, 93.9)
    
(1.5, 185.9, 78.2)
(6.0, 196.0, 82.1)
(8.1, 205.8, 87.3)
(8.5, 216.1, 90.6)
(10.3, 223.2, 91.5)
(11.6, 227.8, 91.4)
(11.6, 227.8, 91.4)
(13.2, 231.4, 92.1)
(13.6, 234.3, 93.0)
(12.6, 236.3, 93.1)
    
(6.3, 169.7, 69.9)
(15.0, 183.1, 72.5)
(20.5, 195.6, 77.7)
(21.8, 206.8, 83.2)
(21.8, 206.8, 83.2)
(22.2, 215.4, 86.1)
(21.5, 220.8, 86.9)
(20.8, 224.9, 88.2)
(20.5, 228.6, 90.4)
(20.0, 232.1, 92.9)
    
(13.8, 182.1, 71.3)
(16.8, 192.0, 70.7)
(17.4, 200.4, 74.8)
(12.6, 209.2, 80.6)
(9.9, 216.4, 84.2)
(11.6, 224.4, 89.2)
(11.6, 224.4, 89.2)
(13.6, 233.5, 96.2)
(12.0, 240.2, 101.1)
(8.2, 241.6, 100.0)
    
(13.7, 177.1, 73.0)
(19.7, 187.3, 78.2)
(19.5, 198.5, 83.7)
(19.5, 198.5, 83.7)
(17.0, 206.2, 87.7)
(13.7, 216.8, 93.3)
(13.7, 216.8, 93.3)
(13.2, 222.9, 93.8)
(12.4, 228.3, 94.0)
(10.8, 233.1, 93.6)
    
(14.3, 180.8, 84.2)
(16.7, 190.2, 87.5)
(16.7, 190.2, 87.5)
(19.2, 197.9, 89.6)
(20.7, 204.2, 91.7)
(21.0, 210.9, 95.0)
(19.0, 217.6, 96.7)
(15.3, 223.0, 95.2)
(12.6, 226.7, 92.3)
(11.6, 229.3, 91.0)
    
(13.0, 180.2, 81.2)
(13.2, 187.7, 77.6)
(16.0, 193.7, 76.8)
(16.0, 193.7, 76.8)
(18.3, 199.0, 80.1)
(18.6, 204.7, 84.3)
(18.0, 210.0, 87.6)
(17.6, 215.8, 90.5)
(18.0, 222.3, 92.9)
(16.7, 228.0, 94.1)
    
(14.4, 182.5, 77.7)
(19.1, 197.7, 83.1)
(21.6, 209.4, 87.0)
(21.1, 217.6, 89.4)
(21.1, 217.6, 89.4)
(19.4, 223.5, 92.0)
(17.8, 228.9, 95.1)
(15.0, 233.2, 95.8)
(11.4, 235.7, 94.4)
(8.4, 236.3, 92.8)
    
(2.4, 178.1, 69.1)
(10.9, 188.3, 71.6)
(17.6, 197.9, 79.6)
(17.6, 197.9, 79.6)
(19.3, 206.6, 87.5)
(17.9, 210.0, 90.1)
(15.6, 211.3, 91.0)
(14.0, 213.7, 92.1)
(14.0, 218.0, 93.3)
(14.9, 223.3, 94.1)
    
(7.6, 170.4, 75.5)
(15.1, 184.8, 83.2)
(20.8, 201.6, 93.8)
(20.5, 211.5, 98.2)
(19.3, 215.1, 97.0)
(19.3, 215.1, 97.0)
(19.4, 216.1, 93.9)
(18.6, 218.1, 91.3)
(17.4, 220.5, 89.9)
(15.6, 222.2, 89.2)
    
(16.9, 186.9, 91.2)
(13.9, 195.1, 90.3)
(12.4, 200.9, 88.9)
(12.5, 205.2, 88.2)
(12.3, 208.4, 87.6)
(11.5, 211.5, 87.0)
(11.5, 211.5, 87.0)
(10.9, 214.9, 86.3)
(10.0, 218.0, 85.8)
(9.0, 220.4, 86.2)
    
(6.0, 181.4, 78.6)
(7.4, 191.7, 80.3)
(9.4, 203.2, 85.9)
(10.7, 213.5, 91.4)
(10.1, 220.0, 94.6)
(10.1, 220.0, 94.6)
(8.4, 222.7, 95.9)
(7.7, 223.9, 97.1)
(6.9, 225.5, 97.6)
(5.1, 227.0, 97.2)
    
(9.2, 159.5, 73.2)
(16.3, 172.2, 72.3)
(19.1, 186.2, 75.6)
(19.4, 200.4, 79.4)
(19.0, 212.2, 82.5)
(19.0, 212.2, 82.5)
(17.4, 222.6, 84.9)
(14.3, 229.2, 85.6)
(9.8, 233.5, 86.5)
(7.0, 234.8, 88.0)
    
(10.8, 179.5, 78.1)
(15.1, 194.9, 76.7)
(20.3, 207.4, 77.0)
(21.5, 216.1, 81.7)
(21.0, 223.7, 84.6)
(21.0, 223.7, 84.6)
(19.9, 229.8, 85.9)
(19.1, 234.1, 86.6)
(18.8, 235.7, 86.3)
(17.8, 236.1, 85.2)
    
(3.1, 161.8, 69.7)
(9.0, 171.1, 73.0)
(13.8, 182.8, 78.2)
(16.1, 193.8, 83.1)
(16.1, 193.8, 83.1)
(16.6, 201.8, 85.5)
(14.8, 206.8, 85.2)
(12.9, 210.9, 85.6)
(11.7, 215.0, 86.4)
(9.9, 219.2, 87.4)
    
(2.8, 165.3, 70.5)
(4.1, 173.8, 71.7)
(7.9, 184.1, 74.4)
(11.3, 196.0, 78.4)
(12.2, 207.6, 82.4)
(12.2, 207.6, 82.4)
(12.2, 214.6, 84.0)
(12.9, 217.3, 82.5)
(12.8, 219.4, 81.9)
(12.3, 222.5, 82.1)
    
(15.9, 179.0, 73.9)
(15.2, 189.8, 78.3)
(11.6, 200.0, 82.0)
(9.2, 206.2, 84.2)
(9.2, 209.1, 86.2)
(8.1, 212.2, 86.3)
(8.1, 212.2, 86.3)
(5.4, 216.2, 85.1)
(3.1, 220.4, 84.2)
(0.5, 223.8, 84.9)
    
(2.1, 165.2, 63.7)
(8.2, 173.0, 71.1)
(12.1, 183.0, 79.0)
(12.1, 183.0, 79.0)
(13.5, 194.4, 83.4)
(12.8, 205.7, 84.0)
(10.5, 214.5, 84.5)
(7.2, 220.4, 85.0)
(3.6, 223.7, 85.7)
(2.4, 225.0, 86.1)
    
(12.8, 176.1, 76.1)
(9.5, 184.6, 75.1)
(5.6, 193.4, 75.8)
(4.6, 203.2, 78.4)
(7.2, 215.2, 83.2)
(7.2, 228.2, 89.4)
(5.5, 234.5, 91.9)
(5.5, 234.5, 91.9)
(5.3, 235.0, 91.0)
(2.5, 233.4, 88.3)
    
(12.4, 169.4, 72.6)
(12.4, 176.8, 75.3)
(12.6, 186.5, 83.7)
(9.6, 195.7, 90.1)
(4.8, 201.2, 93.8)
(4.8, 201.2, 93.8)
(2.7, 205.4, 97.3)
(5.4, 211.3, 100.9)
(5.9, 217.0, 101.7)
(4.0, 220.6, 100.5)
    
(16.8, 170.6, 80.6)
(13.7, 174.7, 80.8)
(9.8, 180.4, 81.5)
(7.0, 187.4, 84.7)
(5.8, 197.2, 89.5)
(2.7, 205.9, 94.9)
(359.3, 209.8, 98.4)
(359.3, 209.8, 98.4)
(0.1, 210.2, 100.0)
(0.7, 210.3, 99.9)
    
(12.2, 178.4, 78.3)
(10.2, 186.2, 79.0)
(9.4, 194.2, 82.5)
(8.5, 203.7, 88.3)
(5.7, 213.8, 94.4)
(3.4, 219.7, 97.0)
(3.4, 219.7, 97.0)
(4.7, 221.6, 98.1)
(4.6, 222.9, 98.4)
(3.1, 224.3, 99.3)
    
(4.1, 174.3, 66.5)
(6.6, 183.4, 73.4)
(11.3, 193.5, 82.2)
(11.3, 204.4, 88.8)
(8.0, 214.7, 92.8)
(4.9, 222.9, 94.7)
(3.9, 229.7, 95.1)
(0.8, 234.9, 96.5)
(356.6, 236.4, 97.6)
(356.6, 236.4, 97.6)
    
(22.7, 172.7, 76.4)
(20.3, 183.2, 77.7)
(20.3, 183.2, 77.7)
(21.7, 194.7, 78.1)
(21.2, 206.3, 80.4)
(20.0, 217.7, 85.0)
(20.6, 230.2, 90.2)
(17.8, 241.1, 93.8)
(12.6, 247.1, 93.0)
(12.8, 248.9, 91.4)
    
(16.4, 174.2, 69.3)
(21.9, 188.5, 77.0)
(24.0, 201.6, 83.2)
(24.0, 201.6, 83.2)
(22.4, 209.3, 85.4)
(21.5, 211.5, 83.4)
(18.7, 213.6, 81.8)
(16.2, 217.6, 82.1)
(16.2, 223.6, 84.1)
(14.2, 230.1, 86.2)
    
(25.7, 171.0, 86.1)
(25.4, 175.8, 85.6)
(25.4, 175.8, 85.6)
(22.2, 179.0, 80.1)
(18.7, 183.0, 75.4)
(16.5, 190.1, 72.8)
(17.2, 198.6, 73.4)
(20.0, 209.9, 80.0)
(21.1, 222.4, 87.0)
(21.1, 222.4, 87.0)
    
(10.4, 172.7, 80.9)
(12.7, 187.1, 81.0)
(12.7, 187.1, 81.0)
(15.3, 201.2, 81.7)
(15.5, 216.4, 83.5)
(15.0, 228.2, 87.6)
(12.6, 236.7, 92.3)
(8.3, 239.8, 95.4)
(6.2, 238.7, 96.4)
(5.8, 238.0, 95.6)
    
(12.5, 172.6, 76.6)
(12.9, 181.6, 79.7)
(15.5, 196.2, 88.9)
(14.5, 210.2, 96.6)
(14.5, 210.2, 96.6)
(7.1, 217.6, 100.4)
(2.9, 219.9, 102.3)
(4.1, 222.6, 104.2)
(5.8, 226.9, 104.6)
(4.9, 231.3, 104.3)
    
(10.4, 167.8, 79.3)
(12.5, 179.9, 85.7)
(14.5, 194.6, 92.4)
(14.5, 194.6, 92.4)
(15.8, 209.2, 98.1)
(15.4, 222.1, 102.2)
(12.4, 231.7, 102.0)
(8.4, 236.5, 99.0)
(5.5, 240.4, 97.4)
(3.6, 245.2, 98.0)
    
(9.3, 175.6, 72.0)
(13.1, 185.5, 76.7)
(16.8, 197.0, 82.0)
(15.8, 210.7, 86.9)
(14.4, 222.2, 87.1)
(14.4, 222.2, 87.1)
(17.9, 233.3, 85.8)
(22.5, 243.1, 83.6)
(18.2, 255.5, 85.9)
(7.3, 260.0, 88.3)
    
(12.0, 173.2, 78.4)
(15.9, 182.1, 84.7)
(19.0, 191.3, 88.0)
(19.0, 191.3, 88.0)
(19.7, 201.3, 90.4)
(19.2, 212.5, 94.1)
(18.5, 225.1, 98.0)
(15.3, 234.7, 99.6)
(9.3, 240.7, 98.9)
(4.9, 245.1, 98.0)
    
(20.1, 185.6, 71.0)
(22.0, 197.0, 79.4)
(18.8, 205.6, 85.6)
(15.2, 212.0, 88.5)
(15.2, 212.0, 88.5)
(13.1, 217.9, 90.5)
(12.7, 223.7, 91.7)
(12.3, 230.5, 92.7)
(9.7, 236.5, 93.9)
(4.6, 240.5, 94.2)
    
(19.3, 178.6, 78.8)
(21.7, 189.8, 83.9)
(20.6, 194.3, 86.0)
(20.6, 194.3, 86.0)
(18.4, 196.2, 86.4)
(15.8, 198.5, 87.6)
(13.3, 202.7, 90.1)
(11.5, 208.6, 93.3)
(9.2, 215.0, 96.4)
(6.2, 220.0, 99.4)
    
(0.9, 177.9, 63.5)
(9.4, 187.5, 66.7)
(12.8, 194.5, 74.8)
(12.8, 194.5, 74.8)
(14.2, 198.9, 83.5)
(14.7, 202.0, 90.4)
(13.6, 205.1, 93.1)
(10.8, 207.9, 91.2)
(8.5, 211.1, 89.3)
(7.5, 214.7, 89.7)
    
(4.0, 180.4, 72.6)
(7.9, 187.8, 80.0)
(11.1, 198.7, 89.3)
(9.1, 208.4, 95.7)
(9.1, 208.4, 95.7)
(6.6, 215.8, 99.2)
(6.5, 218.6, 98.2)
(5.9, 220.6, 96.5)
(5.8, 222.5, 96.3)
(5.2, 224.4, 96.7)
    
(15.3, 183.5, 73.2)
(16.1, 193.0, 72.7)
(19.1, 203.1, 77.1)
(19.1, 212.4, 82.5)
(19.1, 212.4, 82.5)
(17.4, 217.0, 84.3)
(16.1, 220.8, 84.8)
(15.3, 224.9, 85.7)
(14.8, 229.1, 86.6)
(13.2, 232.2, 87.4)
    
(17.4, 168.6, 71.9)
(20.1, 180.1, 76.9)
(20.6, 188.7, 78.0)
(20.6, 188.7, 78.0)
(17.4, 195.4, 78.9)
(15.3, 202.6, 81.4)
(15.0, 211.4, 85.5)
(13.4, 220.0, 88.8)
(8.3, 226.5, 90.7)
(4.7, 230.1, 91.0)
    
(16.2, 173.9, 68.1)
(21.5, 186.2, 77.4)
(24.1, 198.3, 84.2)
(24.1, 198.3, 84.2)
(23.7, 207.4, 86.9)
(21.3, 213.5, 87.5)
(19.0, 218.0, 87.9)
(15.4, 220.3, 88.0)
(11.9, 221.0, 87.6)
(11.3, 221.4, 87.7)
    
(18.3, 173.5, 76.1)
(21.5, 185.2, 79.9)
(21.9, 197.0, 83.5)
(20.7, 208.1, 85.8)
(19.4, 215.2, 87.7)
(18.2, 220.6, 90.0)
(18.2, 220.6, 90.0)
(17.9, 225.2, 92.1)
(16.9, 229.6, 93.6)
(15.2, 233.3, 93.7)
    
(20.6, 185.3, 75.8)
(20.6, 196.7, 80.2)
(20.8, 209.1, 85.6)
(21.0, 221.7, 90.7)
(21.3, 233.7, 95.1)
(20.5, 241.1, 96.7)
(20.5, 241.1, 96.7)
(18.5, 244.6, 96.8)
(16.4, 244.1, 94.6)
(13.9, 242.4, 90.8)
    
(8.8, 168.6, 70.7)
(14.1, 177.4, 76.9)
(16.4, 188.6, 84.0)
(17.3, 199.3, 89.2)
(17.3, 199.3, 89.2)
(17.8, 208.6, 92.2)
(17.0, 215.2, 93.5)
(15.6, 220.6, 94.0)
(13.1, 225.1, 93.1)
(10.4, 227.1, 91.0)
    
(10.8, 178.4, 76.2)
(10.4, 185.6, 76.0)
(13.4, 193.0, 80.3)
(15.9, 202.9, 87.5)
(13.5, 210.3, 91.1)
(10.8, 213.1, 91.3)
(10.8, 213.1, 91.3)
(10.1, 213.1, 91.1)
(9.2, 213.9, 91.6)
(7.8, 216.3, 92.9)
    
(11.4, 163.3, 67.9)
(15.7, 173.7, 74.0)
(17.4, 186.1, 82.0)
(15.3, 196.7, 86.9)
(12.8, 203.0, 88.7)
(12.8, 203.0, 88.7)
(12.1, 207.0, 88.8)
(11.6, 212.1, 89.9)
(11.4, 219.0, 91.7)
(11.6, 226.8, 93.2)
    
(17.3, 177.5, 76.2)
(18.1, 188.3, 78.2)
(16.4, 197.7, 79.2)
(13.9, 206.7, 81.6)
(12.1, 215.3, 83.5)
(10.4, 224.3, 85.5)
(6.3, 231.9, 87.9)
(4.3, 235.2, 90.3)
(4.3, 235.2, 90.3)
(6.3, 234.8, 91.4)
    
(3.1, 164.3, 65.4)
(6.7, 172.3, 66.8)
(11.2, 182.1, 73.8)
(12.4, 195.9, 81.5)
(10.0, 208.5, 87.3)
(8.3, 218.0, 91.4)
(8.3, 218.0, 91.4)
(8.4, 224.1, 93.6)
(8.1, 228.9, 95.2)
(6.6, 232.6, 95.2)
    
(17.1, 181.1, 77.3)
(20.3, 188.4, 80.2)
(20.1, 196.8, 83.9)
(19.5, 205.5, 88.4)
(17.4, 213.5, 92.3)
(13.4, 220.1, 93.6)
(6.3, 224.0, 93.1)
(2.3, 223.9, 94.4)
(4.1, 223.0, 97.9)
(4.1, 223.0, 97.9)
    
(14.5, 181.5, 77.9)
(9.3, 189.2, 74.0)
(6.7, 196.0, 77.3)
(8.2, 206.5, 86.2)
(9.3, 222.4, 95.2)
(1.8, 231.6, 98.9)
(356.7, 233.4, 100.0)
(356.7, 233.4, 100.0)
(358.0, 233.5, 102.1)
(1.0, 234.0, 104.2)
    
(19.7, 179.3, 78.6)
(22.6, 193.7, 81.3)
(22.6, 193.7, 81.3)
(22.8, 204.1, 83.6)
(20.6, 211.0, 83.8)
(17.6, 217.6, 83.5)
(16.8, 224.5, 83.6)
(17.7, 232.8, 85.2)
(14.7, 238.9, 87.9)
(10.9, 241.1, 89.9)
    
(13.3, 170.3, 78.3)
(13.3, 180.8, 77.5)
(14.5, 191.4, 79.0)
(17.8, 201.8, 82.4)
(18.9, 212.2, 87.9)
(14.2, 220.2, 91.7)
(9.0, 223.1, 91.9)
(7.9, 224.0, 92.2)
(9.1, 224.6, 93.6)
(9.1, 224.6, 93.6)
    
(4.2, 182.7, 69.3)
(11.7, 193.0, 77.2)
(11.7, 193.0, 77.2)
(15.1, 204.6, 84.3)
(15.8, 212.0, 86.5)
(16.2, 217.5, 86.6)
(13.0, 222.0, 85.7)
(8.0, 224.8, 85.4)
(4.4, 225.7, 85.8)
(5.2, 225.7, 88.5)
    
(16.1, 173.2, 72.6)
(19.9, 185.4, 81.4)
(22.1, 198.5, 88.3)
(19.8, 210.4, 94.6)
(19.8, 210.4, 94.6)
(16.5, 217.9, 98.9)
(15.9, 220.8, 98.7)
(14.9, 223.4, 97.5)
(14.4, 225.7, 96.2)
(13.0, 228.3, 95.2)
    
(19.1, 180.8, 81.3)
(19.7, 193.5, 84.3)
(19.7, 193.5, 84.3)
(19.1, 201.6, 84.4)
(17.4, 207.3, 84.6)
(16.2, 211.9, 85.5)
(14.3, 217.1, 86.5)
(11.3, 222.2, 87.6)
(9.8, 225.9, 89.0)
(10.9, 227.9, 90.8)
    
(13.7, 181.1, 83.2)
(11.7, 187.2, 83.4)
(10.1, 192.6, 83.3)
(8.7, 198.3, 83.0)
(8.7, 198.3, 83.0)
(7.6, 203.9, 84.4)
(6.4, 210.0, 87.1)
(6.1, 215.7, 88.9)
(6.5, 221.1, 88.9)
(3.9, 227.2, 88.8)
    
(2.0, 177.7, 64.3)
(11.9, 185.4, 71.6)
(15.2, 196.9, 80.3)
(13.0, 205.0, 83.0)
(11.0, 211.0, 81.7)
(11.2, 215.9, 79.6)
(11.2, 215.9, 79.6)
(12.6, 222.4, 78.9)
(11.6, 228.8, 80.4)
(7.4, 233.4, 83.1)
    
(2.5, 176.8, 68.8)
(3.6, 186.1, 72.7)
(8.0, 197.1, 78.3)
(9.4, 208.9, 84.2)
(4.3, 218.8, 88.0)
(0.4, 222.7, 88.4)
(0.4, 222.7, 88.4)
(1.3, 224.7, 87.8)
(4.0, 228.2, 87.9)
(4.8, 232.1, 89.1)
    
(12.1, 165.8, 79.6)
(12.4, 174.7, 81.6)
(9.7, 183.2, 83.7)
(9.5, 193.3, 86.4)
(10.9, 206.0, 91.4)
(7.9, 216.8, 95.1)
(3.0, 222.6, 96.6)
(3.0, 222.6, 96.6)
(359.2, 225.2, 98.3)
(359.3, 224.9, 100.5)
    
(10.6, 181.8, 81.7)
(6.5, 194.9, 80.4)
(4.3, 208.1, 77.5)
(8.6, 219.5, 78.0)
(12.3, 232.5, 82.2)
(4.1, 242.9, 88.6)
(358.4, 242.1, 89.7)
(2.5, 238.2, 89.9)
(2.5, 238.2, 89.9)
(6.7, 233.9, 89.4)
    
(19.5, 182.3, 75.7)
(19.5, 182.3, 75.7)
(19.4, 197.7, 83.3)
(16.2, 211.2, 83.7)
(15.8, 220.8, 81.0)
(16.9, 226.9, 80.3)
(16.5, 231.9, 83.2)
(13.5, 233.6, 86.1)
(11.4, 231.4, 86.5)
(12.2, 228.2, 85.8)
    
(12.2, 181.8, 77.4)
(12.2, 181.8, 77.4)
(10.2, 188.8, 79.2)
(9.2, 194.7, 77.9)
(9.7, 201.7, 77.8)
(11.9, 208.8, 80.1)
(11.4, 216.0, 83.9)
(8.4, 220.5, 86.9)
(8.2, 222.3, 88.4)
(9.8, 221.8, 89.1)
    
(5.6, 173.7, 67.8)
(11.0, 189.3, 79.4)
(12.7, 202.8, 85.9)
(12.7, 202.8, 85.9)
(13.2, 212.0, 86.7)
(13.1, 219.3, 85.7)
(13.9, 224.5, 85.4)
(13.0, 229.0, 86.4)
(11.7, 231.4, 87.1)
(11.5, 231.1, 86.8)
    
(11.6, 171.1, 68.5)
(18.1, 184.8, 73.2)
(19.9, 199.7, 79.6)
(19.9, 214.5, 84.2)
(20.4, 227.1, 88.1)
(20.4, 227.1, 88.1)
(17.9, 235.6, 91.0)
(13.0, 237.3, 90.9)
(11.3, 234.0, 88.9)
(11.0, 230.5, 87.2)
    
(1.9, 177.2, 65.1)
(9.7, 185.0, 71.2)
(17.0, 196.7, 78.9)
(15.4, 209.4, 85.7)
(10.1, 215.8, 88.3)
(10.1, 215.8, 88.3)
(9.7, 217.6, 89.1)
(12.5, 219.5, 90.5)
(12.4, 222.1, 92.1)
(10.5, 223.9, 92.5)
    
(359.7, 175.3, 60.5)
(4.6, 188.5, 61.6)
(9.8, 199.7, 67.4)
(13.2, 211.5, 76.1)
(12.0, 223.7, 84.1)
(10.8, 229.8, 85.6)
(10.6, 231.1, 83.7)
(10.6, 231.1, 83.7)
(10.1, 230.3, 81.8)
(10.0, 229.5, 80.8)
    
(21.7, 182.7, 81.4)
(25.1, 196.7, 85.5)
(24.6, 209.8, 89.2)
(19.6, 220.6, 90.8)
(16.1, 224.3, 90.7)
(16.1, 224.3, 90.7)
(15.9, 223.7, 91.4)
(16.3, 221.2, 92.0)
(15.6, 218.9, 91.4)
(13.7, 217.1, 90.4)
    
(9.4, 173.0, 82.8)
(12.4, 185.6, 84.6)
(16.2, 198.5, 86.6)
(17.6, 210.6, 89.0)
(17.6, 210.6, 89.0)
(16.2, 220.0, 91.5)
(14.5, 223.4, 93.4)
(12.9, 222.9, 92.8)
(11.6, 221.8, 91.4)
(10.3, 220.2, 90.2)
    
(5.8, 178.0, 72.3)
(8.9, 189.0, 75.0)
(15.4, 201.0, 81.4)
(16.6, 214.8, 88.8)
(12.4, 225.7, 94.1)
(12.4, 225.7, 94.1)
(9.9, 230.5, 94.5)
(9.8, 231.6, 92.7)
(8.5, 230.6, 91.0)
(7.0, 229.0, 89.9)
    
(0.6, 178.4, 65.3)
(4.8, 184.5, 70.7)
(9.2, 192.8, 80.9)
(8.8, 201.2, 88.1)
(2.9, 206.6, 90.9)
(359.5, 209.1, 92.5)
(359.5, 209.1, 92.5)
(1.9, 211.7, 94.3)
(3.4, 214.7, 95.4)
(3.1, 218.0, 96.3)
    
(7.3, 184.5, 57.6)
(11.4, 197.1, 69.2)
(16.3, 212.6, 79.7)
(16.9, 228.5, 87.7)
(11.2, 236.1, 91.6)
(11.6, 234.9, 91.5)
(11.6, 234.9, 91.5)
(13.2, 232.0, 91.1)
(13.8, 229.4, 90.4)
(13.6, 225.6, 89.9)
    
(11.7, 171.6, 65.7)
(18.6, 184.3, 75.9)
(18.4, 198.9, 83.9)
(15.7, 212.0, 86.6)
(14.5, 221.4, 85.9)
(14.5, 221.4, 85.9)
(12.7, 228.3, 85.9)
(11.5, 230.1, 86.3)
(10.5, 229.0, 86.2)
(9.9, 227.0, 86.3)
    
(10.6, 180.3, 75.2)
(11.2, 188.4, 78.0)
(12.3, 197.7, 80.9)
(11.4, 206.4, 84.0)
(8.5, 213.6, 85.8)
(6.3, 217.1, 86.3)
(6.2, 220.1, 86.8)
(6.2, 220.1, 86.8)
(6.2, 223.0, 88.1)
(4.7, 225.0, 89.3)
    
(357.4, 169.6, 72.1)
(1.0, 182.2, 72.3)
(6.0, 195.2, 76.8)
(10.0, 208.9, 83.0)
(10.7, 221.4, 87.9)
(9.0, 228.7, 90.0)
(8.4, 232.7, 90.6)
(8.1, 233.9, 90.6)
(8.1, 233.9, 90.6)
(7.1, 233.9, 88.7)
    
(17.2, 186.8, 74.5)
(16.3, 201.4, 81.5)
(14.5, 210.9, 85.4)
(14.5, 210.9, 85.4)
(14.6, 215.5, 86.5)
(13.5, 217.8, 86.5)
(11.6, 220.5, 86.3)
(9.3, 224.5, 86.4)
(7.2, 227.9, 86.6)
(6.3, 229.8, 86.9)
    
(14.1, 173.4, 74.1)
(15.2, 184.1, 78.9)
(15.2, 184.1, 78.9)
(15.1, 194.6, 84.3)
(13.4, 201.9, 88.3)
(11.9, 205.9, 90.2)
(11.3, 209.7, 91.3)
(11.1, 214.2, 92.7)
(10.0, 218.5, 94.4)
(7.9, 220.9, 95.1)
    
(17.7, 175.6, 75.0)
(16.6, 183.6, 82.1)
(16.6, 183.6, 82.1)
(15.9, 193.3, 84.9)
(16.8, 204.6, 87.4)
(16.4, 215.9, 90.3)
(12.2, 225.7, 92.7)
(8.0, 230.3, 93.2)
(6.8, 231.2, 93.0)
(7.6, 230.0, 92.3)
    
(7.6, 175.3, 82.6)
(7.1, 190.7, 85.4)
(7.1, 190.7, 85.4)
(7.9, 201.2, 85.3)
(9.6, 208.0, 85.0)
(11.5, 213.6, 86.2)
(12.3, 218.3, 88.6)
(11.5, 222.0, 91.0)
(11.1, 223.5, 92.2)
(11.2, 223.5, 91.7)
    
(14.8, 174.1, 75.6)
(17.9, 190.5, 85.0)
(14.3, 206.1, 92.2)
(14.3, 206.1, 92.2)
(12.6, 217.9, 94.7)
(13.1, 226.9, 95.5)
(12.0, 232.0, 95.3)
(8.3, 234.2, 94.9)
(5.3, 232.4, 93.4)
(4.6, 228.5, 92.2)
    
(1.4, 176.7, 74.9)
(7.3, 189.0, 81.9)
(7.1, 202.3, 86.6)
(4.6, 213.7, 89.9)
(4.6, 213.7, 89.9)
(4.9, 219.6, 92.6)
(5.5, 222.9, 93.9)
(4.7, 225.8, 93.9)
(3.1, 228.3, 93.7)
(1.7, 229.8, 93.4)
    
(6.9, 174.9, 76.8)
(12.0, 185.7, 81.3)
(14.1, 197.9, 87.5)
(12.2, 207.8, 92.3)
(10.9, 212.7, 94.6)
(10.9, 212.7, 94.6)
(10.7, 214.0, 94.1)
(10.4, 215.3, 94.2)
(10.1, 217.5, 94.2)
(9.1, 220.8, 93.3)
    
(16.6, 177.1, 81.0)
(16.7, 188.4, 86.4)
(18.3, 199.9, 89.0)
(20.2, 210.2, 91.1)
(19.1, 217.1, 91.9)
(14.7, 220.1, 90.1)
(13.0, 221.9, 88.4)
(14.6, 224.7, 88.4)
(14.6, 224.7, 88.4)
(15.2, 228.2, 90.5)
    
(4.4, 171.9, 74.5)
(11.9, 183.2, 77.5)
(15.1, 194.2, 85.2)
(15.5, 202.7, 90.6)
(14.2, 206.9, 93.0)
(14.2, 206.9, 93.0)
(11.6, 209.4, 94.4)
(9.8, 211.6, 95.6)
(8.8, 214.2, 96.2)
(8.3, 216.1, 96.0)
    
(3.8, 161.4, 76.8)
(3.1, 176.0, 75.7)
(4.7, 190.1, 76.5)
(10.6, 203.0, 81.1)
(13.1, 218.6, 88.7)
(8.1, 225.9, 92.3)
(4.9, 226.4, 93.3)
(4.9, 226.4, 93.3)
(5.0, 224.5, 94.9)
(5.3, 222.5, 96.2)
    
(15.1, 175.1, 75.1)
(18.4, 189.3, 81.3)
(19.8, 201.0, 86.7)
(19.8, 201.0, 86.7)
(18.7, 210.3, 91.3)
(17.5, 217.4, 95.7)
(17.8, 222.3, 96.8)
(18.2, 226.2, 95.6)
(17.6, 229.4, 93.8)
(16.9, 232.1, 92.7)
    
(9.6, 161.2, 75.9)
(11.3, 171.0, 78.1)
(8.3, 182.8, 80.1)
(9.2, 194.9, 83.0)
(13.4, 208.1, 88.3)
(12.0, 222.4, 96.1)
(4.7, 227.2, 98.7)
(1.0, 225.6, 97.2)
(1.0, 225.6, 97.2)
(0.4, 223.5, 95.3)
    
(9.4, 186.4, 88.8)
(8.1, 190.4, 89.9)
(9.7, 198.4, 91.0)
(14.3, 210.1, 93.9)
(17.2, 222.9, 98.5)
(16.1, 232.8, 102.0)
(14.0, 237.2, 102.1)
(13.4, 237.4, 100.8)
(11.9, 236.8, 101.2)
(11.9, 236.8, 101.2)
    
(4.9, 175.5, 59.7)
(7.3, 188.7, 66.9)
(4.9, 202.3, 73.7)
(4.9, 202.3, 73.7)
(4.0, 210.8, 78.7)
(5.0, 216.6, 82.6)
(6.5, 220.9, 85.4)
(7.8, 223.7, 86.6)
(7.5, 225.8, 85.8)
(6.7, 226.7, 83.9)
    
(15.7, 174.6, 73.3)
(18.5, 185.0, 79.1)
(18.5, 185.0, 79.1)
(18.7, 192.7, 83.8)
(17.1, 197.3, 86.6)
(16.3, 202.5, 88.6)
(16.1, 208.2, 90.2)
(14.6, 213.5, 91.5)
(12.2, 215.1, 91.5)
(11.7, 215.2, 91.1)
    
(13.6, 184.1, 74.7)
(15.1, 196.3, 78.0)
(15.1, 204.1, 79.9)
(15.1, 204.1, 79.9)
(13.5, 209.0, 81.2)
(12.6, 214.0, 82.9)
(13.8, 220.6, 85.5)
(13.7, 227.2, 88.2)
(10.9, 230.8, 88.4)
(7.9, 230.2, 86.8)
    
/n
(18.0, 188.9, 58.5)
(23.6, 202.6, 68.6)
(23.4, 213.9, 77.9)
(21.6, 221.2, 83.7)
(21.6, 221.2, 83.7)
(21.0, 224.4, 86.0)
(20.5, 227.7, 87.6)
(17.4, 231.7, 88.0)
(15.1, 233.8, 86.5)
(14.4, 234.3, 84.9)
    
(16.6, 176.6, 63.9)
(22.9, 190.4, 71.8)
(22.9, 190.4, 71.8)
(26.3, 203.5, 80.7)
(26.5, 211.2, 85.2)
(25.7, 215.9, 86.3)
(24.0, 220.1, 86.4)
(22.0, 224.5, 86.4)
(20.7, 226.9, 86.0)
(19.5, 228.2, 85.4)
    
(17.4, 178.5, 78.2)
(20.6, 186.0, 82.1)
(20.1, 192.8, 83.8)
(19.5, 199.4, 84.3)
(19.7, 206.3, 85.3)
(19.2, 213.9, 88.1)
(17.8, 220.2, 91.8)
(17.5, 224.8, 94.2)
(17.9, 227.9, 95.5)
(17.9, 227.9, 95.5)
    
(15.1, 185.2, 81.4)
(15.1, 185.2, 81.4)
(17.7, 198.0, 91.4)
(20.2, 207.3, 95.8)
(21.4, 214.5, 96.7)
(21.3, 221.7, 96.8)
(20.4, 228.0, 96.2)
(19.5, 233.8, 95.8)
(18.3, 238.1, 95.6)
(18.2, 239.5, 94.6)
    
(15.2, 174.4, 75.8)
(16.5, 185.1, 79.1)
(16.2, 191.4, 81.8)
(15.6, 196.1, 83.5)
(14.9, 200.7, 84.8)
(14.0, 206.0, 86.1)
(13.7, 211.9, 88.4)
(13.1, 217.7, 92.0)
(13.9, 222.5, 95.4)
(13.9, 222.5, 95.4)
    
(15.8, 176.8, 76.3)
(20.6, 190.1, 88.2)
(20.6, 190.1, 88.2)
(22.4, 200.4, 94.8)
(22.1, 207.0, 96.3)
(20.3, 211.7, 95.8)
(19.1, 215.1, 94.5)
(19.6, 218.1, 94.4)
(21.4, 220.9, 95.5)
(22.7, 223.9, 97.1)
    
(15.6, 170.7, 80.2)
(19.5, 182.4, 87.8)
(20.6, 191.2, 94.3)
(20.2, 197.0, 97.8)
(20.9, 202.4, 99.1)
(21.7, 208.0, 99.3)
(22.1, 212.3, 99.2)
(21.9, 215.1, 99.3)
(21.9, 217.5, 99.5)
(21.9, 217.5, 99.5)
    
(10.7, 178.6, 79.6)
(14.8, 188.8, 82.7)
(17.1, 198.8, 88.0)
(18.9, 209.1, 93.8)
(18.9, 209.1, 93.8)
(19.9, 215.0, 97.3)
(19.9, 217.5, 99.1)
(19.3, 219.5, 100.1)
(18.2, 220.7, 99.2)
(17.0, 221.1, 98.1)
    
(13.5, 170.4, 80.3)
(16.7, 178.1, 86.0)
(19.2, 185.6, 91.2)
(20.0, 193.1, 95.9)
(19.8, 200.4, 98.8)
(19.6, 208.0, 101.4)
(19.0, 213.6, 102.5)
(18.7, 217.2, 102.1)
(19.0, 219.7, 100.9)
(19.0, 219.7, 100.9)
    
(1.2, 177.0, 74.4)
(6.3, 187.7, 80.5)
(10.2, 197.8, 86.0)
(12.1, 205.3, 90.0)
(12.1, 205.3, 90.0)
(12.3, 210.7, 92.9)
(11.9, 215.4, 95.0)
(11.5, 219.8, 96.3)
(11.1, 224.5, 98.0)
(10.2, 228.2, 99.7)
    
(12.6, 181.4, 82.0)
(12.6, 181.4, 82.0)
(12.3, 189.0, 85.5)
(12.6, 195.3, 88.5)
(12.9, 201.4, 91.9)
(13.3, 207.4, 95.7)
(13.9, 213.3, 99.5)
(15.0, 218.3, 101.9)
(15.5, 221.9, 102.7)
(15.4, 224.2, 103.0)
    
(21.5, 181.0, 89.1)
(21.5, 181.0, 89.1)
(25.2, 190.1, 95.0)
(26.6, 198.4, 99.3)
(26.7, 206.4, 102.8)
(25.6, 214.5, 105.0)
(24.7, 220.3, 105.0)
(24.5, 224.4, 104.0)
(25.3, 227.1, 102.9)
(25.4, 228.6, 102.4)
    
(22.4, 180.7, 81.7)
(22.4, 180.7, 81.7)
(25.1, 191.8, 88.3)
(25.6, 199.2, 92.8)
(25.6, 205.3, 96.4)
(26.1, 211.2, 99.6)
(26.4, 217.2, 101.5)
(25.3, 220.3, 100.6)
(23.1, 221.8, 98.9)
(21.1, 222.9, 97.3)
    
(14.0, 186.1, 89.1)
(14.0, 194.6, 92.4)
(14.9, 201.4, 96.1)
(14.9, 201.4, 96.1)
(16.8, 207.1, 99.8)
(18.0, 211.2, 102.2)
(18.6, 215.0, 103.9)
(18.7, 217.9, 104.1)
(18.0, 219.9, 103.0)
(17.3, 221.2, 101.7)
    
(12.4, 174.0, 89.6)
(17.4, 184.5, 95.6)
(20.0, 195.1, 103.2)
(20.1, 202.1, 106.7)
(19.6, 206.8, 107.0)
(18.8, 210.7, 105.6)
(18.2, 214.2, 103.4)
(17.9, 217.1, 102.0)
(18.6, 219.4, 102.1)
(19.1, 222.2, 102.9)
    
(14.6, 184.0, 90.3)
(16.9, 195.9, 99.5)
(16.9, 195.9, 99.5)
(19.4, 207.9, 106.5)
(20.2, 215.8, 108.2)
(19.5, 219.8, 107.2)
(18.5, 221.9, 106.1)
(17.9, 223.1, 106.1)
(18.3, 224.1, 105.4)
(19.1, 225.6, 104.1)
    
(9.6, 180.1, 94.7)
(10.3, 186.5, 96.0)
(10.3, 186.5, 96.0)
(10.6, 192.7, 96.5)
(10.5, 197.8, 97.1)
(10.7, 202.4, 98.4)
(11.0, 206.3, 100.0)
(11.1, 209.4, 101.3)
(10.4, 211.2, 101.4)
(9.9, 212.4, 101.0)
    
(14.2, 172.8, 81.6)
(15.3, 178.8, 82.4)
(17.0, 185.0, 83.5)
(18.1, 193.0, 86.0)
(18.3, 201.5, 89.5)
(18.1, 209.5, 92.6)
(17.2, 215.7, 93.9)
(16.0, 219.3, 94.3)
(16.0, 219.3, 94.3)
(15.6, 221.0, 94.6)
    
(20.0, 174.8, 81.0)
(24.1, 187.6, 85.8)
(27.6, 200.6, 90.9)
(27.6, 200.6, 90.9)
(28.6, 213.1, 95.4)
(28.1, 221.6, 96.6)
(27.5, 228.8, 97.6)
(26.5, 234.4, 98.1)
(24.6, 238.7, 98.1)
(24.7, 240.7, 97.3)
    
(19.4, 184.1, 80.6)
(20.5, 192.3, 82.7)
(20.5, 192.3, 82.7)
(21.3, 197.9, 84.2)
(21.4, 201.8, 85.2)
(21.0, 206.3, 86.8)
(20.9, 211.3, 88.3)
(20.7, 217.2, 90.0)
(19.9, 222.7, 92.0)
(19.8, 227.7, 94.2)
    
(21.4, 172.8, 80.0)
(24.7, 187.4, 83.7)
(25.2, 197.3, 85.2)
(24.4, 203.2, 86.9)
(24.2, 207.6, 88.3)
(23.8, 212.5, 90.7)
(22.5, 217.9, 93.2)
(20.8, 222.7, 95.0)
(20.5, 226.4, 95.6)
(21.1, 229.0, 95.7)
    
(26.7, 180.8, 88.5)
(29.9, 195.0, 95.0)
(29.6, 206.9, 100.7)
(29.6, 206.9, 100.7)
(27.9, 212.4, 102.1)
(27.6, 214.1, 101.3)
(27.3, 215.4, 100.9)
(27.1, 217.7, 100.9)
(26.4, 221.0, 101.2)
(25.7, 224.1, 100.7)
    
(19.2, 175.4, 86.7)
(21.3, 187.5, 89.3)
(21.6, 196.6, 91.9)
(20.6, 201.2, 92.4)
(20.6, 201.2, 92.4)
(19.4, 203.8, 92.0)
(18.8, 206.2, 91.1)
(18.4, 209.1, 91.4)
(17.5, 212.3, 92.4)
(16.3, 216.0, 93.9)
    
(15.0, 170.7, 82.2)
(17.1, 181.0, 85.8)
(17.1, 181.0, 85.8)
(18.5, 189.0, 89.1)
(20.5, 194.8, 90.9)
(22.7, 198.2, 91.5)
(22.8, 203.2, 92.4)
(22.8, 208.5, 93.3)
(22.0, 213.8, 93.8)
(20.4, 217.6, 93.3)
    
(15.5, 170.9, 79.7)
(18.8, 183.1, 84.6)
(21.6, 194.1, 88.4)
(23.9, 204.1, 91.7)
(23.9, 204.1, 91.7)
(25.1, 212.7, 94.8)
(23.5, 220.5, 98.7)
(22.3, 224.9, 99.4)
(22.7, 226.9, 98.7)
(23.1, 226.9, 96.7)
    
(21.1, 183.9, 87.4)
(21.2, 192.1, 85.8)
(22.3, 198.8, 86.2)
(22.3, 198.8, 86.2)
(23.5, 204.6, 87.5)
(23.8, 209.5, 89.3)
(23.5, 214.1, 90.8)
(22.9, 218.8, 92.2)
(22.1, 223.4, 93.4)
(21.2, 227.4, 94.4)
    
(18.9, 175.1, 87.2)
(21.8, 185.3, 89.9)
(24.0, 194.9, 93.5)
(24.2, 201.4, 95.7)
(24.2, 201.4, 95.7)
(22.5, 205.8, 96.3)
(21.1, 209.2, 96.4)
(20.4, 213.1, 97.2)
(19.9, 217.2, 98.1)
(19.1, 220.8, 99.3)
    
(8.6, 172.8, 87.6)
(10.5, 182.0, 92.3)
(11.1, 190.3, 94.4)
(11.5, 197.3, 94.8)
(11.5, 197.3, 94.8)
(12.3, 202.9, 95.8)
(12.6, 208.7, 98.1)
(11.9, 213.8, 99.4)
(10.7, 217.8, 99.7)
(9.8, 220.4, 99.2)
    
(19.0, 176.0, 88.7)
(21.5, 187.5, 94.4)
(22.0, 198.9, 99.1)
(20.6, 208.4, 101.8)
(18.4, 216.2, 103.0)
(18.4, 216.2, 103.0)
(16.9, 222.1, 104.2)
(16.1, 225.6, 106.0)
(16.1, 225.7, 106.1)
(15.8, 224.4, 104.8)
    
(16.2, 183.4, 84.7)
(19.7, 194.3, 87.3)
(21.5, 203.8, 91.0)
(21.9, 213.6, 97.4)
(21.1, 218.1, 99.2)
(21.1, 218.1, 99.2)
(20.2, 221.3, 99.9)
(19.0, 222.4, 98.7)
(17.6, 223.1, 96.6)
(16.9, 224.4, 95.3)
    
(13.6, 179.8, 91.1)
(13.8, 187.6, 92.5)
(14.9, 192.3, 92.8)
(17.4, 195.7, 92.4)
(17.4, 195.7, 92.4)
(19.3, 199.1, 92.5)
(19.3, 202.3, 92.8)
(18.1, 205.0, 92.9)
(16.4, 208.0, 92.5)
(15.7, 211.2, 92.5)
    
(8.9, 176.8, 81.9)
(10.9, 185.1, 82.8)
(12.7, 193.9, 86.2)
(15.1, 202.8, 91.9)
(18.6, 210.4, 98.0)
(18.6, 210.4, 98.0)
(19.4, 213.7, 100.4)
(18.5, 214.2, 100.1)
(17.5, 214.2, 99.6)
(16.6, 214.8, 99.6)
    
(18.2, 181.1, 87.2)
(20.1, 193.8, 90.8)
(20.9, 204.2, 93.3)
(21.6, 212.3, 95.1)
(21.9, 219.5, 96.5)
(20.5, 225.3, 98.0)
(18.2, 230.5, 99.7)
(18.2, 230.5, 99.7)
(17.3, 231.7, 100.0)
(17.6, 231.1, 98.9)
    
(9.7, 170.3, 91.1)
(14.3, 179.6, 92.7)
(17.8, 188.7, 92.0)
(18.0, 196.5, 90.8)
(16.6, 202.5, 90.8)
(14.6, 205.9, 90.8)
(12.7, 208.2, 90.9)
(12.7, 208.2, 90.9)
(11.6, 209.8, 91.0)
(10.9, 211.8, 91.7)
    
(10.0, 171.8, 82.4)
(10.0, 180.8, 81.2)
(10.0, 188.1, 80.2)
(10.3, 194.9, 80.5)
(11.8, 201.5, 82.3)
(14.0, 209.3, 85.1)
(14.9, 217.0, 88.9)
(13.3, 222.6, 93.0)
(13.3, 222.6, 93.0)
(13.2, 221.9, 93.8)
    
(13.5, 176.1, 90.5)
(15.0, 186.6, 95.4)
(15.0, 186.6, 95.4)
(15.7, 196.6, 97.8)
(16.0, 205.1, 97.8)
(16.5, 213.3, 97.7)
(18.0, 221.1, 98.6)
(18.4, 228.0, 101.3)
(16.5, 232.4, 103.4)
(14.7, 233.3, 102.6)
    
(15.5, 178.2, 86.7)
(17.8, 188.4, 92.3)
(18.0, 196.2, 94.6)
(18.4, 203.2, 95.6)
(20.0, 209.4, 96.3)
(20.4, 215.8, 97.7)
(18.4, 220.1, 98.6)
(17.1, 221.7, 98.1)
(17.1, 221.8, 96.7)
(17.1, 221.6, 95.6)
    
(5.5, 166.7, 83.7)
(9.5, 175.8, 86.8)
(12.3, 185.1, 89.6)
(14.0, 194.5, 92.2)
(14.7, 202.7, 94.3)
(15.1, 209.9, 95.8)
(14.4, 215.9, 97.0)
(12.6, 220.6, 97.9)
(12.6, 220.6, 97.9)
(11.8, 222.1, 97.9)
    
(9.4, 177.3, 79.3)
(13.9, 188.3, 85.6)
(13.9, 188.3, 85.6)
(16.6, 199.4, 91.8)
(17.2, 207.1, 93.9)
(17.7, 213.3, 94.3)
(18.4, 219.4, 95.7)
(19.1, 224.8, 97.1)
(18.5, 229.0, 98.1)
(17.1, 231.9, 98.3)
    
(358.9, 164.0, 77.2)
(1.3, 173.8, 77.2)
(3.3, 183.9, 78.3)
(4.9, 193.1, 80.2)
(7.9, 201.6, 82.7)
(11.1, 210.4, 88.1)
(10.8, 220.0, 94.7)
(8.0, 225.9, 97.8)
(8.0, 225.9, 97.8)
(7.4, 226.1, 95.6)
    
(10.3, 181.4, 83.9)
(14.2, 194.8, 89.4)
(16.2, 206.8, 95.6)
(16.2, 206.8, 95.6)
(16.2, 214.2, 100.4)
(16.6, 216.5, 102.4)
(16.5, 216.9, 102.6)
(15.7, 217.7, 101.9)
(14.1, 218.9, 100.2)
(12.7, 220.4, 98.0)
    
(12.4, 184.6, 90.9)
(16.1, 192.4, 95.9)
(16.1, 192.4, 95.9)
(17.1, 197.5, 96.8)
(15.8, 201.9, 95.8)
(15.4, 207.2, 95.5)
(14.9, 213.5, 96.1)
(14.0, 218.2, 96.9)
(15.8, 222.8, 98.9)
(16.0, 224.0, 98.8)
    
(16.2, 172.4, 90.0)
(16.6, 189.1, 95.4)
(16.6, 189.1, 95.4)
(12.5, 203.5, 98.4)
(9.6, 209.9, 97.1)
(10.2, 212.7, 96.1)
(11.3, 215.0, 96.8)
(11.6, 216.6, 97.3)
(11.6, 217.8, 97.0)
(11.5, 218.8, 96.1)
    
(7.8, 172.8, 86.4)
(14.4, 185.3, 90.6)
(18.6, 197.6, 94.4)
(18.5, 206.9, 96.3)
(18.5, 206.9, 96.3)
(15.9, 212.7, 96.4)
(14.2, 215.9, 96.2)
(13.2, 219.3, 96.2)
(11.4, 222.4, 96.0)
(8.8, 224.8, 95.2)
    
(11.8, 173.9, 84.4)
(14.1, 186.5, 84.7)
(16.7, 197.6, 86.0)
(18.1, 207.4, 88.0)
(18.0, 215.7, 91.5)
(16.7, 222.0, 94.1)
(16.7, 222.0, 94.1)
(16.1, 225.1, 93.4)
(15.7, 225.5, 90.8)
(15.2, 225.0, 88.9)
    
(12.9, 171.0, 85.5)
(15.6, 182.2, 89.7)
(17.6, 192.8, 94.2)
(18.5, 202.3, 98.6)
(19.4, 208.2, 100.9)
(21.4, 212.7, 102.6)
(21.4, 212.7, 102.6)
(22.4, 216.0, 103.6)
(22.4, 217.9, 103.4)
(21.5, 219.8, 102.9)
    
(12.9, 187.9, 87.3)
(13.5, 194.9, 89.8)
(13.4, 202.7, 91.7)
(13.9, 211.5, 93.6)
(14.0, 220.9, 96.3)
(12.1, 229.4, 99.4)
(9.9, 234.1, 101.4)
(9.9, 234.1, 101.4)
(10.3, 233.4, 100.6)
(11.2, 230.9, 98.5)
    
(14.0, 182.0, 88.9)
(13.7, 190.8, 89.8)
(13.0, 198.7, 89.8)
(12.6, 206.1, 90.2)
(14.5, 213.8, 92.2)
(15.5, 222.3, 96.3)
(14.7, 229.0, 99.1)
(13.1, 232.3, 99.4)
(13.1, 232.3, 99.4)
(11.7, 232.6, 97.6)
    
(358.8, 181.3, 79.0)
(3.8, 191.4, 81.0)
(9.2, 201.4, 84.1)
(13.0, 210.4, 89.1)
(14.5, 219.8, 94.1)
(15.7, 227.7, 97.8)
(15.7, 227.7, 97.8)
(17.5, 234.3, 100.2)
(18.5, 237.8, 101.3)
(18.5, 239.5, 100.9)
    
(5.4, 182.8, 82.6)
(7.7, 193.6, 85.0)
(10.9, 203.9, 88.3)
(13.4, 213.2, 92.4)
(14.1, 221.1, 96.8)
(12.0, 227.4, 100.4)
(12.0, 230.3, 101.4)
(12.0, 230.3, 101.4)
(13.1, 232.2, 101.6)
(12.6, 233.4, 101.4)
    
(17.9, 175.7, 91.8)
(19.0, 187.5, 91.2)
(18.0, 196.4, 91.9)
(17.4, 204.0, 93.2)
(18.1, 210.8, 96.1)
(18.3, 219.3, 101.3)
(16.7, 225.8, 106.0)
(15.0, 228.8, 106.8)
(15.0, 228.8, 106.8)
(14.4, 228.4, 104.0)
    
(14.2, 185.9, 85.7)
(18.0, 204.2, 93.9)
(18.0, 204.2, 93.9)
(15.2, 216.4, 99.8)
(11.7, 222.7, 102.0)
(10.6, 226.1, 103.6)
(10.9, 229.7, 105.1)
(11.0, 233.2, 104.4)
(10.4, 236.3, 102.7)
(8.9, 238.6, 100.6)
    
(9.5, 179.6, 88.8)
(10.8, 188.0, 90.6)
(10.8, 188.0, 90.6)
(12.0, 194.9, 93.3)
(13.5, 200.7, 95.9)
(14.6, 206.1, 98.8)
(13.9, 211.4, 100.7)
(12.3, 216.9, 102.2)
(11.4, 221.9, 102.1)
(11.5, 226.3, 101.7)
    
(5.9, 171.4, 74.3)
(12.3, 187.4, 81.2)
(18.7, 202.5, 87.9)
(21.4, 219.1, 95.1)
(22.6, 230.8, 99.8)
(22.6, 230.8, 99.8)
(22.6, 240.8, 103.2)
(21.9, 244.5, 103.7)
(19.1, 244.8, 101.6)
(17.5, 243.1, 97.8)
    
(14.7, 188.1, 86.9)
(16.9, 200.4, 92.7)
(16.3, 209.1, 97.8)
(15.1, 214.6, 100.3)
(15.1, 214.6, 100.3)
(14.3, 219.3, 101.4)
(13.7, 223.6, 101.0)
(13.0, 228.0, 100.6)
(12.6, 231.6, 99.9)
(11.7, 234.4, 99.2)
    
(7.8, 177.7, 86.4)
(10.1, 187.4, 87.0)
(12.1, 196.7, 89.3)
(12.1, 196.7, 89.3)
(13.5, 205.7, 94.3)
(12.9, 212.3, 99.2)
(11.2, 215.8, 100.7)
(10.5, 217.5, 99.7)
(10.8, 219.1, 98.1)
(10.9, 220.6, 97.2)
    
(13.1, 175.4, 85.0)
(15.7, 186.1, 88.4)
(16.8, 196.8, 91.7)
(17.5, 205.6, 94.0)
(17.5, 205.6, 94.0)
(17.5, 212.0, 96.2)
(17.1, 215.9, 97.9)
(16.6, 219.7, 99.4)
(15.8, 223.3, 100.0)
(14.4, 227.6, 99.6)
    
(7.8, 181.8, 84.3)
(10.0, 190.6, 85.9)
(12.5, 200.1, 89.4)
(14.3, 210.7, 94.2)
(14.2, 222.3, 99.2)
(11.7, 230.6, 101.9)
(11.7, 230.6, 101.9)
(8.9, 233.4, 101.6)
(8.4, 233.1, 100.1)
(9.1, 232.6, 99.1)
    
(19.9, 176.7, 98.8)
(20.8, 191.4, 101.3)
(21.8, 203.6, 102.9)
(22.2, 212.8, 103.7)
(22.1, 218.1, 103.8)
(22.7, 221.8, 103.5)
(23.4, 224.3, 103.5)
(23.4, 224.3, 103.5)
(23.7, 226.7, 103.5)
(23.2, 229.0, 103.8)
    
(17.0, 183.8, 90.0)
(15.2, 191.5, 93.1)
(13.5, 198.5, 94.3)
(12.7, 205.6, 94.7)
(12.9, 213.6, 95.7)
(13.1, 220.9, 97.3)
(12.9, 225.7, 98.9)
(13.0, 226.4, 98.7)
(13.0, 226.4, 98.7)
(13.8, 225.2, 97.5)
    
(20.4, 176.0, 89.1)
(20.3, 189.3, 92.0)
(19.8, 200.6, 94.2)
(19.4, 212.4, 97.2)
(17.0, 222.0, 101.1)
(14.6, 226.7, 103.2)
(14.4, 227.9, 103.1)
(14.4, 227.9, 103.1)
(15.3, 227.3, 100.7)
(14.2, 227.6, 98.3)
    
(13.0, 176.3, 91.3)
(14.0, 188.1, 94.0)
(14.3, 197.1, 95.1)
(15.9, 205.1, 97.3)
(15.5, 212.3, 99.9)
(14.2, 217.5, 101.5)
(13.7, 219.1, 100.5)
(13.4, 219.6, 98.9)
(13.4, 219.6, 98.9)
(13.5, 220.0, 98.1)
    
(9.4, 177.1, 86.8)
(12.1, 188.2, 88.9)
(15.3, 198.0, 91.3)
(17.0, 206.9, 94.1)
(16.9, 214.4, 97.3)
(15.5, 217.5, 98.4)
(14.0, 219.0, 98.3)
(14.0, 219.0, 98.3)
(14.2, 219.6, 96.7)
(14.0, 220.5, 94.8)
    
(13.7, 175.3, 86.8)
(14.0, 185.1, 89.5)
(13.3, 192.8, 92.6)
(12.5, 199.8, 95.8)
(13.4, 207.1, 99.4)
(15.5, 215.2, 102.8)
(15.5, 222.1, 104.1)
(13.4, 226.8, 103.5)
(13.4, 226.8, 103.5)
(11.0, 229.1, 102.0)
    
(10.0, 178.3, 91.5)
(12.2, 187.5, 95.2)
(15.1, 197.1, 98.7)
(16.5, 206.0, 101.6)
(14.8, 213.5, 103.5)
(12.3, 217.5, 102.3)
(10.8, 219.7, 100.4)
(10.8, 219.7, 100.4)
(10.4, 221.8, 98.5)
(9.4, 224.0, 97.8)
    
(12.9, 173.9, 84.2)
(14.2, 181.9, 88.1)
(15.1, 191.3, 92.3)
(16.0, 201.5, 96.3)
(16.2, 212.4, 100.6)
(13.3, 222.5, 104.6)
(9.7, 227.2, 106.0)
(8.5, 228.3, 105.3)
(8.5, 228.3, 105.3)
(10.3, 228.3, 104.2)
    
(11.6, 175.4, 86.5)
(14.0, 189.0, 88.6)
(15.3, 201.8, 89.2)
(17.0, 213.7, 92.1)
(16.7, 224.6, 99.2)
(11.6, 231.6, 105.8)
(6.2, 232.0, 107.4)
(6.0, 229.1, 103.8)
(7.2, 226.9, 100.5)
(7.2, 226.9, 100.5)
    
(15.2, 195.8, 100.1)
(12.4, 207.6, 105.0)
(12.4, 207.6, 105.0)
(10.3, 215.4, 107.3)
(9.6, 220.7, 108.1)
(10.1, 225.0, 109.1)
(10.3, 228.5, 109.1)
(8.8, 231.0, 107.8)
(6.7, 232.1, 105.2)
(5.3, 232.4, 102.0)
    
(359.5, 172.3, 84.3)
(1.9, 183.0, 87.2)
(6.5, 193.7, 92.1)
(9.8, 204.9, 97.7)
(10.2, 215.1, 102.7)
(8.0, 223.2, 105.0)
(7.4, 229.3, 105.1)
(7.9, 231.6, 103.3)
(7.1, 232.4, 100.8)
(7.1, 232.4, 100.8)
    
(17.4, 184.1, 86.6)
(17.7, 196.1, 89.8)
(17.7, 196.1, 89.8)
(18.2, 206.4, 95.2)
(18.0, 213.3, 99.4)
(17.2, 216.6, 101.3)
(15.9, 218.6, 101.0)
(14.6, 220.2, 99.6)
(13.5, 221.6, 97.8)
(12.9, 223.4, 97.2)
    
(8.9, 182.7, 93.0)
(9.7, 190.8, 94.4)
(9.5, 196.3, 94.6)
(9.5, 196.3, 94.6)
(8.4, 200.9, 94.6)
(7.8, 205.9, 94.0)
(8.1, 211.5, 94.4)
(8.5, 216.2, 95.2)
(8.3, 220.7, 96.3)
(7.3, 223.4, 96.5)
    
(10.4, 183.9, 88.4)
(10.9, 195.5, 93.9)
(9.8, 203.3, 97.4)
(9.8, 203.3, 97.4)
(9.4, 208.5, 99.0)
(9.7, 211.9, 99.7)
(8.6, 213.6, 99.0)
(6.6, 215.1, 98.2)
(4.7, 216.0, 97.1)
(3.3, 215.6, 95.7)
    
(21.1, 176.9, 93.7)
(11.3, 186.3, 85.6)
(2.8, 192.4, 75.4)
(3.4, 194.0, 73.9)
(8.0, 197.2, 77.5)
(12.5, 202.8, 82.8)
(14.2, 209.3, 87.7)
(13.4, 213.2, 89.3)
(11.5, 215.6, 88.7)
(11.5, 215.6, 88.7)
    
(7.8, 179.2, 78.0)
(9.4, 186.7, 81.8)
(9.5, 192.8, 84.3)
(9.7, 199.0, 85.7)
(9.7, 199.0, 85.7)
(10.3, 205.2, 87.3)
(11.3, 211.8, 89.8)
(11.7, 217.9, 92.1)
(11.0, 223.1, 93.6)
(9.0, 226.3, 93.9)
    
(11.2, 170.3, 86.0)
(9.8, 182.7, 89.3)
(9.2, 192.7, 90.6)
(9.2, 192.7, 90.6)
(10.7, 202.3, 92.4)
(13.3, 212.7, 96.3)
(12.7, 220.6, 100.7)
(9.9, 225.6, 102.5)
(7.3, 227.1, 100.2)
(7.0, 226.5, 96.1)
    
(16.5, 177.7, 87.8)
(17.6, 191.6, 92.5)
(19.2, 204.9, 97.9)
(17.7, 218.3, 103.4)
(13.7, 225.6, 104.5)
(10.2, 229.8, 102.6)
(10.2, 229.8, 102.6)
(10.3, 232.3, 100.6)
(12.0, 233.2, 99.1)
(12.2, 233.2, 97.7)
    
(2.4, 172.4, 78.6)
(5.4, 184.2, 83.4)
(6.5, 195.4, 90.0)
(6.5, 205.5, 96.6)
(7.3, 214.4, 101.9)
(6.7, 218.4, 103.5)
(6.7, 218.4, 103.5)
(5.5, 219.5, 102.6)
(3.5, 219.5, 100.8)
(0.8, 219.2, 99.1)
    
(14.0, 175.1, 83.4)
(15.8, 187.6, 86.3)
(17.8, 200.0, 92.4)
(16.8, 210.7, 99.5)
(14.7, 217.0, 103.4)
(13.7, 219.1, 103.5)
(13.7, 219.1, 103.5)
(13.2, 219.9, 102.5)
(12.2, 220.0, 101.4)
(10.3, 219.9, 100.5)
    
(16.4, 177.7, 87.2)
(17.0, 187.9, 89.9)
(17.0, 198.0, 93.3)
(15.5, 207.3, 95.6)
(12.2, 215.8, 96.4)
(7.6, 221.5, 96.7)
(7.6, 221.5, 96.7)
(4.8, 223.6, 96.8)
(5.7, 223.2, 97.2)
(6.3, 222.9, 96.9)
    
(14.9, 176.5, 88.3)
(16.2, 187.1, 93.3)
(16.9, 197.7, 99.1)
(15.6, 207.2, 103.0)
(13.5, 212.6, 103.2)
(13.5, 212.6, 103.2)
(12.0, 215.8, 102.7)
(11.5, 218.1, 102.6)
(10.9, 220.2, 102.7)
(9.4, 222.1, 103.1)
    
(14.9, 175.5, 88.6)
(14.6, 186.1, 95.4)
(14.5, 196.5, 101.3)
(13.3, 206.1, 104.4)
(9.0, 212.9, 104.4)
(4.6, 217.8, 103.7)
(4.3, 222.1, 105.2)
(4.3, 222.1, 105.2)
(3.8, 225.2, 106.8)
(2.9, 226.6, 106.8)
    
(14.6, 173.6, 87.4)
(16.4, 186.6, 93.7)
(16.4, 186.6, 93.7)
(18.5, 201.1, 99.6)
(18.7, 216.7, 105.0)
(13.0, 225.3, 106.4)
(6.1, 227.5, 104.1)
(2.2, 226.2, 100.5)
(0.9, 224.5, 98.5)
(1.5, 222.8, 97.3)
    
(15.0, 188.9, 88.1)
(14.8, 203.9, 93.8)
(13.5, 213.7, 97.3)
(13.5, 213.7, 97.3)
(14.0, 220.5, 99.0)
(14.7, 227.6, 101.4)
(13.0, 234.1, 104.3)
(9.8, 236.5, 105.1)
(7.5, 236.3, 103.7)
(6.2, 235.1, 100.9)
    
(16.2, 183.4, 90.5)
(18.9, 195.9, 97.0)
(18.9, 195.9, 97.0)
(19.8, 206.1, 100.1)
(21.2, 213.2, 100.1)
(21.0, 218.3, 98.6)
(19.3, 222.3, 98.0)
(17.6, 226.0, 98.1)
(16.0, 230.3, 98.9)
(14.6, 234.3, 99.4)
    
(5.3, 173.8, 93.4)
(8.3, 186.4, 100.1)
(8.3, 186.4, 100.1)
(10.5, 195.3, 103.4)
(9.8, 202.3, 104.5)
(10.2, 207.5, 104.9)
(10.1, 211.0, 103.7)
(10.3, 212.7, 101.6)
(10.3, 212.7, 99.1)
(9.5, 212.0, 95.7)
    
(5.5, 176.3, 94.3)
(3.4, 190.2, 101.3)
(3.2, 200.7, 105.9)
(3.2, 200.7, 105.9)
(5.5, 208.0, 107.9)
(7.4, 211.6, 108.1)
(6.4, 213.7, 107.1)
(4.6, 215.7, 105.9)
(2.7, 216.9, 104.0)
(1.3, 217.4, 102.0)
    
(16.3, 188.5, 94.6)
(14.3, 199.2, 98.0)
(11.7, 206.0, 99.3)
(9.9, 209.1, 98.9)
(9.1, 210.7, 99.0)
(9.4, 212.2, 100.1)
(9.4, 212.2, 100.1)
(9.6, 214.0, 100.9)
(7.9, 216.3, 101.3)
(5.5, 218.8, 101.3)
    
(9.0, 166.1, 89.5)
(9.8, 178.7, 94.7)
(8.6, 191.9, 99.6)
(5.1, 204.4, 102.6)
(3.4, 212.1, 102.7)
(3.4, 212.1, 102.7)
(3.5, 216.1, 102.3)
(3.2, 218.2, 101.9)
(2.3, 219.6, 101.2)
(1.7, 220.7, 100.4)
    
(5.6, 172.5, 82.7)
(10.7, 184.0, 89.7)
(12.9, 197.6, 98.6)
(12.1, 211.2, 105.0)
(9.6, 220.7, 107.1)
(7.5, 223.6, 106.6)
(7.5, 223.6, 106.6)
(7.2, 224.9, 107.3)
(8.0, 225.5, 108.4)
(8.1, 225.3, 108.8)
    
(12.9, 169.1, 98.3)
(10.7, 179.8, 101.1)
(9.1, 189.7, 103.7)
(9.1, 189.7, 103.7)
(8.8, 198.1, 105.3)
(8.4, 205.3, 106.5)
(7.8, 211.2, 106.9)
(7.3, 216.6, 106.2)
(5.5, 220.0, 104.8)
(3.1, 221.5, 103.2)
    
(15.0, 166.7, 82.1)
(16.7, 183.1, 89.0)
(15.3, 199.4, 95.1)
(15.3, 199.4, 95.1)
(13.7, 207.9, 97.5)
(13.4, 210.0, 97.9)
(13.0, 211.1, 98.1)
(11.5, 211.6, 97.4)
(9.4, 212.2, 96.6)
(7.5, 213.0, 95.7)
    
(9.4, 165.4, 91.7)
(12.0, 177.1, 95.3)
(13.4, 187.3, 99.8)
(13.4, 187.3, 99.8)
(12.7, 195.6, 103.5)
(11.7, 200.8, 105.4)
(12.4, 206.1, 107.6)
(11.2, 211.4, 109.1)
(8.4, 214.9, 108.8)
(6.1, 216.3, 106.8)
    
(21.2, 171.7, 91.6)
(21.4, 185.1, 97.0)
(21.2, 197.6, 103.4)
(21.2, 197.6, 103.4)
(18.6, 207.0, 108.0)
(18.3, 211.0, 108.6)
(19.6, 211.9, 107.7)
(19.8, 212.7, 107.0)
(19.0, 213.6, 106.4)
(17.9, 214.2, 106.0)
    
/n
