    
    
    
    
    
    
    
    
    
    
0.2801687
0.248074
0.2114765
0.189594
0.1703252
0.1505092
0.1251881
0
0.1028829
    
0.3492012
0.362874
0.3084126
0.261173
0.204524
0
0.1724918
0.1556984
0.1490382
    
0.2245118
0.2589375
0.2475916
0.2257858
0.1914529
0
0.1684755
0.1322478
0.1166512
    
0.3599007
0.3002291
0.2783167
0.2581174
0.2252773
0.173621
0
0.1328823
0.06928419
    
0.2644332
0.2197521
0.1919058
0.1665245
0.1492313
0
0.144582
0.1372364
0.130628
    
0.3082552
0.2684331
0.2018174
0.1795584
0.1729117
0
0.1786869
0.1707585
0.1582186
    
0.2431101
0.2386279
0.2430517
0.227713
0.2017672
0.1701882
0
0.1451841
0.1235265
    
0.2477099
0.2401246
0.2459206
0.2368459
0.2267808
0.2031264
0
0.1852145
0.1410532
    
0.3084994
0.2872184
0.2962813
0.291412
0.2699632
0.2215407
0
0.1881591
0.1436614
    
0.3165002
0.3105657
0.2943162
0.2515781
0.2196137
0
0.2063444
0.1893653
0.1815905
    
0.28318
0.2696077
0.2556578
0.2001124
0.1597641
0
0.136964
0.1160733
0.100937
    
0.340759
0.3161776
0.2800526
0
0.2383179
0.2029931
0.1691079
0.1534661
0.1470697
    
0.28474
0.2828695
0.2894056
0.2667463
0.2582612
0
0.2436202
0.2108847
0.1463871
    
0.3021168
0.2875364
0
0.2478277
0.4096251
0
0.1792985
0.1622096
0.1502476
    
0.2486287
0
0.2423609
0.2206255
0.2131854
0.2029695
0.1909743
0.1605589
0.1385041
    
0.225404
0.221014
0
0.2172689
0.2166598
0.2052451
0.1984722
0.1896709
0.1784464
    
0.3299918
0.2847998
0.2426196
0
0.2106973
0.1990882
0.1670762
0.1364615
0.1063935
    
0.2945554
0.2795638
0
0.2476686
0.1923353
0.1619954
0.1459921
0.1458894
0.1474719
    
0.3067018
0.3101737
0.2337427
0.1740666
0
0.1374147
0.1291635
0.1147708
0.1011142
    
0.2125189
0.1862948
0.16679
0.1436688
0.1358306
0
0.1302287
0.124934
0.1196752
    
0.2663673
0.2861768
0.2544802
0.2063863
0
0.1557299
0.1303272
0.1018622
0.08615711
    
0.3097011
0.296587
0.2770581
0.238272
0
0.2138245
0.1610338
0.1316665
0.1033667
    
0.3007036
0.283751
0.2317608
0.2020002
0
0.1682862
0.1388906
0.0907442
0.06520096
    
0.2353191
0.2616049
0.2514368
0
0.2173452
0.1855237
0.1565603
0.14199
0.1307398
    
0.2255483
0.2568303
0.2633194
0.2463671
0
0.197901
0.1542908
0.1244231
0.1264051
    
0.2676595
0.2618555
0.2190894
0.184633
0.1641944
0
0.1602932
0.1502935
0.1400931
    
0.2686865
0.278375
0
0.2659044
0.252764
0.2123387
0.1760821
0.1442114
0.1198013
    
0.2330296
0.251269
0.2670961
0.2888935
0.2801231
0.1966342
0
0.1347528
0.07132541
    
0.2492624
0.2919251
0.2767301
0.2384538
0
0.2105587
0.2009829
0.1724784
0.1465318
    
0.1738206
0.1925067
0.2131254
0.2395931
0.2228081
0.1787949
0
0.1268415
0.1023392
    
0.2383252
0.2500443
0.2613255
0.2656665
0.2056694
0
0.1531524
0.1256108
0.1166938
    
0.3067348
0.3307588
0.3112207
0.2874406
0.251478
0.2200841
0.1777786
0.1347275
0
    
0.2732525
0
0.2811809
0.2839555
0.2654068
0.2554063
0.2211529
0.1745541
0.09982283
    
0.3019564
0.2695881
0
0.2136714
0.1678407
0.143412
0.1551077
0.16158
0.157934
    
0.1731929
0
0.1661428
0.1762824
0.2014045
0.2223598
0.2541217
0.2394224
0
    
0.2990268
0
0.2901784
0.2892967
0.246983
0.2108071
0.1630701
0.1270654
0.08240878
    
0.2905478
0.3412756
0.3173136
0
0.2582424
0.1975394
0.169103
0.1422258
0.1306807
    
0.3190228
0.3368006
0
0.3170341
0.292213
0.2644939
0.2100808
0.1781845
0.1564074
    
0.2897196
0.3020394
0.3097871
0.2761105
0
0.2543069
0.2234707
0.2144632
0.1520929
    
0.2754392
0.2625141
0
0.2682235
0.2719744
0.2803374
0.2400945
0.1977495
0.1580418
    
0.285295
0.2621435
0.2279361
0
0.2106655
0.1974798
0.1944325
0.1699488
0.1521522
    
0.270152
0.2120375
0
0.1817583
0.1778914
0.1899126
0.194982
0.1974887
0.1815549
    
0.2643265
0.2447622
0
0.221711
0.1966075
0.176676
0.1497857
0.1451122
0.1389642
    
0.2547979
0.2787675
0.23863
0
0.2167975
0.1531757
0.134268
0.1152056
0.1037846
    
0.2350262
0.2514598
0.2357929
0
0.1946666
0.170395
0.1605712
0.1422052
0.1243466
    
0.2631398
0.2334133
0
0.2121033
0.2133346
0.2254406
0.2078291
0.1816633
0.1439021
    
0.2649319
0.2460416
0
0.2119549
0.1868673
0.1580525
0.1357482
0.1128141
0.09715319
    
0.2542828
0.2531838
0.2461469
0.2035164
0.1790455
0
0.1558348
0.138833
0.1203473
    
0.257255
0.2633083
0.2539054
0.2445578
0.1866819
0
0.1434684
0.09848432
0.07379833
    
0.2320859
0.2506668
0.2385355
0
0.2229144
0.1843456
0.1612016
0.145106
0.1117889
    
0.206605
0.219385
0.2355563
0.2006978
0.1574574
0
0.1256907
0.1204276
0.1148533
    
0.26092
0.2853958
0.2600399
0.2212201
0
0.1938832
0.1969565
0.1930882
0.1870293
    
0.2571117
0.2416505
0.2370064
0.2261692
0.224194
0.1898514
0.1442606
0
0.09530794
    
0.2451813
0.2876314
0.315098
0.2856576
0.244881
0
0.1949962
0.1684479
0.1350175
    
0.2322575
0.2343209
0.2364508
0.2289046
0.2052064
0.1787774
0.138415
0.1155469
0
    
0.2341269
0.2495914
0.2859132
0.315821
0.2409319
0.1645536
0
0.1173023
0.08635504
    
0.2804641
0
0.2513595
0.210895
0.1966519
0.1870751
0.1907199
0.1602839
0.1246166
    
0.2322813
0.2366236
0.2377939
0.2312112
0.2148279
0.1701963
0.1283426
0.1058525
0
    
0.2826141
0
0.2751779
0.219384
0.1864042
0.160328
0.1359714
0.1174198
0.09475291
    
0.2780567
0.2773289
0.2584037
0
0.2275841
0.1660292
0.140629
0.1214256
0.113699
    
0.2603096
0
0.2164782
0.1930439
0.170125
0.1618744
0.1515753
0.1405255
0.1151227
    
0.1940472
0.1898528
0.1867229
0
0.186511
0.1778622
0.1663438
0.154441
0.1526294
    
0.2604158
0.2805482
0.2365321
0.2045083
0.180963
0
0.1827023
0.1672463
0.1495985
    
0.247489
0.2694048
0.2650852
0.2457596
0.1805093
0
0.1465482
0.133777
0.1206018
    
0.2327161
0.2372299
0.2510853
0.2738543
0.244213
0.1945893
0
0.1573471
0.1044955
    
0.2695431
0.269616
0.2499408
0.2423206
0.215935
0.1113415
0.0596371
0
0.02939687
    
0
0.3059093
0.2749564
0.2201202
0.1734366
0.1414458
0.1079964
0.04969522
0.01845754
    
0
0.1954799
0.1785538
0.1773558
0.1760354
0.1683422
0.141762
0.1114965
0.06954804
    
0.333693
0.2803525
0
0.2155329
0.1812918
0.1374643
0.1150622
0.08724625
0.06035283
    
0.3241646
0.311384
0.286052
0.2415237
0
0.1805029
0.1155505
0.0518399
0.02969287
    
0.2555537
0.2760807
0.2581084
0.196543
0
0.1409475
0.1187153
0.09537269
0.07538203
    
0.2835006
0.2745755
0.2617633
0.2426309
0.1523481
0.08511252
0
0.04265662
0.02564039
    
0.2629018
0.2426242
0.2176508
0.1437589
0
0.09347305
0.06220379
0.03658155
0.02693081
    
0.2543859
0.2624648
0.2348676
0
0.1959222
0.1364584
0.09062563
0.05481649
0.03739145
    
0.2592798
0.274684
0.2592455
0.2209902
0
0.1570839
0.1123351
0.0682677
0.04547418
    
0.2366726
0.2634284
0.2459044
0.2126203
0.170475
0
0.1464627
0.1292118
0.1205643
    
0.3129218
0.3141979
0.279472
0.2165812
0.12103
0
0.07395497
0.05005886
0.02824218
    
0.2942849
0.2850448
0.2626055
0.2022831
0
0.1565507
0.1005107
0.06440821
0.03563461
    
0.2202186
0.2265089
0.2195456
0.2070396
0.1721613
0.1417993
0
0.123976
0.1021053
    
0.2566378
0.2840712
0.2787593
0.2509945
0.1949798
0.1509279
0.09344641
0
0.05920484
    
0.2985384
0.2425432
0
0.1885351
0.1512259
0.1389152
0.130836
0.1173921
0.09944479
    
0.2362854
0
0.2306006
0.2011408
0.1709175
0.1495449
0.1428007
0.1280505
0.1072212
    
0.2430959
0
0.2439795
0.2507548
0.2405759
0.2271575
0.1685817
0.1223616
0.08453993
    
0.270457
0
0.2134254
0.1673527
0.147432
0.1241855
0.105625
0.07900716
0.05767491
    
0.3263936
0.3145284
0
0.2503898
0.1984642
0.145444
0.1113138
0.06185556
0.03358372
    
0.2893091
0.268804
0.2436664
0
0.1742344
0.1307083
0.1072002
0.09706752
0.07660181
    
0.2576149
0.2662172
0.2371169
0.1904526
0
0.1324071
0.1119404
0.1028679
0.1032322
    
0.2823051
0.2596412
0.2368985
0.2021419
0.1702249
0.1382186
0.1271599
0
0.1172212
    
0.2640132
0.256625
0.2211243
0.1726812
0
0.145939
0.1258492
0.1157691
0.1029192
    
0.2938862
0.3047483
0.2984383
0.3039958
0.2113836
0.1353483
0
0.08456916
0.05457695
    
0.291956
0.263197
0
0.2334649
0.209102
0.1662785
0.1441113
0.1270725
0.1143373
    
0.2292645
0.2586011
0.2741977
0.2768601
0.2812696
0.1947992
0.1189891
0
0.07639415
    
0.1990836
0.2270327
0.2447275
0.2478657
0.2171769
0.1745677
0.1064183
0.06996331
0
    
0.279192
0.2751485
0
0.2164481
0.1730655
0.1352407
0.1041047
0.08618421
0.05993719
    
0.2201694
0
0.1974043
0.1568573
0.1436085
0.1356577
0.1262569
0.086357
0.061361
    
0.2389
0.1987793
0
0.1677299
0.1596861
0.1542136
0.1434876
0.1104585
0.07583486
    
/n
0.2840424
0.2442224
0.2069461
0
0.1569021
0.1400889
0.135239
0.1086456
0.08981244
    
0.2711665
0
0.2516037
0.1903889
0.1529664
0.1364511
0.1305807
0.1020868
0.09312491
    
0.1948189
0.1808223
0.175343
0.1740324
0.1784841
0.1643881
0.1435851
0.1202553
0
    
0
0.2667803
0.2139553
0.1827858
0.1747298
0.1512284
0.1333827
0.1090684
0.07772671
    
0.2339108
0.1901503
0.1700644
0.1610036
0.1627642
0.157681
0.1526152
0.1324294
0
    
0.2517003
0
0.2015198
0.1620875
0.1395799
0.1255012
0.109269
0.1003218
0.09189126
    
0.2137743
0.1828915
0.1487914
0.1380965
0.1261964
0.1111641
0.09431254
0.08248042
0
    
0.2225492
0.2178121
0.2129694
0
0.1586545
0.116411
0.09234874
0.077921
0.0581818
    
0.1905965
0.1884909
0.1816336
0.1746343
0.1754833
0.1468211
0.1215745
0.09908169
0
    
0.2521312
0.234765
0.2064808
0
0.1714931
0.1518618
0.1376794
0.1338055
0.1101967
    
0
0.196157
0.1814294
0.1743296
0.1675931
0.1609589
0.1347554
0.1146108
0.09459943
    
0
0.2101048
0.1921269
0.1830287
0.1790122
0.1506064
0.1297147
0.1082645
0.08664232
    
0
0.2533651
0.2099878
0.184771
0.1661872
0.1600022
0.1278157
0.1062302
0.0888639
    
0.2032264
0.1817245
0
0.1651564
0.1355188
0.1198827
0.1049559
0.09556874
0.08026425
    
0.2308319
0.2260264
0.1886285
0.1642202
0.1507501
0.1435512
0.1285376
0.1177069
0.1127186
    
0.2624339
0
0.2441172
0.1950031
0.1467274
0.1178907
0.1046155
0.07722794
0.07276429
    
0.1728468
0
0.1738502
0.1552344
0.1431847
0.1288405
0.11864
0.09883261
0.08668586
    
0.1760396
0.1775434
0.1860203
0.1881371
0.1826727
0.1553308
0.1289462
0
0.1036001
    
0.2524784
0.2413412
0
0.2284516
0.1854133
0.1631965
0.1406813
0.1274608
0.09772266
    
0.1998454
0
0.1806213
0.1575837
0.1531894
0.1472574
0.1477155
0.1325724
0.1179987
    
0.260216
0.2260414
0.1812688
0.1597973
0.1526068
0.15126
0.1338637
0.1160152
0.09736484
    
0.2347501
0.2077153
0
0.1642662
0.1227178
0.1097762
0.1078182
0.1101321
0.1015628
    
0.2229148
0.1935018
0.1540651
0
0.1326122
0.1139559
0.1074511
0.1028496
0.1035047
    
0.2169487
0
0.1955716
0.177474
0.1494769
0.1487141
0.1442087
0.1402975
0.1188804
    
0.2443935
0.2279736
0.2108535
0
0.1901805
0.1760458
0.1352129
0.1061137
0.08278289
    
0.2074975
0.1863203
0
0.1712631
0.1625371
0.1509429
0.1446848
0.1364106
0.1281743
    
0.2261642
0.21584
0.18018
0
0.155594
0.1355624
0.1317401
0.1206878
0.1115652
    
0.2131962
0.1985209
0.1854068
0
0.1652037
0.1570987
0.1427202
0.1280797
0.1021493
    
0.2315276
0.2254561
0.206899
0.1933395
0
0.1555233
0.1229965
0.08256844
0.05996772
    
0.2238489
0.2102567
0.2222445
0.1454211
0
0.1340294
0.1050272
0.08808687
0.08257854
    
0.1826102
0.1546319
0.1387338
0
0.1318376
0.1260295
0.1210819
0.1200826
0.1139136
    
0.2037811
0.2080377
0.2013381
0.1854014
0
0.13084
0.09916105
0.08426102
0.08164638
    
0.238654
0.2209058
0.1891121
0.171637
0.1520197
0.1380124
0
0.09150852
0.06015538
    
0.1979301
0.1944629
0.1823922
0.1660696
0.1377248
0.1201975
0
0.1067425
0.1040542
    
0.1964269
0.1828613
0.180677
0.1727549
0.1707354
0.1575752
0.1362487
0
0.07260774
    
0.2322319
0
0.2244334
0.1997036
0.1882905
0.1734118
0.1567488
0.1323084
0.1004099
    
0.2237282
0.1898226
0.1705938
0.1523601
0.1469458
0.1198831
0.09032959
0.06606677
0.05345232
    
0.1994179
0.2018082
0.2014945
0.1852057
0.1696657
0.1519019
0.135877
0
0.09562761
    
0.254245
0
0.2554184
0.2056832
0.1798765
0.1622873
0.1496693
0.123877
0.1036412
    
0.2175159
0.2283655
0.2251915
0.2245157
0.2170249
0.2052455
0.1602699
0
0.1034749
    
0.2580363
0.2347684
0
0.1923635
0.1308959
0.1020603
0.09152061
0.08857865
0.07995579
    
0.2003798
0
0.1645837
0.155421
0.1555348
0.160696
0.1413874
0.1453093
0.08090556
    
0.2818492
0
0.2607485
0.1836967
0.1369395
0.1190905
0.1063704
0.09169722
0.08289481
    
0.2417906
0.2335534
0.2036958
0
0.1749125
0.137274
0.1224032
0.1078096
0.09792241
    
0.2433928
0.2298233
0.2109545
0.1871225
0.1644804
0
0.1183594
0.08450067
0.06514279
    
0.2299638
0.2198874
0.2038804
0.1697968
0.1504427
0
0.1266041
0.1091556
0.1006575
    
0.1936163
0.1910682
0.1955645
0.1831994
0.1670315
0.1245773
0
0.07146093
0.03700769
    
0.2289229
0.2154534
0.201623
0.1997564
0.1872293
0.1619159
0.1319365
0
0.09204365
    
0.2367387
0.242044
0.22642
0.2150536
0.187788
0
0.163706
0.1191601
0.09139002
    
0.2349292
0.237661
0.2179503
0.1990481
0.1710962
0.1308919
0
0.1050766
0.08069408
    
0.2395546
0.2103692
0.1961913
0.1851944
0.1929136
0.1638156
0.1229554
0
0.08318897
    
0.31759
0
0.2539442
0.1943369
0.1498585
0.1347979
0.1144613
0.1020446
0.08803038
    
0.2080882
0
0.1964438
0.1776893
0.1712585
0.157183
0.1590786
0.1450612
0.1313705
    
0.3119255
0.2968553
0.2822623
0.2323384
0
0.1940198
0.1244977
0.08855776
0.06247646
    
0.2545331
0.2213458
0.1884172
0
0.1727879
0.1515352
0.1386427
0.121965
0.1033042
    
0.2079145
0.2030104
0
0.1986783
0.1699692
0.1356211
0.108489
0.09491255
0.08536786
    
0.2266066
0.2212175
0.2000921
0
0.1775342
0.1447987
0.1331937
0.1230838
0.1215954
    
0.246404
0.2535999
0.240007
0.2259847
0.1852777
0
0.1352391
0.0855405
0.06485715
    
0.2516867
0.2234043
0.1992622
0.1567962
0.1309112
0.1096983
0
0.1005067
0.08713642
    
0.2060299
0.191158
0.1825686
0.1851011
0.1628641
0.1326662
0.09017211
0
0.06469776
    
0.2691665
0.2443044
0.244881
0.2197355
0.1655005
0.12028
0
0.09303921
0.07874755
    
0.2350114
0.2017169
0.1865424
0.1720273
0.1525406
0.1103827
0.0877637
0
0.07468265
    
0.218714
0.204994
0.19199
0.1786296
0.1299432
0.1134062
0
0.08485896
0.07590265
    
0.2252706
0.2115379
0.2014714
0.1939045
0.1879703
0.1630508
0.1386484
0
0.1103063
    
0.2121679
0.2096803
0.2001634
0.1922037
0.1554172
0.1286457
0
0.1146903
0.09731632
    
0.2093019
0.2157983
0.2205001
0.2198144
0.2157615
0.1640088
0.1219852
0
0.09049331
    
0.2671227
0.2636206
0.2422954
0.2270077
0.193177
0.1366219
0.06823181
0.04406213
0
    
0.2528607
0
0.206919
0.1758537
0.1439927
0.1274802
0.1119939
0.09832527
0.07545757
    
0.2476148
0.2632329
0.2518819
0.2299517
0.1972608
0.1628507
0.1066774
0.07747325
0
    
0.2364298
0
0.2142176
0.180241
0.1360903
0.1163413
0.1046518
0.0971209
0.08747293
    
0.1977374
0.1741725
0
0.1612748
0.1559583
0.15115
0.130027
0.1262971
0.1107961
    
0.2522867
0.2110529
0
0.1726727
0.1440112
0.1087951
0.0926616
0.07840263
0.06090097
    
0.2140579
0.173574
0.1474441
0.1667734
0.1832232
0.1868247
0.1590984
0.1418074
0
    
0.2109165
0.1915718
0.1830794
0
0.1731561
0.1744673
0.1554266
0.1386193
0.1113055
    
0.2420441
0.220829
0
0.2083286
0.2070218
0.1777462
0.1481743
0.1099824
0.08512161
    
0.2600653
0.2474198
0.2447675
0.1759573
0.1496607
0
0.1013887
0.07543371
0.04839006
    
0.251613
0.2483476
0.2301497
0.2063708
0.1373875
0
0.09505485
0.06729898
0.05384647
    
0.237519
0.2341926
0.2152125
0.1795186
0.1202115
0
0.08877981
0.06923489
0.05825144
    
0.2165062
0.220649
0.2130899
0.2047934
0.1651848
0
0.1247995
0.09502112
0.07487515
    
0.2425666
0.2419794
0.2326485
0.1875318
0
0.1538982
0.1301908
0.1178026
0.101805
    
0.2607971
0.2543117
0.2372154
0.209151
0.184296
0.1444226
0
0.1144987
0.08636885
    
0.2629638
0
0.2625824
0.2623935
0.2034488
0.1477832
0.09671998
0.07043166
0.04269309
    
0.2853853
0.232209
0
0.1940751
0.176831
0.1659447
0.1282091
0.09841885
0.07492156
    
0.2279796
0
0.1958592
0.1641061
0.1482877
0.1281126
0.1176538
0.1099379
0.1038903
    
0.2227908
0
0.1767613
0.1422879
0.1178894
0.08748139
0.06804269
0.05037229
0.04176446
    
0.2633075
0.2122917
0
0.1658502
0.1239186
0.1049828
0.09770625
0.08328183
0.0702277
    
0.2132566
0.1785159
0.1421691
0.1117182
0.1010571
0
0.09478121
0.09231126
0.0900621
    
0.2436569
0.2511871
0.2476244
0.1840304
0
0.1343082
0.0994447
0.08217639
0.06495208
    
0.2465859
0.2577806
0.2490302
0.2105205
0.139301
0
0.1046712
0.07930543
0.06328982
    
0.2059374
0.2021155
0
0.1806234
0.1627361
0.1457756
0.135762
0.1115008
0.09136391
    
0.2876989
0.2800153
0
0.1957741
0.1283197
0.09710644
0.081832
0.06950387
0.06412891
    
0.233993
0.2143539
0
0.191672
0.1610013
0.1526384
0.1442663
0.1292326
0.1071314
    
0.2456699
0.2256575
0
0.1954
0.1374756
0.09777798
0.08544496
0.07150067
0.06204392
    
/n
